Feature_0,Feature_1,TrueLabel,PredictedLabel,silhouette_score,calinski_harabasz_score,davies_bouldin_score,adjusted_rand_index,jaccard_index,fowlkes_mallows_index,normalized_mutual_info_score,adjusted_mutual_info_score,homogeneity_score,completeness_score,v_measure_score,purity_score,iCH,icSIL,iDB,iGD43,iGD53,iWB,iPS,irCIP,iXB,Iteration
1.1767597533044822,-0.0287297815385507,3.0,4.0,,,,1.0,0.0,0.0,1.0,1.0,1.0,1.0,1.0,1.0,0.0,0.0,0.0,0.0,0.0,0.0,0.0,0.0,0.0,1
1.983764146997174,0.1729742412158864,3.0,4.0,,,,1.0,0.0,1.0,1.0,1.0,1.0,1.0,1.0,1.0,0.0,0.0,0.0,0.0,0.0,0.0,0.0,0.0,0.0,2
-0.9760486839741817,1.592353527692354,6.0,2.0,0.47930747925446626,17.04544619962778,0.13984121399068047,1.0,0.0,1.0,1.0,1.0,1.0,1.0,1.0,1.0,5.681815399875926,0.3294468608481682,0.006518521710129093,2.8655576592854364,0.1111111111111111,0.039111130260774556,0.48778957407417717,0.0,0.004345681140086062,3
0.5411622357404036,0.9859467226965668,1.0,3.0,0.2007276029799365,8.740244247374045,0.24699220801548338,1.0,0.0,1.0,1.0,1.0,1.0,1.0,1.0,1.0,6.446422611750457,0.4920112379777173,0.021575345927750685,3.1490837089288766,0.08333333333333333,0.07223832716599635,0.6854809785054059,0.0,0.01455187901828074,4
-0.8980565049647248,2.0438968947607905,6.0,2.0,0.4531851784441675,20.900636278417217,0.2705614786633115,1.0,0.0,1.0,1.0,1.0,1.0,1.0,1.0,1.0,9.337265345083809,0.5883337393319024,0.030907363643489987,3.3191993387149403,0.08689713067327028,0.08649792174188983,0.8975720906881257,2.2317210369125522e-20,0.021061945929879082,5
-1.5666790225940832,-0.0447125143998405,4.0,1.0,0.37765431537013955,19.7601073430889,0.2359395619134979,1.0,0.0,1.0,1.0,1.0,1.0,1.0,1.0,1.0,11.074405678084657,0.6536477508701656,0.035012377838192256,3.432609758572316,0.07241427556105856,0.09457360702258148,1.0461796378337158,3.7195350615209204e-20,0.02409359571604819,6
0.9189099352797088,-0.0803411505032654,3.0,0.0,0.14559754538409514,16.26327054444224,0.37376307887366506,0.6181818181818182,0.0,0.7071067811865476,0.9035000824425833,0.7015638359221494,1.0,0.823985545256799,0.9035000824425832,1.0,11.81567208756431,0.7000136548735586,0.055235952105454844,3.222483301400243,0.06206937905233591,0.10302318002995914,1.0459080704470076,2.0444632165219e-16,0.040631205049300755,7
-0.6383187491672947,-1.3096273800343845,5.0,5.0,0.12739785221108324,16.536175704374926,0.3379908773179184,0.631578947368421,0.14285714285714285,0.7071067811865476,0.9260335835386858,0.7133917185877169,1.0,0.8622556248918265,0.9260335835386859,1.0,12.405735039665638,0.735242060399147,0.06725248525737111,3.0648884585211884,0.05431070667079392,0.10828732488009599,1.0298711174521888,3.577531663783711e-16,0.05084914859535243,8
-0.1981266913412555,1.6217143880800555,6.0,2.0,0.11136673518517386,13.9936680898168,0.36210060079154566,0.7692307692307693,0.14285714285714285,0.816496580927726,0.932468295705377,0.7982844235398985,1.0,0.8734806581894542,0.932468295705377,1.0,12.58217204523799,0.7615293147177395,0.07804505015973917,2.9423146918374794,0.048276183707372376,0.12483975657764503,0.9030601179188251,0.00029031458027246887,0.06773092710410084,9
-0.5733746050508256,0.0745885549359512,4.0,1.0,0.16427261270466695,11.719664456672284,0.4825741124267058,0.8085106382978723,0.14285714285714285,0.8451542547285166,0.9403366937061176,0.8397860618135136,1.0,0.8873919556532504,0.9403366937061176,1.0,12.49592128638142,0.7804103843540637,0.09078702929505125,2.783702695679378,0.04344856533663514,0.1533125849115447,0.8392843715369503,0.000522566286118119,0.09007278205609699,10
-1.0753144852852663,1.4140020750763094,6.0,2.0,0.20851525980090882,13.79105797981347,0.49167019701704034,0.8674698795180723,0.14285714285714285,0.8944271909999159,0.9441794951111231,0.870252049572517,1.0,0.8942613737270578,0.9441794951111229,1.0,12.613660985784334,0.7958698330036413,0.10179443366032176,2.6539292442772955,0.0394986957605774,0.17892639705863178,0.7373068678924792,0.0004871948208655112,0.10947961794399551,11
2.0161150507265666,0.0826186248061822,3.0,4.0,0.2668403011166322,18.376651155611654,0.43380132057606446,0.8426073131955485,0.14285714285714285,0.8770580193070292,0.9390980490344262,0.871840782368609,1.0,0.8851883514585975,0.9390980490344261,1.0,13.093910166603278,-inf,0.10684256196183683,2.5695764711465006,0.03620713778052928,0.19666599129335394,0.6809884284010409,0.13675958778365807,0.11748402978425822,12
-1.3091729221956971,-1.4880737225975345,5.0,5.0,0.3309923464765736,22.62100740756092,0.48453912444634145,0.8574908647990256,0.14285714285714285,0.8864052604279183,0.9454204328794243,0.8888669610150519,1.0,0.8964903762177004,0.9454204328794243,1.0,13.826763800523095,-inf,0.1122659321228754,2.498201047728135,0.033421973335873184,0.21010216482937108,0.6434596840691754,0.2520669972137133,0.12515302316372964,13
2.014883346061919,0.0952116801932871,3.0,4.0,0.37658029352627287,28.242700568333166,0.4511735515883935,0.8488372093023255,0.14285714285714285,0.8819171036881969,0.9427007518430317,0.8915223596085099,1.0,0.8916120516365645,0.9427007518430316,1.0,14.856473569652385,-inf,0.11535064544061115,2.447297754714481,0.031034689526167954,0.21937421286856332,0.6324075074898212,0.30031949594720814,0.1287937736707919,14
1.12865538071657,1.311712655235223,1.0,3.0,0.42721061056754017,29.813117179968803,0.49910984074769216,0.86,0.14285714285714285,0.8885233166386386,0.9481351716249309,0.9033517850894531,1.0,0.901384993630426,0.9481351716249308,1.0,15.85358314367348,-inf,0.1184875121231199,2.403181567435981,0.03898508756417393,0.2288997087764478,0.6426676082402781,0.3421341356070617,0.13242226126944254,15
0.7026963372363789,-1.6743918825645223,1.0,0.0,0.45700981876028623,22.629049764974564,0.6622848522885364,0.7770700636942676,0.14285714285714285,0.8183170883849714,0.8894099851189862,0.7993406714421273,0.9438761468155461,0.840886800584993,0.8894099851189862,0.9375,16.2770498075048,-inf,0.1276446442015013,2.319423318106395,0.04218300828178377,0.24773671577006987,0.6995549893441723,0.325555106000527,0.13134839073223648,16
-0.5874147121366562,1.2199677431272546,6.0,2.0,0.46233697763375464,24.305263189300547,0.6681394236651969,0.8140625,0.14285714285714285,0.84970583144992,0.8946399345439938,0.8177888714475475,0.9466847225610091,0.8480193578495585,0.8946399345439938,0.9411764705882353,16.749297653492786,-inf,0.13589225201104335,2.2455189804626428,0.04500470303261599,0.2651105705497444,0.7155275192883064,0.3109596758603682,0.13035402172327923,17
1.651046576729112,0.3205573953062489,1.0,4.0,0.47101067435084054,27.378530321835697,0.6638311565232428,0.6760435571687841,0.14285714285714285,0.7329409123199365,0.8181224850590781,0.6972195323748172,0.8591935413539725,0.7807988418460349,0.8181224850590781,0.8888888888888888,17.339810579511834,-inf,0.142940651717812,2.1801495551139123,0.04751287614446685,0.27960218155867517,0.7407303025759401,0.29756853064642474,0.12915392085558036,18
-0.7432842462628303,1.9653652944375235,6.0,2.0,0.48665937484206667,30.89456817531355,0.6594325640589793,0.7244475138121547,0.14285714285714285,0.7758098206022831,0.825431756772874,0.7195569819853155,0.8651243654188365,0.7892216274045575,0.8254317567728741,0.8947368421052632,18.053218874027714,-inf,0.14910949423016603,2.1216611219071537,0.04975703103401762,0.291462231554253,0.7402646963109738,0.28556408845299147,0.12795964955273703,19
0.4066447063036891,0.7075303879789386,1.0,3.0,0.4919350183852744,31.143068563739575,0.6692209191658974,0.7139092791266705,0.14285714285714285,0.7677001739647404,0.8258006059978499,0.7274124413103836,0.8716608583598806,0.7845247990989963,0.8258006059978499,0.9,18.707711358513308,-inf,0.15501458639150206,2.069138726212641,0.05190670159382053,0.3038614139327636,0.7503730698692568,0.2745087155596536,0.1269246256387912,20
-1.1833778353203446,1.3345772462099972,6.0,2.0,0.4958877628437939,33.08858721878293,0.6728877237578406,0.7532677338816273,0.14285714285714285,0.8022595369022403,0.8318449547411225,0.7439209601165989,0.8763522134439861,0.7916399726334608,0.8318449547411225,0.9047619047619048,19.3925149709071,-inf,0.16047441243843194,2.0216184634414147,0.05385164162411839,0.3152963091791663,0.7445373650601506,0.2645026952808941,0.126034347106538,21
0.3883680370059655,-0.3515202483865312,2.0,0.0,0.49994875740257777,33.30138105333875,0.6477613232617366,0.733256351039261,0.14285714285714285,0.7814180648088069,0.8199452751051515,0.7161393332367144,0.8367474282053355,0.8038046239375682,0.8199452751051517,0.8636363636363636,20.024736156472176,-inf,0.16468296218278497,1.9885174868136097,0.05652680499903804,0.3271715980876437,0.7490760502277282,0.2567148320678854,0.12539213190444345,22
1.4784069298625715,0.6846405685847801,1.0,3.0,0.4600058438205538,32.51333548963392,0.6648675735409104,0.7299605080584908,0.14285714285714285,0.7795119555779044,0.8217338575020813,0.7256318925611343,0.842981659020366,0.8015308457994065,0.8217338575020813,0.8695652173913043,20.56771873617486,-inf,0.16892070436828624,1.9504494831329315,0.05896934547179077,0.34022652238345846,0.7488560956768879,0.24989453777486334,0.12695123510043302,23
-0.3146202368492784,-0.9899399420562106,5.0,5.0,0.4476340651681638,33.16982703771852,0.6959145352383763,0.7437801708132195,0.14285714285714285,0.7888426505157586,0.8317180091475368,0.7441763390704322,0.8519901312727539,0.8123881699970988,0.8317180091475368,0.875,21.09280658207251,-inf,0.173923193405953,1.9155538130923102,0.06255526961909823,0.35318351022963035,0.7559196771151898,0.24411709316405394,0.12859631477327302,24
1.76000930258529,-0.3911534799116076,3.0,4.0,0.4499469785651957,35.46783302559597,0.714616215208047,0.7442851607903913,0.14285714285714285,0.7897769817426551,0.8329256918124427,0.7513540602537168,0.852480811098256,0.8142476067793671,0.8329256918124427,0.88,21.66780763981345,-inf,0.17902262851208256,1.885654445623901,0.06605858799109278,0.36476960992099594,0.769739114224835,0.23875892056359072,0.12948743599283477,25
0.5583189430544236,-0.4084579409994056,2.0,0.0,0.4635580997568949,37.276272665344464,0.6713595858664588,0.7335701598579041,0.14285714285714285,0.7783117824941562,0.832311059854051,0.7514565059652374,0.8423181651547287,0.8225389403269274,0.832311059854051,0.8846153846153846,22.26813321771849,-inf,0.1825418483077406,1.8703773356861761,0.07087627217457006,0.3755031324880047,0.788648850049906,0.23325515572678507,0.13015760261001993,26
-1.3582687169317698,-0.0385990433400834,4.0,1.0,0.4825383557836322,40.588459573696,0.6367537903952485,0.7450980392156863,0.14285714285714285,0.7862158588810495,0.8408654105341945,0.7659809275649052,0.8504537448724347,0.8314908707476494,0.8408654105341945,0.8888888888888888,22.946663823495435,-inf,0.18535935040081336,1.856231863521616,0.07505724088314415,0.38459065108028406,0.8108273846694837,0.22774027019061371,0.1306274135259074,27
1.1602446400922182,-0.8438212442747753,2.0,0.0,0.4753669081125914,42.189746441051135,0.645720011971655,0.7389225374561683,0.14285714285714285,0.779773029163932,0.8416749363649868,0.7697584297033302,0.8456315440961748,0.8377551811833661,0.8416749363649868,0.8928571428571429,23.633916774122422,-inf,0.1877821641807186,1.8476847201921474,0.07950599098640078,0.39320328702484586,0.8340701970792898,0.2223573120177967,0.13108911749128932,28
-0.881617420978541,1.7229169455918365,6.0,2.0,0.4894305511644224,46.32016074705715,0.6418565756308782,0.7648054899514282,0.14285714285714285,0.8031224940992057,0.8459167543156642,0.7795005321333422,0.8497862759596368,0.8420823128475544,0.8459167543156642,0.896551724137931,24.416201049051207,-inf,0.18998323251382723,1.839727035023332,0.08347705938309705,0.40019120314316536,0.842596347560583,0.21732459681020552,0.13136220461315218,29
0.7012523539801715,-1.3342587052359356,2.0,0.0,0.4907140871595362,47.51602237784198,0.6384787424409875,0.7616438356164383,0.14285714285714285,0.7999999999999999,0.8472106604427185,0.7841178654354608,0.8472106604427186,0.8472106604427185,0.8472106604427186,0.9,25.18619509334423,-inf,0.19168823052754586,1.8327033250586595,0.08723196451625856,0.40705520770863496,0.8550784381831043,0.2120978505696302,0.13172657034579693,30
-0.5590187582617477,-0.1631685061732552,4.0,1.0,0.488547824919676,47.71153206735914,0.6658874397304676,0.7725048923679061,0.14285714285714285,0.8082191780821917,0.8533537113152305,0.7948069564439906,0.8533537113152305,0.8533537113152305,0.8533537113152305,0.9032258064516129,25.912818866699553,-inf,0.19375210669265522,1.8261327576723532,0.09074461770534514,0.414207581735005,0.8701619439585931,0.2072688427514105,0.13211826053339337,31
0.7710686089947412,1.0584509006254212,1.0,3.0,0.5000327321332663,50.12374587646951,0.6532559532919708,0.771814138935746,0.14285714285714285,0.8077586942709505,0.8546862431123619,0.7991618012786688,0.8575254673542566,0.8518657578874781,0.8546862431123619,0.90625,26.66941033575487,-inf,0.19546884747282123,1.8201077259746863,0.09403773007011382,0.4207154530608115,0.8894179804503696,0.20247812225043244,0.13233822997635367,32
0.5500430161855605,-1.2815691351594758,2.0,0.0,0.5020826317426534,51.98545413074465,0.6389343899235761,0.7712738594828753,0.14285714285714285,0.8072289156626506,0.8560152998143717,0.8032555079219773,0.8560152998143717,0.8560152998143717,0.8560152998143719,0.9090909090909091,27.436563178027285,-inf,0.19669644329101824,1.8171341469898292,0.09745382038490356,0.42685290187913205,0.9118714964987878,0.19773012084518254,0.13256126875021018,33
-0.9184682460225472,-0.4154456302271392,5.0,1.0,0.5002775037380888,54.22235657505058,0.6415059468410944,0.733472206994847,0.10714285714285714,0.7745794143787735,0.8213293109198283,0.7579410990071653,0.8195927235672535,0.8230732730061725,0.8213293109198284,0.8823529411764706,28.224380630880916,-inf,0.19799750152943305,1.8112143008126949,0.10066896421058802,0.43252401052139994,0.9350315670477441,0.19323135573099143,0.13326610907909187,34
0.7179989091012393,0.9804677836278138,1.0,3.0,0.5115055585212002,56.66511978796438,0.6329880053238482,0.7375837698869443,0.10714285714285714,0.778389750115939,0.8236969931140266,0.7636339528582293,0.8240876334242951,0.823306722976889,0.8236969931140266,0.8857142857142857,29.036973178226155,-inf,0.19910298863483028,1.805632731559968,0.10370038553194766,0.4377128791240364,0.9612398126478737,0.1888904759097664,0.13381413085172172,35
-0.4072949751053031,-0.4246854173803779,5.0,1.0,0.5008061799631423,56.14778027961164,0.6532891774102388,0.7075491769985107,0.08571428571428572,0.7525773195876289,0.8099529218666498,0.7475039235232463,0.8090372160413638,0.8108707029173762,0.8099529218666497,0.8611111111111112,29.790051153264642,-inf,0.20072653871985344,1.79779177413693,0.1065633945576762,0.44336433111005724,0.9886304611274134,0.1848893692607073,0.1349616908496455,36
-1.56053714041472,-0.7192971990736243,4.0,1.0,0.4848013566823946,55.94058686754116,0.687112119327948,0.7105807505779693,0.08571428571428572,0.754938242809701,0.8126951855802338,0.7532952368197425,0.8095157596796658,0.8158996847625918,0.8126951855802339,0.8648648648648649,30.49682238878563,-inf,0.20316677455372842,1.7881174011420367,0.10927164633877076,0.4493542474566892,1.0148506423673689,0.18110317831288705,0.13689703896629787,37
1.191394781283856,0.3750850775765236,3.0,0.0,0.4483104797764867,48.54481432125539,0.7473501084605187,0.6676019874274287,0.08571428571428572,0.7189627192516639,0.7941331509400442,0.7312426027482544,0.7902603473173507,0.7980441001514367,0.7941331509400442,0.8421052631578947,30.971769544903257,-inf,0.20713810349552192,1.7681163993825937,0.11028127889429096,0.4583454953672688,1.040826510587806,0.17870258532512318,0.1395570796455651,38
-0.8140844349108163,1.6686194928894706,6.0,2.0,0.46000662973018375,52.06809085206082,0.7439159569491318,0.6893679602509741,0.08571428571428572,0.7382586214793915,0.7986827891984843,0.7393250698460027,0.7948734664317266,0.8025287991038453,0.7986827891984845,0.8461538461538461,31.512700860471398,-inf,0.21088120184543613,1.749141090021071,0.11099119757173266,0.46609413848797904,1.0547275291933522,0.1764204909542595,0.14192583699803732,39
-1.3609240974567394,-1.1210170287103154,5.0,1.0,0.4338678281418735,51.72338759189764,0.7908455338289224,0.6659217877094972,0.07142857142857142,0.7185169912163989,0.7903727403985753,0.7306579586576879,0.7849705245752869,0.7958498282644383,0.7903727403985753,0.825,32.017968028757046,-inf,0.2158149469418162,1.7288163780454298,0.11166562031530228,0.4741620710992266,1.0671697490480851,0.17474550881251516,0.1457416462817735,40
-1.3226917714514204,0.8343448109409115,6.0,2.0,0.42356199505621295,50.53690031426788,0.7995588313798786,0.6875552217706309,0.07142857142857142,0.7377759261017224,0.7946165860860095,0.7379791394492995,0.7892945806516074,0.8000108484914823,0.7946165860860095,0.8292682926829268,32.469649304013416,-inf,0.22062477264515495,1.7094831154344543,0.11272103828090842,0.48286728648079347,1.071341220611109,0.17316319790333926,0.14971460134679151,41
-0.4960630488258696,1.1555947268672286,6.0,2.0,0.4251300938580559,51.366894730863926,0.8026434511869995,0.7082516905579209,0.07142857142857142,0.7563017956313074,0.7984831091388794,0.7445781479210267,0.7932352246214437,0.8038008939973657,0.7984831091388794,0.8333333333333334,32.919583718938426,-inf,0.22523170944412824,1.6910704843763824,0.11372619824815236,0.4913944605083976,1.0688863884357,0.1716771684538418,0.1534877420118483,42
-0.2663546791818612,0.912132577712942,6.0,2.0,0.41584360303704115,50.07881531065485,0.8084319085834082,0.7278160015726362,0.07142857142857142,0.7738744862250644,0.8020278542695001,0.750562802597291,0.7968487955498598,0.8072746752085954,0.8020278542695,0.8372093023255814,33.3186356164202,-inf,0.22969314073235775,1.673514254762872,0.11468460658901286,0.5005853438235618,1.0614476094693992,0.17034418656125408,0.1572904058947115,43
1.4308056398554403,-0.1191350788269095,3.0,4.0,0.4154798667045952,52.10633211496309,0.8229511732926338,0.7278502760973973,0.07142857142857142,0.7736461118402074,0.8036457823113606,0.7542040418961136,0.7993277235674154,0.808010747733655,0.8036457823113606,0.8409090909090909,33.745628718659816,-inf,0.234222072821995,1.6567560355863393,0.11553398918776438,0.5090978033160033,1.055235415491423,0.16928483384006696,0.1608247576151693,44
-1.4896670849642453,-0.3695054233986346,4.0,1.0,0.41875632215503283,54.30930842798404,0.8119868612170666,0.7279562091934314,0.07142857142857142,0.7735869059134879,0.8055669774573029,0.7580610949536286,0.799120570803812,0.8121182346549934,0.8055669774573028,0.8444444444444444,34.20259937886702,-inf,0.238237980070047,1.6410679221094149,0.1163456214487936,0.5169340905766944,1.0511039863807452,0.16807463490640198,0.16393623037405297,45
2.0694827831061606,-0.0352486435030142,3.0,4.0,0.4294913136977241,57.73726484047661,0.8022510118463599,0.7293391893251081,0.07142857142857142,0.7746829608553244,0.8072275804273649,0.7615400076269899,0.8015324456664119,0.8130042257169168,0.8072275804273648,0.8478260869565217,34.71422254107593,-inf,0.24189818042199973,1.6260619005227914,0.11705428491370545,0.5237692660600783,1.0496665280941402,0.16671091737676577,0.16682615710039164,46
-0.90868481353109,-0.4947220356710672,4.0,1.0,0.4312271946680397,59.8907787556941,0.7935247097266004,0.7306818076962116,0.07142857142857142,0.7758644224125771,0.8091019699660851,0.7651622943317733,0.8016623407591936,0.8166809759042912,0.8091019699660851,0.851063829787234,35.24989394989759,-inf,0.24531072995024372,1.6112964376747836,0.11773279248649339,0.5301038649209089,1.0496896992612121,0.16536933499187578,0.16973256071891382,47
-1.2085788975854876,-1.230909627009423,5.0,5.0,0.4297800161209023,62.87573756809767,0.8109415662728393,0.728448275862069,0.08163265306122448,0.7730746256990304,0.8106338277021296,0.76790797912854,0.8063441859820457,0.8149693541471821,0.8106338277021296,0.8541666666666666,35.825432358610094,-inf,0.24881226727935987,1.5963363197988407,0.11838302891041515,0.5357596396964174,1.0498040574163892,0.16417732160942133,0.17301901444767875,48
1.5117040386320006,-0.4754980448716986,3.0,4.0,0.42671178440489016,64.5657928809289,0.8309933016356849,0.7309278350515463,0.08163265306122448,0.7752585056704518,0.8122511866701206,0.7710609173325744,0.8085607849168486,0.8159754300589789,0.8122511866701206,0.8571428571428571,36.411970328453336,-inf,0.25252219153773786,1.5819868189790596,0.11916283060409831,0.5411356632906177,1.050849321357246,0.16312595792823267,0.17617065152590608,49
1.4638446288822906,-0.1811149382352826,3.0,4.0,0.4294341101263833,66.9494553123947,0.8370048276159586,0.7342989347857521,0.08163265306122448,0.7783629004241558,0.8138482699318779,0.7740804551544317,0.8106821099331435,0.8170392580944111,0.8138482699318779,0.86,37.02272002813216,-inf,0.2562237008018778,1.56821129819207,0.1198186769705295,0.5460860432497251,1.0529991705730044,0.16220945581509025,0.1791059671185565,50
-0.2749009206315493,1.6926494813886814,6.0,2.0,0.43030218832203304,68.40019912458318,0.8365591441644082,0.7482492628475147,0.08163265306122448,0.7907318874632496,0.8167844723762969,0.7785451102404085,0.8136568181272898,0.8199362644886585,0.8167844723762968,0.8627450980392157,37.637964716297866,-inf,0.25977012583599346,1.5549759939065306,0.12044880387161044,0.5508583048706854,1.0500836262012145,0.16133314828521003,0.1819393440814823,51
-1.012345358927139,-0.3094542070230318,5.0,1.0,0.43554922204938024,70.85589052522204,0.8171637684323801,0.7282577377739722,0.07142857142857142,0.7741441461322233,0.8100181605548046,0.7713952229093275,0.8054798776256972,0.8146078729815956,0.8100181605548045,0.8461538461538461,38.276770981854106,-inf,0.26292641448050735,1.5423323288838695,0.12105469512264981,0.555246530295375,1.0489128979974298,0.16036795606167964,0.18448872740673775,52
-0.6330390862549724,-1.1678328139039904,5.0,5.0,0.4388259557675288,73.66959320208888,0.8032072516384776,0.7255323750014226,0.07936507936507937,0.7712583037836032,0.8109683595913115,0.7733903101829952,0.8093047698818261,0.8126388026678354,0.8109683595913115,0.8490566037735849,38.9445600803491,-inf,0.2657771253141025,1.5300650431149143,0.12156385193195893,0.5592150947374345,1.0495265481814435,0.15939328879140335,0.18692160777511527,53
0.7598582764213362,1.085088905315902,1.0,3.0,0.4470002997352531,76.04872045533843,0.7981921460896436,0.7289959805238594,0.07936507936507937,0.7737860844748538,0.8134989116265677,0.777364193065369,0.8130194994314874,0.81397888954402,0.8134989116265676,0.8518518518518519,39.63167416136742,-inf,0.2684713469562896,1.5182521012633279,0.12198276452448752,0.5628853558191078,1.0515755197316765,0.15840565589314023,0.18916533320921125,54
0.5030073170558922,1.0957118834728554,1.0,3.0,0.45048866331204346,77.68152263809739,0.7957342286623702,0.7331624368411075,0.07936507936507937,0.7770977394259639,0.8158839371875937,0.7811045244925606,0.8164153262367208,0.8153532394303619,0.8158839371875938,0.8545454545454545,40.32348958821705,-inf,0.2710604566798568,1.5068687209336173,0.1223465103150476,0.5664135631543818,1.0550661612588892,0.15741781229850565,0.1912684764391799,55
1.37487985164076,1.2596575847641198,1.0,3.0,0.45133665492754976,78.88787039914978,0.7987349165168256,0.737926593689633,0.07936507936507937,0.7810787627463989,0.8181312255065417,0.784606661363251,0.8195389762693239,0.8167283027359904,0.8181312255065416,0.8571428571428571,41.01213924555514,-inf,0.2735543816556708,1.4958918899013967,0.12280532273827952,0.5698806995196832,1.0595904268208522,0.1563911126525299,0.19334380879788865,56
1.7087604038496222,0.4185403984454633,1.0,4.0,0.4499709547871484,81.01908627508577,0.7942863679579523,0.7049924357034796,0.07936507936507937,0.7538095104547304,0.8009532667024547,0.7650915158736046,0.8026759134615897,0.7992379981560703,0.8009532667024547,0.8421052631578947,41.71401550923111,-inf,0.2758609992066182,1.4853002108352185,0.12330698635782027,0.5731350304694195,1.065525778610213,0.15530852160015607,0.1953286204733144,57
-0.2574967543077456,1.612199646779743,6.0,2.0,0.4512419631735641,82.54029467937332,0.7953304799481914,0.718107546516387,0.07936507936507937,0.7653629103177536,0.8038057403622847,0.769155324689027,0.8055096949426803,0.8021089795681035,0.8038057403622847,0.8448275862068966,42.41791687423356,-inf,0.2781041151484184,1.4750737620816674,0.12379135123185961,0.5762877781046518,1.0669519420296638,0.15426931282715364,0.19724114834558598,58
1.4683429380860913,-0.3418523553593028,3.0,4.0,0.4521969990526399,84.68289177796184,0.8044015328183699,0.7202802151146335,0.07936507936507937,0.7673796148935884,0.8050513806527991,0.7713673501569749,0.8067308993255827,0.8033788405713582,0.805051380652799,0.847457627118644,43.134272381076414,-inf,0.2804318653914855,1.4651939726078975,0.12425762866125592,0.5792496323269963,1.0691355881163576,0.15332674100102292,0.19905414553571651,59
1.5446816894425974,-0.0779129880052552,3.0,4.0,0.45685189483283645,87.63821376738234,0.8018439860804206,0.7230637363833434,0.07936507936507937,0.7700171116815027,0.8062951672630188,0.7735105988459534,0.8079520668796998,0.8046450494791814,0.8062951672630188,0.85,43.87600473751484,-inf,0.2826932273607541,1.45564350944992,0.12458676508686571,0.5819188630757927,1.0722764485519354,0.15241620739937745,0.20072908050021818,60
1.47879058623426,-0.1502895729601824,3.0,4.0,0.46112197319990844,90.31144535508051,0.8027485221711147,0.7263623440214816,0.07936507936507937,0.7731787236088119,0.8075251782262411,0.7755774142452462,0.8091610329780636,0.8058959244389995,0.8075251782262411,0.8524590163934426,44.63724146895035,-inf,0.2849335466614823,1.4464061762315483,0.12482094521988034,0.584359609285805,1.0762625756428632,0.15156897189693086,0.20228406281909622,61
1.3305378856723369,-0.6785881163393839,3.0,4.0,0.4529812654358499,90.29718541411118,0.820585187370193,0.7300853290369003,0.07936507936507937,0.7767729386827372,0.8087338729125425,0.7775656402981195,0.8103500610962405,0.8071241186520463,0.8087338729125425,0.8548387096774194,45.373692177743266,-inf,0.28743975538091987,1.4374668215040918,0.1253099929837329,0.5869378291840519,1.0760201954529987,0.15086858191713903,0.2038615992988116,62
1.669547888468259,-0.1768169320860602,3.0,4.0,0.4586804029919704,93.54730529515884,0.8155436162772752,0.7341487496506136,0.07936507936507937,0.780715104165027,0.8099165724464239,0.7794761290136631,0.811514311620906,0.8083251122846983,0.8099165724464239,0.8571428571428571,46.13835270341652,-inf,0.2898322988768461,1.4288112558156023,0.12567178465471346,0.5892274012483008,1.0726756857094228,0.1501352082573277,0.205315731645145,63
0.8385898942581785,-1.4214768486966027,1.0,0.0,0.46190029687155654,94.19684355044352,0.7992550051665064,0.7108907645660903,0.07936507936507937,0.7614127994177258,0.7954296588705217,0.7633601393220708,0.7983702480591602,0.7925106519802234,0.7954296588705217,0.84375,46.88926662290133,-inf,0.2918505155211869,1.4205503594964717,0.12604288516109058,0.5915656959395115,1.0708710320794674,0.14923355437278468,0.20679147849041357,64
-1.449263063681408,-1.349272335163847,5.0,5.0,0.4614302788846863,97.28286997044071,0.8162399121463767,0.7104916042888934,0.08571428571428572,0.7605519113797375,0.7969756684677077,0.7657920354489288,0.8018196063382771,0.7921899053696625,0.7969756684677076,0.8461538461538461,47.66455282824809,-inf,0.29401078146006504,1.4124815230584336,0.12647001376534253,0.5936612172590122,1.0693839366715758,0.14837626602190995,0.20829095144991636,65
0.3437012567105255,-0.2578698165980908,2.0,0.0,0.4609680915015211,96.26222240318829,0.8170089540298692,0.7101039730929307,0.08571428571428572,0.7596082075243333,0.7984897268030471,0.7681498412973367,0.8013283021338895,0.7956711908698337,0.798489726803047,0.8484848484848485,48.40088115514112,-inf,0.2960740020152345,1.404895695866538,0.12692513605679437,0.5959990316639221,1.069292752200098,0.14749785802967075,0.20979279058959946,66
-1.479513127003689,-0.4531924949436609,4.0,1.0,0.46186913225774967,99.10727327271877,0.8166834227915692,0.7109820712733695,0.08571428571428572,0.7600108091194839,0.800054715643783,0.7705736999384522,0.8013783323124741,0.7987354641347576,0.800054715643783,0.8507462686567164,49.157692977791534,-inf,0.29802764063335324,1.397519126850843,0.12736667260820286,0.5981273091417086,1.0699098290555604,0.14656348493054608,0.2112380141628638,67
1.6139900775475218,0.7940749423577453,1.0,3.0,0.4554972818756671,98.76126667856288,0.8256925679912848,0.7130385251558204,0.08571428571428572,0.7616989298708589,0.8015820174492958,0.7728968990207495,0.8040818165515047,0.7990977133582058,0.8015820174492959,0.8529411764705882,49.88715729692053,-inf,0.299963214608763,1.3903595157473743,0.12785779415406792,0.6004097277084002,1.0712364048816685,0.1456863161144916,0.21272562896607433,68
0.9441141437611156,1.1025059065286804,1.0,3.0,0.46077980236096633,101.33678459040729,0.8193693881279671,0.7155776820491655,0.08571428571428572,0.763905905707174,0.8030667889271563,0.7751246971261556,0.8066210884363859,0.7995436753689917,0.8030667889271562,0.855072463768116,50.632804069289904,-inf,0.3018073080995249,1.3834074296034264,0.12833468029280645,0.6025201261914978,1.0734324310474728,0.14480948968660046,0.21410721835996444,69
1.9380049016081056,-0.0913559302233875,1.0,4.0,0.4657238967327446,104.59573681276699,0.8148316901705774,0.6863259310542312,0.08571428571428572,0.740089654634744,0.7901532562419782,0.7608430287001666,0.7934034671395053,0.7869295659547731,0.7901532562419783,0.8428571428571429,51.40370310848243,-inf,0.30352052888707276,1.3766539744921629,0.12874980504342437,0.6044020607816705,1.0729813915415263,0.14390674180370708,0.21540720569729108,70
2.057648355633856,-0.0394429142132357,3.0,4.0,0.4700501055137237,107.63152246188375,0.8107206334838818,0.6906668175517017,0.08571428571428572,0.7442363616495449,0.7912886443160623,0.7625680013857942,0.7943153342066377,0.7882849329000106,0.7912886443160623,0.8450704225352113,52.195644226135975,-inf,0.3051046169497815,1.3700907575530474,0.12915154910302915,0.6060963241065883,1.070362667648236,0.14299515725897408,0.21664746149620204,71
-0.9260360142141528,-0.7277793240041539,4.0,1.0,0.46486847296533196,109.91831461304054,0.8190882749479861,0.6925274609607013,0.08571428571428572,0.7454718732562896,0.79297697388871,0.7650429920631757,0.7947330954681627,0.7912285962006644,0.79297697388871,0.8472222222222222,52.99734798150965,-inf,0.3067691352735711,1.3632979035306174,0.12954213360542266,0.6076857510679398,1.0681295515449962,0.14220904746067428,0.21811590931700509,72
0.2440498228919169,-0.8802447018928236,2.0,0.0,0.46584549140665504,110.67012130036586,0.7998844854479087,0.6932424503988671,0.08571428571428572,0.745537571594239,0.7946236973497067,0.7674445804950983,0.7948515309581085,0.7943959943148184,0.7946236973497066,0.8493150684931506,53.7873859721789,-inf,0.30811854801881533,1.3572815639894342,0.1300274146611504,0.6093131153790431,1.067515949158345,0.14137969110986315,0.21954321630339396,73
-1.0150141823761454,1.8306182662114,6.0,2.0,0.4697695298046594,114.30417744500997,0.7981903616452776,0.7023314536952627,0.08571428571428572,0.7532485177596934,0.7972087746053372,0.7708098165556656,0.7974344715122672,0.7969832054196998,0.7972087746053373,0.8513513513513513,54.605180451541486,-inf,0.30941888306314896,1.3514278282196346,0.1304995800126693,0.6107262444961392,1.0675924466517113,0.14056650401271162,0.22092055224529678,74
0.99138164882461,1.2025373018707737,1.0,3.0,0.47443587711780205,116.97245247964575,0.793797042723616,0.7043348671993357,0.08571428571428572,0.7550151958289032,0.7984468209284821,0.7726443750250717,0.799775671428739,0.7971223789507181,0.7984468209284822,0.8533333333333334,55.436744078582876,-inf,0.31065690496274934,1.3457301920703628,0.13095915428814767,0.6120213475335636,1.0684010409211269,0.13975541610442796,0.22221310789828416,75
0.2741854263464802,0.7139142791951232,1.0,3.0,0.47093278558236623,115.37490425008018,0.8015189731471123,0.7067282582001944,0.08571428571428572,0.7571996255901532,0.799658605967582,0.7744148059555258,0.8019950568943149,0.7973357290532554,0.799658605967582,0.8552631578947368,56.22540408083942,-inf,0.3119286421343021,1.340182493714493,0.131406634503745,0.6135481886968326,1.0700391270035627,0.138996755892917,0.22352906888498766,76
0.4738346117888153,0.5269847105894291,1.0,3.0,0.46955353112189324,114.63313661098644,0.8077385907485767,0.7094648322416407,0.08571428571428572,0.7597513326004385,0.8008418228486638,0.7761215588518244,0.8041034611693365,0.7976065376228714,0.8008418228486639,0.8571428571428571,56.983946061750416,-inf,0.3132119910344348,1.3347788914198147,0.1318424918565996,0.61523250558687,1.0724299442614016,0.13829944331209518,0.22483744685542928,77
-0.8832463029442756,-0.4283395871420763,4.0,1.0,0.471907439634874,117.21452656604102,0.8016873969040429,0.7112319014077104,0.08571428571428572,0.7609508699786086,0.802368398636202,0.778280967055893,0.8045438822708255,0.8002046482740013,0.8023683986362019,0.8589743589743589,57.7561329912926,-inf,0.31440148408340707,1.3294523509162195,0.13226717337989383,0.6167950376018438,1.0754684401930132,0.1375797947198482,0.22611045802757979,78
-0.298929172280291,1.759561467639558,6.0,2.0,0.4733195651524792,119.32049757900475,0.8028939171528102,0.7192066424544582,0.08571428571428572,0.7676961693214742,0.8047018700383374,0.7812571665072245,0.8068578504356521,0.8025573807955528,0.8047018700383374,0.8607594936708861,58.535428745567444,-inf,0.3155689720449582,1.3242606595392976,0.13268110347221854,0.6182806343390667,1.0790176920167767,0.13687620220419355,0.2273496715745804,79
-1.295628851206288,-0.3270676595734018,4.0,1.0,0.47598729288581687,122.55203924850598,0.7951036092339563,0.7211283689898235,0.08571428571428572,0.7691155994407752,0.8061552547972415,0.7832847666649183,0.8073476255429853,0.8049664008793646,0.8061552547972414,0.8625,59.335636376854175,-inf,0.3165972911824275,1.3192994794124058,0.13308468531223513,0.6196095032336377,1.0832239376327724,0.13613524370557933,0.22844875277293716,80
0.4225394818753191,0.6858704783189893,1.0,3.0,0.47680556305609567,122.66631334239369,0.7984162005866051,0.7236763991580766,0.08571428571428572,0.7714888463492735,0.8072586918030417,0.7848344458679615,0.8092920995947104,0.8052354765844143,0.8072586918030416,0.8641975308641975,60.11749658630528,-inf,0.317624141506851,1.3144607975602522,0.13347830216854764,0.62101800029851,1.0880847335157664,0.13542611631134954,0.22952214439144253,81
0.5897036983729164,-1.8921733467677293,2.0,0.0,0.4748855723447756,119.30760282130126,0.7918300555828731,0.7242950278846909,0.08571428571428572,0.7715587877200599,0.8086907065477107,0.7868365752609854,0.8094827708133574,0.8079001908080056,0.8086907065477107,0.8658536585365854,60.83932715014669,-inf,0.31860696251715176,1.3084124333192961,0.13362613642770954,0.6227666909213461,1.0941053904738054,0.13465068496435004,0.2307607857344356,82
-1.1848240547302602,-1.4329777693709922,5.0,5.0,0.47913618766973215,123.62189144265706,0.7769193959394171,0.7245296510412099,0.09090909090909091,0.7712872631500696,0.8100689703984524,0.7887501263526838,0.8121930244157974,0.8079559970905463,0.8100689703984524,0.8674698795180723,61.595743587405856,-inf,0.319390468705636,1.302723960286571,0.13373840336651113,0.6242687841927574,1.100653572189628,0.1338462671543655,0.2317711777639151,83
-0.4740767175342059,-0.792447276355747,4.0,1.0,0.46974239851475774,122.89584445716275,0.7931877662252619,0.7266146377435015,0.09090909090909091,0.7729091109950006,0.8114208094268957,0.7905928648499192,0.8126950137259538,0.810150594459522,0.8114208094268958,0.8690476190476191,62.3255066929982,-inf,0.320385004467277,1.2968465154942135,0.13384799728296035,0.6259039241991031,1.107428717688736,0.13321935444787383,0.23306114048264673,84
1.8844953034769745,-0.0528197657451372,1.0,4.0,0.4742028099299657,126.32848342403956,0.7890637166707002,0.7030419484440895,0.09090909090909091,0.753731163068961,0.8017121201602142,0.7800707267644784,0.8032365310473922,0.8001934844751659,0.8017121201602141,0.8588235294117647,63.07848288983397,-inf,0.32131626258876306,1.2911073635204995,0.13390750587054845,0.6273688731732479,1.11187554560581,0.132580496245346,0.23428119585190246,85
1.5663337937602402,-0.2335437811796046,3.0,4.0,0.477687397848697,129.1544625652341,0.7888471363720443,0.7054563381809889,0.09090909090909091,0.7560048996932022,0.8025667690456464,0.7812863598716229,0.8037869347899658,0.8013503021617286,0.8025667690456465,0.8604651162790697,63.84680823489677,-inf,0.3222377632984066,1.2855016801973371,0.13391958968407042,0.6287168634335931,1.1141211018231467,0.13195509347967418,0.23543353886221471,86
1.6321979851187167,-0.228289640605679,3.0,4.0,0.48167029032045494,132.21312856376898,0.7874170615402468,0.7081123905038847,0.09090909090909091,0.7585284731137804,0.8034149884816717,0.7824765993291698,0.8043516852333003,0.8024804708271818,0.8034149884816716,0.8620689655172413,64.63262800879184,-inf,0.323139912281949,1.280024863157466,0.13388317740744668,0.6299405387114757,1.1144665781579435,0.13133502898591315,0.23651865322367047,87
-1.177852455517988,-0.4123738515640079,4.0,1.0,0.48416163315813515,135.47944369701736,0.7798489838647664,0.7107328766206064,0.09090909090909091,0.7606095528526123,0.8048253560864161,0.7843493634793061,0.8050232252170202,0.8046275842016323,0.8048253560864163,0.8636363636363636,65.43770545979443,-inf,0.323946958323152,1.2746870410614801,0.13384759268256438,0.6310356399561647,1.1153333433490027,0.13067843313369415,0.23752757545163347,88
-1.0250858966834555,-0.1316405213218967,4.0,1.0,0.48654277776571286,137.80123986157258,0.7708557338615979,0.7135954837898683,0.09090909090909091,0.7629629629629631,0.8061907016602313,0.7861477921696824,0.8057126318162253,0.8066693391668454,0.8061907016602313,0.8651685393258427,66.25077888003912,-inf,0.32462219470209813,1.2696359078839152,0.133812807614421,0.6320664770810253,1.1169546016896872,0.13000035070251084,0.2383570089008042,89
-1.0863172195888269,-1.409598246601344,4.0,5.0,0.49055060274159445,142.35291574063214,0.7537148239206425,0.6999148989279198,0.08333333333333334,0.7512862331863763,0.7875863755855236,0.7659699288401185,0.7887785083914558,0.786397840838944,0.7875863755855236,0.8555555555555555,67.09635817849016,-inf,0.32513152558659103,1.2648480955045474,0.1337386884068015,0.6329112862254357,1.1191303981885967,0.12930614842677718,0.239023845186828,90
-1.0223891473148832,-1.306295350308133,5.0,5.0,0.49305288241786854,146.7353139245381,0.7396522401364553,0.7001999555654299,0.08791208791208792,0.7510985743049852,0.7888010106300808,0.767677332094272,0.7907291520251981,0.7868822496551536,0.7888010106300808,0.8571428571428571,67.97151153833684,-inf,0.32554582831889456,1.2601716073845306,0.13362025155347124,0.633594999460261,1.1217666896026377,0.12861697799762414,0.239635982707816,91
-0.7464704532756358,0.0618816607594022,4.0,1.0,0.49322331435837263,146.88517685612376,0.7344534477671697,0.7028286259682482,0.08791208791208792,0.7533471332162374,0.7900482933994628,0.7693224283428416,0.7915237992730593,0.7885782783694746,0.7900482933994628,0.8586956521739131,68.82926877005191,-inf,0.32588485659262756,1.2558352207016243,0.1335043894143438,0.6343449409441344,1.1252598138151633,0.12793037898442267,0.24008212504214674,92
-0.7640646406610659,0.0041617414102079,4.0,1.0,0.4943348626708192,147.68750969543345,0.7293439840600984,0.705675385789794,0.08791208791208792,0.7558327484487297,0.7912658416985224,0.7709144135706882,0.7923215636263409,0.7902129294019076,0.7912658416985224,0.8602150537634409,69.67720684451838,-inf,0.32615241904150305,1.2517786392775974,0.13339101893412234,0.6351250809834051,1.12950391918899,0.12723747039411218,0.24039737931136765,93
-1.243991251752195,-0.2747168433695445,4.0,1.0,0.49669936616154137,150.64751639731602,0.72481133692762,0.7087147389587813,0.08791208791208792,0.7585285977849651,0.7924532433132914,0.7724549118090045,0.7931182163181714,0.7917893844390788,0.7924532433132914,0.8617021276595744,70.53859311635665,-inf,0.326366920796041,1.2478547550871502,0.1332800605917779,0.6358256019521779,1.1341881730408485,0.12653197425883456,0.24065427404745368,94
-0.9637898033259068,-0.4500153657692891,4.0,1.0,0.4987244761681145,153.4685533311714,0.7212149682882059,0.7119219762463743,0.08791208791208792,0.761408730580594,0.7936105314559203,0.7739458583014478,0.7939105768814998,0.7933107127391127,0.7936105314559204,0.8631578947368421,71.41154006598629,-inf,0.32655330371080254,1.2439703553445842,0.1331714382145355,0.6364580486581596,1.1370629488544444,0.1258295175555082,0.24090383244598668,95
-1.3005197093930354,-1.30193863869573,5.0,5.0,0.5008624549902604,157.6581670454598,0.7172376878578097,0.7123731763198538,0.09183673469387756,0.7614149484424327,0.794795993726112,0.7755651156943598,0.7957424343060342,0.7938518018277003,0.794795993726112,0.8645833333333334,72.3099424303558,-inf,0.32671672236508137,1.2401596136066064,0.1330523460432361,0.6369639685484515,1.140225074904012,0.1251440941595118,0.24113505520551612,96
-1.2638743504723151,-1.233804418109096,4.0,5.0,0.502403291033634,161.83382312366507,0.7151326247788948,0.6972388118470235,0.08571428571428572,0.7487522948821297,0.7837295151687166,0.7637443774863523,0.7860848045691422,0.7813882975746392,0.7837295151687166,0.8556701030927835,73.23286903544145,-inf,0.3268659400492805,1.2363691986731535,0.13291468296885925,0.6373536826658518,1.1436589117173188,0.12448554362847851,0.24137581461495333,97
-0.4878950293743231,1.1700806002838653,6.0,2.0,0.503306123436939,163.6161501901405,0.7160615710206782,0.703271599031869,0.08571428571428572,0.7537273025951484,0.7859647638210019,0.7664423872424613,0.7883022857004837,0.7836410636805337,0.7859647638210019,0.8571428571428571,74.15514741457105,-inf,0.3270160070501876,1.2326561391465056,0.1327798293449799,0.6377352779065337,1.147538801376506,0.12384688006369383,0.2416036193127617,98
-1.0403391431577975,-0.2959601440603581,5.0,1.0,0.5061685631313283,166.53435530729507,0.7100556404412753,0.6897918042473323,0.08035714285714286,0.7425803906045341,0.7802906161260944,0.7604982400359239,0.7814348258862441,0.7791497522669095,0.7802906161260944,0.8484848484848485,75.08827072661876,-inf,0.3271208680872216,1.2290451266423403,0.13264770003673448,0.6380625174878057,1.1498593817894738,0.12320020336884999,0.24178430533822526,99
0.0575562417366512,-0.0160873046818275,2.0,0.0,0.5007251329397855,160.46363217016787,0.7208589610558662,0.691135005223019,0.08035714285714286,0.7432687023476325,0.7820259621887922,0.7627051563453858,0.7822983695662209,0.7817537444575436,0.7820259621887923,0.85,75.94202434105426,-inf,0.32733485871819146,1.2249735666556711,0.1324453450966861,0.6387115225459251,1.1528703663054594,0.12260267880646503,0.24204815412370947,100
-1.0843836226776624,-0.1076212265634827,4.0,1.0,0.50313540652889,162.8108135092652,0.7159442666886666,0.6936336237724056,0.08035714285714286,0.7456288392251276,0.7829315975871893,0.7638805661876278,0.7829004902125877,0.7829627074338987,0.7829315975871892,0.8514851485148515,76.80211136252169,-inf,0.32749615179767666,1.2210737526089155,0.1322469971851535,0.6393203113482628,1.1545691143551802,0.12200278579125076,0.24222952782680704,101
-0.9773716549122704,-1.7060797812659898,5.0,5.0,0.5067778575907868,166.65755237672317,0.7094145689739251,0.6935218741223764,0.08403361344537816,0.7452570031619136,0.7837141157566133,0.7650162519447085,0.7841899642554523,0.783238844399763,0.7837141157566132,0.8529411764705882,77.68304705873936,-inf,0.3275798487064216,1.2175475514074952,0.13206094846179708,0.639829306343382,1.1569224483286245,0.12143824168232527,0.24222362101563166,102
-1.3823770540854114,0.236295510904165,4.0,1.0,0.5054470903993372,166.63853444919204,0.7073801383726699,0.6961648793155615,0.08403361344537816,0.747762076628904,0.7846021230292435,0.7661551571123111,0.7847911434271957,0.7844131936621543,0.7846021230292436,0.8543689320388349,78.54669256738453,-inf,0.32764306923728814,1.214290681667712,0.1318785123350107,0.6403990985647637,1.1582173450647455,0.12091270243846976,0.24212906896361172,103
-0.9641873446520162,1.8305542721719863,6.0,2.0,0.5081162501592027,170.45054426244567,0.7057904662725211,0.7018800039185302,0.08403361344537816,0.7524793456055214,0.7866971094562323,0.7686498870789019,0.7868847907780203,0.7865095176415222,0.7866971094562324,0.8557692307692307,79.4303834490678,-inf,0.32769584973263954,1.211096444038309,0.13169958459527792,0.6408754168028707,1.1598319116837421,0.1203935757373734,0.24203057117980523,104
-1.354330122201501,-1.0509970890280764,5.0,1.0,0.4966073455145538,170.07805612437315,0.7181786605358532,0.6886939900407734,0.07936507936507937,0.7416851973038773,0.7816417313754999,0.7633668545375208,0.780772179083458,0.7825132226818817,0.7816417313754999,0.8476190476190476,80.29369461740404,-inf,0.32785963148709696,1.2077312338057333,0.13152406500296857,0.6414242491121904,1.1598727794046713,0.11998835931004932,0.24209582309805164,105
0.6410894445151711,-1.652962785414137,1.0,0.0,0.49686165336525034,168.92468550212442,0.7101903500003117,0.6752384090955902,0.07936507936507937,0.7304505044385783,0.7734399174829796,0.7547094879074394,0.7735535853235299,0.7733262830427777,0.7734399174829795,0.839622641509434,81.12983604084481,-inf,0.3279429674297681,1.2042810787618226,0.13133225495485779,0.6420747349608498,1.1604905511439285,0.1195282797151255,0.24220484689127075,106
0.4748749693006839,0.5462454914843308,1.0,3.0,0.49693421763241835,169.00592639403496,0.7138317606653395,0.6770614612727465,0.07936507936507937,0.7319855830647435,0.7745468383947338,0.7561178494115837,0.77542856956422,0.7736671101610697,0.7745468383947337,0.8411214953271028,81.95110791330453,-inf,0.3280436673041457,1.2008954125972373,0.13114403014129114,0.6427762291691842,1.1615083169687341,0.11910245481442228,0.24231415031896397,107
-0.6216616401945569,1.3067258484655204,6.0,2.0,0.49919788875933535,171.92530428913628,0.7131393841165802,0.6829909887959005,0.07936507936507937,0.7368957697227976,0.7766379217263439,0.7585871535399672,0.7775138239459597,0.7757639907678395,0.7766379217263439,0.8425925925925926,82.78420232419185,-inf,0.3281395247247942,1.1975724439542186,0.13095929097242015,0.6434166074653495,1.1628931831563962,0.1186836954684522,0.24240422844859363,108
0.6982487835213979,0.8706035551558953,1.0,3.0,0.5018336094437468,174.40256664095662,0.7098925608672308,0.6848789799780415,0.07936507936507937,0.7385262642137249,0.7777053176422725,0.7599328010747487,0.7792953170028628,0.7761217932349529,0.7777053176422725,0.8440366972477065,83.62473777663924,-inf,0.3282235242149827,1.1943104472129065,0.13077794151306973,0.6440155850696303,1.1646181745296837,0.11827311079655377,0.24247260095417983,109
1.1526715155324276,-0.3562854725562006,3.0,0.0,0.49262501801285563,173.7050407223518,0.7222452791018451,0.672963151231934,0.07936507936507937,0.7285329592440118,0.769966589006683,0.7517989276343827,0.7721184947365395,0.7678266447266441,0.769966589006683,0.8363636363636363,84.44364962160026,-inf,0.32840347521189167,1.1912083058372727,0.13061316695506545,0.644692346011673,1.1661940276969094,0.1179550994298967,0.24255964003665598,110
-0.5418415615393313,-0.2617720409880695,5.0,1.0,0.4921303960789697,173.757678530567,0.7225386311978629,0.6620305901288318,0.07518796992481203,0.7195768028178953,0.7659336735815968,0.7476365363672464,0.7671212168034096,0.7647498014331261,0.7659336735815969,0.8288288288288288,85.24828051267203,-inf,0.328578908585613,1.1881858950045925,0.13045136130801618,0.6454171700086061,1.16676276195982,0.11762041496151643,0.24263338090405973,111
-0.9206709874341076,-0.9583488440550502,5.0,1.0,0.4835357169034681,174.21358322735742,0.7311129166349533,0.6517963374724619,0.07142857142857142,0.7112640455427987,0.7624070983598809,0.7440155840437336,0.7627011975933353,0.762113225849604,0.7624070983598807,0.8214285714285714,86.04261357262457,-inf,0.32881963759231997,1.1850473293824213,0.1302924450475214,0.6461736081826419,1.166088533060579,0.11739101211501864,0.24282042048141902,112
-1.048382406033854,-0.3946754514603076,4.0,1.0,0.4858247334607502,176.9231326778325,0.7266252125662844,0.6538734520046371,0.07142857142857142,0.7133165808023202,0.7631289827907762,0.7449471681093895,0.7629656984352652,0.7632923370511021,0.7631289827907762,0.8230088495575221,86.8468659540866,-inf,0.32903300428750054,1.1819580802938061,0.1301363414642035,0.6468777258246418,1.1645001048886947,0.11714450981507439,0.24298746219121406,113
0.9493733432668288,-0.4556742071097733,2.0,0.0,0.4819191771291532,178.04552353427383,0.7278315271235138,0.6548394135031476,0.07142857142857142,0.7137331064363301,0.764550266874925,0.746734358948427,0.7634553579558924,0.7656483208299902,0.7645502668749251,0.8245614035087719,87.6468541784742,-inf,0.3292530464553686,1.1792439432820254,0.13002622242362694,0.647588480213218,1.1629879317069713,0.11691954776986485,0.24314729694746035,114
-0.3496383779186516,1.373879010633153,6.0,2.0,0.482992091774704,180.24561634251995,0.7285208979962942,0.66073530780341,0.07142857142857142,0.7185999539134239,0.7666125704011844,0.7491402931395519,0.7655243105889236,0.7677039287314122,0.7666125704011844,0.8260869565217391,88.45206080598764,-inf,0.3294724964924986,1.1765770086530583,0.12991801849679951,0.6482675060859112,1.1617968415846356,0.11670153694598122,0.2432959059507697,115
-1.3887585947383665,-0.0315391554930049,4.0,1.0,0.4838452453239259,181.78634718400033,0.7263790465127027,0.6627920316279085,0.07142857142857142,0.7206448883845968,0.7673121417023374,0.7500310359141659,0.7658036700678733,0.7688265678074737,0.7673121417023375,0.8275862068965517,89.25666672303947,-inf,0.3296634407240172,1.1740464402901118,0.1298116801549174,0.6489387098089201,1.1598670655546386,0.1164704983580506,0.2433885532975381,116
0.6571565469321665,1.0312201414291813,1.0,3.0,0.48653192862227085,184.32300114357483,0.723470415575089,0.6650608455728421,0.07142857142857142,0.7225352554213698,0.7684504504686313,0.7514265260390649,0.7675802862404598,0.7693225898521119,0.7684504504686313,0.8290598290598291,90.06919949586457,-inf,0.32984112476626587,1.171559129506019,0.12970715956246917,0.6495686736885428,1.1582631285353286,0.11623902331504213,0.24346347519776315,117
-1.364651713684814,-1.2334574058963872,4.0,5.0,0.48714115299955385,188.01753576946354,0.724213494350873,0.6539434134084012,0.06802721088435373,0.7132020533844974,0.7611561054661942,0.7437965460264795,0.7615376365272469,0.760774956508537,0.7611561054661942,0.8220338983050848,90.89927014225101,-inf,0.3300263323942323,1.1690574588016185,0.12960015858507207,0.650121709854523,1.1568416742483199,0.1160284576251342,0.24355997610910224,118
1.2070473372058446,0.955036144305827,1.0,3.0,0.4879090725765705,190.26606136497145,0.7239124750600014,0.656539303105546,0.06802721088435373,0.7154134393897068,0.7623277856033036,0.7452181669608944,0.7632934291400962,0.761364582253284,0.7623277856033037,0.8235294117647058,91.73428519454278,-inf,0.3301995554008379,1.1665978329830065,0.12949495594342955,0.6506474620375946,1.155691379545733,0.11581578047746885,0.2436495296141446,119
0.4546439146628455,0.0656336999477742,2.0,0.0,0.48315910088134845,186.61758406765333,0.7334805856388332,0.6576620709274974,0.06802721088435373,0.7159914549764259,0.7637404761482001,0.7469642422321154,0.7638786709434122,0.763602331346129,0.7637404761482001,0.825,92.52497935181869,-inf,0.330451429108435,1.1640393850907387,0.12937282742960807,0.6513341489608205,1.1548085688235512,0.11562818915063226,0.24377494355681711,120
-0.4668180585900843,1.053123299687325,6.0,2.0,0.48331581184791095,187.50982038283897,0.7346863780399259,0.6632241641123137,0.06802721088435373,0.7205851754340586,0.7657062097659647,0.7492357804588661,0.7658436072714953,0.7655688615516685,0.7657062097659647,0.8264462809917356,93.30997803802546,-inf,0.3307044976537262,1.1615232255933847,0.1292527175689076,0.6520335481738945,1.1542609879515162,0.11544959123289651,0.24389831055032488,121
0.3082425933606275,-0.6030575644251599,2.0,0.0,0.4845001608072459,188.50403522911117,0.724636224496809,0.6644664116304847,0.06802721088435373,0.7213212199414187,0.7670697371494603,0.7509097720777286,0.7664573230388525,0.7676831307039175,0.7670697371494603,0.8278688524590164,94.09025719532943,-inf,0.33087127486075435,1.1593529363153814,0.12917527386303776,0.6527418447504703,1.154172164216143,0.115234025010837,0.24401262274075575,122
-0.901838958962226,1.4553788203189222,6.0,2.0,0.4871700195095583,192.04491180190337,0.723086601508743,0.6699904946043013,0.06802721088435373,0.7259237599267396,0.768939513497008,0.7530613678699936,0.7683305306388245,0.7695494624870463,0.768939513497008,0.8292682926829268,94.88663650107395,-inf,0.3310285743184667,1.157217936293931,0.12909908940441783,0.6533787321036703,1.1543736672757252,0.1150179655311341,0.2441116025415888,123
-1.543916277933486,-0.8721559654221892,4.0,1.0,0.48090468402002823,192.69301797413465,0.7312984351682954,0.671535228634065,0.06802721088435373,0.727500140221129,0.7695310931672054,0.75380966682986,0.7686107586315374,0.7704536343623051,0.7695310931672052,0.8306451612903226,95.67539764198573,-inf,0.33124612990562907,1.1549928311964377,0.12902413372738855,0.6540357390277085,1.1535418205103434,0.11484245474614725,0.24430067299854824,124
0.907704569047679,0.6082078496888076,1.0,3.0,0.48124591564671015,194.45331031558018,0.7316370376623924,0.6738635147722392,0.06802721088435373,0.7294804004374444,0.77061554552325,0.7551091794370479,0.7702374981430004,0.7709939641915875,0.7706155455232501,0.832,96.46562094337447,-inf,0.33145949117174817,1.1528033277805043,0.12895037734119175,0.654678385242618,1.15298068401295,0.11468517066789773,0.24447713167615454,125
-0.558293776428104,-0.2736914813847959,4.0,1.0,0.4809980424650195,194.52598025962584,0.731425969062592,0.6754812849947791,0.06802721088435373,0.7311239485167368,0.7712040898600502,0.7558468760413171,0.7705276628466825,0.7718817055537319,0.7712040898600502,0.8333333333333334,97.24387776334474,-inf,0.331665040569336,1.1506727469088212,0.12887779169128377,0.6553576124796072,1.1517568750250653,0.11450741956821427,0.24463779685190706,126
1.2025873546365318,0.6293737486821528,1.0,3.0,0.47983713221231294,195.96649775324252,0.7326047819578821,0.6778642808167054,0.06802721088435373,0.7331673860127674,0.7722612978573127,0.757107050701639,0.772096944401041,0.7724257212991218,0.7722612978573128,0.8346456692913385,98.02122122783213,-inf,0.3318678662755722,1.14857571849181,0.1288063491224767,0.656031512978097,1.15077385544972,0.11434186799060803,0.2447945189215155,127
-1.1061771247146708,-0.4921421140289828,5.0,1.0,0.48106587985087945,198.72020510560407,0.730534056803711,0.668794383965383,0.06493506493506493,0.7258021584130385,0.769215986537341,0.7539900366758812,0.7680907516201859,0.7703445231769106,0.7692159865373411,0.828125,98.80793203937722,-inf,0.3320567771621849,1.1464851990744762,0.1287360228438073,0.65666184659122,1.1490612268177403,0.1141692359301012,0.24494947159923394,128
0.3966983336120839,-0.6518641277548534,2.0,0.0,0.4826861989965425,200.367836356864,0.7196899129803889,0.670087232493018,0.06493506493506493,0.7266034952022413,0.7705226937537272,0.75556950972316,0.7687427128549967,0.7723109366758072,0.7705226937537272,0.8294573643410853,99.59521811935772,-inf,0.3321700589824073,1.144756410012594,0.12871157058700722,0.657281872397579,1.147723622825772,0.11396009020993308,0.2450906775901437,129
-0.7863599251894902,-1.6473435517205166,5.0,5.0,0.48543986138788386,203.5832984362967,0.7169718196032392,0.6690027108968256,0.06832298136645963,0.7254519468958045,0.7707030926557946,0.7559386394036293,0.7695555409520146,0.7718540719004936,0.7707030926557946,0.8307692307692308,100.39512642948802,-inf,0.3322395865530488,1.143230796280623,0.1286960711862868,0.6578482022310422,1.1468345894994374,0.11375061900719992,0.24512853197051615,130
0.3226373648253011,0.3119865337016342,3.0,0.0,0.4783673142930608,197.2260777260018,0.7284663788598653,0.659857570573766,0.06832298136645963,0.7177570523767717,0.7650032389687532,0.7500229090881892,0.7639560632941499,0.7660532893690576,0.7650032389687531,0.8244274809160306,101.13429399663698,-inf,0.33241879777686123,1.1413266490946754,0.12862701669915647,0.6586321740635804,1.146199693664556,0.11358637501691479,0.24522065613141764,131
-1.4706509898400295,-0.8250476406748602,4.0,1.0,0.4741377330692951,198.52897906854957,0.7342103765621907,0.6615069787906612,0.06832298136645963,0.7194372357601995,0.7655642579189094,0.7507190332211633,0.7641987239507765,0.7669346807226162,0.7655642579189093,0.8257575757575758,101.87213251990904,-inf,0.3326334479317771,1.139360742299855,0.12855900849213425,0.6594122459260974,1.1447469609137035,0.11344721110054291,0.24537254824630764,132
-0.3398474049088759,1.2628583878467967,6.0,2.0,0.47493986676465316,200.27111909592622,0.7349734186468488,0.666494643903267,0.06832298136645963,0.7235491281880422,0.7673400427503622,0.7527388204375813,0.7659816904975812,0.7687032212247618,0.7673400427503623,0.8270676691729323,102.61197452424001,-inf,0.33284790968124184,1.1374243980132275,0.12849202296491682,0.6601758262922911,1.1435436185427694,0.1133138056551939,0.2455170938310112,133
-0.6000959658179167,-0.1624313019640569,4.0,1.0,0.4751621241617457,200.33259205377408,0.7338933822334495,0.6681505047759306,0.06832298136645963,0.7252404749482203,0.7678931752805193,0.7534203635540216,0.7662319457330357,0.7695616237380425,0.7678931752805194,0.8283582089552238,103.34123286401265,-inf,0.3330488143970443,1.1355603062162514,0.12842603722168777,0.6609709691322216,1.1418373339672556,0.1131619738179652,0.245634830751679,134
0.6896266428545659,0.6786716994410049,1.0,3.0,0.4765938285508136,202.14930449127021,0.7334227195543672,0.6705909579438801,0.06832298136645963,0.7273000838082478,0.7689551519940611,0.7546662970461409,0.767758638238211,0.7701554009857707,0.7689551519940612,0.8296296296296296,104.07314450569604,-inf,0.33324664146198385,1.1337238305940458,0.128361029045025,0.6617472629071076,1.1403815340155563,0.11302292240071463,0.24574041264001942,135
0.8981798543399088,0.6250570981156782,1.0,3.0,0.47758200708633725,204.14063172821903,0.7329167659887985,0.6731284903931204,0.06832298136645963,0.7294709580090518,0.7699937039715014,0.7558807900513694,0.7692393870373136,0.7707495017257058,0.7699937039715015,0.8308823529411765,104.80893485292047,-inf,0.33344001147758584,1.131914361966284,0.12829697687096023,0.662500438027579,1.1391561431296053,0.11289612904510936,0.24583451661033753,136
1.493640596991073,-0.2133947267457217,3.0,4.0,0.47934049538303586,207.22412643082336,0.7335330235884466,0.6744986003360229,0.06832298136645963,0.7305195173005843,0.7709043909171728,0.75697753774365,0.7701549746276238,0.7716552670994116,0.7709043909171729,0.8321167883211679,105.55649099582486,-inf,0.3336431317590388,1.1301313089389275,0.12821816113657458,0.6632018868536416,1.1380977134781796,0.11277485127616615,0.24591611426832935,137
0.2790856191748703,-0.5185778217725026,2.0,0.0,0.4806039786358827,208.14141435937128,0.7249099111982397,0.6754999424389739,0.06832298136645963,0.7311152446088713,0.7720366550832185,0.7583360470961583,0.7706302970229392,0.7734481555809432,0.7720366550832187,0.8333333333333334,106.29986000570563,-inf,0.3337828814265607,1.128612403621414,0.12817203303236296,0.6639107214491207,1.1373903445304536,0.11262429046060518,0.24599073527559334,138
-1.4936770025970925,-0.8883110274954042,4.0,1.0,0.4757063293330445,209.0843580284229,0.7314584754169755,0.6770659415796085,0.06832298136645963,0.7327038417627805,0.7725753744714386,0.7589918495621529,0.7708847983321251,0.774273381887796,0.7725753744714386,0.8345323741007195,107.03931682601295,-inf,0.33396410447814623,1.1270202368482012,0.12812656864188107,0.6646259555666987,1.135938256070386,0.11250257664937374,0.24613015164704058,139
-0.4912711014380311,-1.5242505635100505,5.0,5.0,0.4770033372866712,210.57714655193047,0.7358951411003898,0.6762886505964889,0.07142857142857142,0.731818980456611,0.7728611821891513,0.7594448597190937,0.7717255607679218,0.7740001507498814,0.7728611821891513,0.8357142857142857,107.77887275262667,-inf,0.33414528329835697,1.1255443159262772,0.12811567184895487,0.6653330246552808,1.1348810476776152,0.112362687502488,0.2462180841017679,140
-0.4344742533486263,1.7352215484939986,6.0,2.0,0.47868397592163936,213.79758845891854,0.7357764960452223,0.6807294864904622,0.07142857142857142,0.7354653395461749,0.7744978307575162,0.7612906762891823,0.7733679925740498,0.7756309750048274,0.7744978307575162,0.8368794326241135,108.53077853777766,-inf,0.33432326931542145,1.1240893300528911,0.12810492962046735,0.6659882942655142,1.1339976090637536,0.1122226626442578,0.24629834678590865,141
0.2193025958223989,-0.7384336514678643,2.0,0.0,0.47977411637121326,214.82331126681225,0.7262123876202441,0.6817852067536546,0.07142857142857142,0.7361394054248247,0.775586044243888,0.7625847005977228,0.773855721812979,0.7773241219324724,0.7755860442438881,0.8380281690140845,109.2793175006582,-inf,0.3344320202323915,1.1228722849309802,0.1281242489442797,0.6666481942366677,1.1334814000155877,0.11205323519661946,0.24637273801530443,142
-0.6986444038190384,0.1600324118368498,4.0,1.0,0.47897338102848036,213.70978804321888,0.7239591797324546,0.6833328988186341,0.07142857142857142,0.737706486388036,0.7761122993035006,0.7632187289633856,0.7741152149618912,0.7781197145665308,0.7761122993035006,0.8391608391608392,110.00960051144533,-inf,0.33452405190430995,1.121772867718447,0.128143298067759,0.6673658119435972,1.1325794363967852,0.11188154880526562,0.24640304414759423,143
-0.5116882248658258,1.7242965417886809,6.0,2.0,0.4810308289628726,217.23532694747442,0.7234045798960009,0.68765578138629,0.07142857142857142,0.7412706408844142,0.7776736341208258,0.7649733622012289,0.7756864516752483,0.7796710243932142,0.7776736341208258,0.8402777777777778,110.75422361169554,-inf,0.3346128700204281,1.1206887201894213,0.12816208262007886,0.6680251254177438,1.1318474142819746,0.11171013424559575,0.2464247896045422,144
-0.9881239139987196,-0.8623521498325025,5.0,1.0,0.47698114940861275,218.60006553635296,0.727414776730163,0.6791016485486829,0.06857142857142857,0.7343511869643055,0.7747982125394406,0.7620262320645846,0.7719913268812604,0.7776255838098508,0.7747982125394406,0.8344827586206897,111.49798803876214,-inf,0.33472456899467556,1.1195327876243082,0.12818060807512535,0.6686803816747082,1.130487301142902,0.11157663252672366,0.24649149452195449,145
-1.2277400046775042,0.856620015517264,6.0,2.0,0.47424568071384604,216.88631683427235,0.7286213200234107,0.6835066498740933,0.06857142857142857,0.7379994302912672,0.776325169036396,0.7637381303944282,0.7735317523028217,0.7791388343463997,0.7763251690363959,0.8356164383561644,112.21982590722453,-inf,0.334840741557002,1.1183926897518677,0.12819887975681504,0.6694058540591171,1.1294085024912794,0.111444039385562,0.24658102001205404,146
-0.8284740580216035,-1.6636620317708974,5.0,5.0,0.4774726596610795,220.4422500147006,0.7238323681984528,0.6826538598840091,0.07142857142857142,0.7370793198162141,0.7765537265496292,0.7641086398989307,0.7743370719508219,0.7787831085870587,0.7765537265496293,0.8367346938775511,112.95603287394208,-inf,0.3349132007659331,1.11740194356892,0.12821430873096695,0.6700734874545713,1.1286555028965632,0.11130259291726653,0.2465927373905744,147
-0.9444390912008608,1.587025181884366,6.0,2.0,0.4797462751998763,224.03400214786512,0.7227017378123972,0.6870505658274819,0.07142857142857142,0.74074510135162,0.7780255476051796,0.7657543799415027,0.7758192788280096,0.7802444005086604,0.7780255476051796,0.8378378378378378,113.70655969336046,-inf,0.33498019355106096,1.116424585847904,0.12822952920546815,0.6706851451770701,1.128089521829246,0.1111615748835257,0.24659689194747778,148
-1.356164704306607,-0.3660443692528376,4.0,1.0,0.4808410904308552,226.4840728845232,0.7213330244245744,0.6882966939801443,0.07142857142857142,0.7420501240668835,0.7784891225797889,0.76631339603613,0.7759974529326252,0.7809968448997696,0.7784891225797889,0.8389261744966443,114.46345575504611,-inf,0.33503532768878974,1.1154687635792282,0.1282445453782982,0.6712689305927713,1.1270239082443578,0.11100728464675838,0.2465899096062407,149
1.4927151933808809,1.224751783358108,1.0,3.0,0.48036209340500696,227.24755701463107,0.7224967122260919,0.690359134808726,0.07142857142857142,0.7437631441271049,0.7794391562745169,0.7674052722196655,0.7773436274327189,0.781546013724885,0.779439156274517,0.84,115.21534976344334,-inf,0.33509068621900934,1.1145256856074681,0.1282593613354905,0.6718631658162157,1.126098018703713,0.11084141221585718,0.24659676865147973,150
-0.5999122891923927,-1.2401617207087028,5.0,5.0,0.4798145910420222,229.2472558150947,0.7266176001341265,0.6896331894565064,0.07407407407407407,0.7429738980099839,0.7797062126469451,0.7678039831675982,0.7781422782211486,0.7812764462205551,0.7797062126469451,0.8410596026490066,115.97052794921588,-inf,0.3351582947560888,1.1135554231692262,0.1282789645312951,0.6724402694463638,1.125383510053467,0.11067364106344572,0.2466203218991821,151
1.676689019333761,0.3236438770533346,1.0,4.0,0.4793409446639823,231.9600833289569,0.726535140188551,0.680004060113156,0.07407407407407407,0.7349991123204487,0.7744866502811786,0.7623928489040144,0.7734286434947744,0.7755475556199276,0.7744866502811786,0.8355263157894737,116.73361712934576,-inf,0.33521555257842595,1.112597927342014,0.12830610377907056,0.6729854148253501,1.1248630843373,0.11050140642162465,0.24664092064709078,152
-0.6818658144960107,-0.7260050115358673,4.0,1.0,0.47683488477238006,232.59092869182498,0.7296533656662776,0.6814452307427953,0.07407407407407407,0.7364590886244334,0.7749782274324637,0.7629774927556006,0.7736451280791699,0.7763159289512547,0.7749782274324637,0.8366013071895425,117.49085445981949,-inf,0.3352890777868858,1.1115941465783352,0.12833288826543723,0.6735437655048045,1.1238202660065262,0.11035207557024558,0.24669234345763544,153
-1.3733534718243745,-0.1539373044551625,4.0,1.0,0.4778456820089991,234.4705362498752,0.7274887780806593,0.6829648135181363,0.07407407407407407,0.7379983970001007,0.7754680240578543,0.7635578283052696,0.7738700695209014,0.7770725914418921,0.7754680240578543,0.8376623376623377,118.25046278313151,-inf,0.33534554749658624,1.110646864063934,0.12835932490133156,0.6740886192788856,1.122382476898938,0.11019158515766649,0.24671695335868143,154
-0.6565795703756557,0.04471097182707,4.0,1.0,0.4778352114857523,233.8609366325244,0.7259186535854224,0.684556463742965,0.07407407407407407,0.7396105491624836,0.7759555704775056,0.7641335018747617,0.7741023792313307,0.7778176560491088,0.7759555704775056,0.8387096774193549,118.99633680796632,-inf,0.3353905580985082,1.109773658829573,0.1283854204193434,0.6746722858063242,1.1206481969911861,0.11002291985170867,0.24671434392434957,155
-0.6631550583601202,1.1303486896909287,6.0,2.0,0.47912791289504225,235.90184932523704,0.7258587470454952,0.6885973030661103,0.07407407407407407,0.742945194468097,0.7773743495402202,0.7657110146808901,0.7755294989030846,0.7792279982681051,0.7773743495402203,0.8397435897435898,119.74573111897446,-inf,0.3354345218741648,1.108911648534114,0.12841118137943203,0.675238676299067,1.11911666441227,0.10985667315188011,0.24670644470195163,156
-0.6237114390931883,-0.9415229456800102,5.0,5.0,0.47447041063137413,236.48389311831232,0.7365358366005483,0.6881017899110642,0.07653061224489796,0.7423520349608677,0.7777151409757252,0.7661771510123573,0.7763558705904147,0.7790791794231923,0.7777151409757252,0.8407643312101911,120.48928629094475,-inf,0.3355337467806116,1.1079230133649218,0.12845962966033095,0.6758182104976227,1.1176983409279253,0.10973940023604158,0.24677228496466472,157
-0.9318821000611318,1.767188125692,6.0,2.0,0.4764290549683271,240.02808695043186,0.7357693295251119,0.6921298985915795,0.07653061224489796,0.7456969553459689,0.7790854436211566,0.7676974089610031,0.7777321578309703,0.780443447165769,0.7790854436211565,0.8417721518987342,121.24586097866305,-inf,0.3356286399056843,1.1069468925649601,0.1285074646718514,0.6763504437754724,1.1164308776463432,0.10962283777472057,0.24683348861495027,158
0.4960862653181415,0.5513659214355208,1.0,3.0,0.47645799593214505,240.35104555190225,0.7377165357798138,0.6938415339844068,0.07653061224489796,0.7471114786593896,0.7799454006818483,0.7686806831815173,0.7789927584658766,0.7809003757523162,0.7799454006818484,0.8427672955974843,121.99495018981547,-inf,0.33573126261237457,1.1059830500140546,0.12855469798511374,0.6769009609630533,1.1153538246227113,0.1095233927083856,0.24689392045923078,159
-0.7541114164985057,0.2607613454471123,4.0,1.0,0.4750811536078759,238.82884125639777,0.7356597705326621,0.6952916089573934,0.07653061224489796,0.7485780794942689,0.7804180164970821,0.7692348270527345,0.7792198673570283,0.7816198559232248,0.7804180164970821,0.84375,122.72516200898163,-inf,0.33582022347662377,1.105120007147581,0.12860134088196032,0.6775064292904479,1.1140236437229796,0.10942539568020035,0.24691742360431973,160
0.8787532950012934,0.8967874159118152,1.0,3.0,0.47703691140046883,241.65907234541467,0.7326006797347534,0.6970312915389455,0.07653061224489796,0.7500266946901019,0.7812599177234392,0.7701945759775178,0.7804445352033664,0.7820770057945466,0.7812599177234393,0.84472049689441,123.46388194895947,-inf,0.33590142705768167,1.1042676853105047,0.1286474043639392,0.6780789319620382,1.1128522731578714,0.10932602203226166,0.24693102496385738,161
-0.9600563366956888,1.822107609525444,6.0,2.0,0.47884025694538546,245.06781949118437,0.7319391359285211,0.7008594103607162,0.07653061224489796,0.7532045609762541,0.7825700410175433,0.7716439854692517,0.781758177924817,0.7833835921179312,0.7825700410175433,0.845679012345679,124.21452353872627,-inf,0.33597906463093047,1.103425885965244,0.12869289916095542,0.6786085075826527,1.111818760675335,0.10922735370577327,0.2469424907301305,162
-1.0439318101097583,-1.7177557787506366,4.0,5.0,0.4819025552727129,248.97645147225273,0.7263195352239805,0.6917905444098726,0.07389162561576355,0.7456742435863128,0.776936299923726,0.765812814478912,0.7770587586410959,0.7768138797974521,0.776936299923726,0.8404907975460123,124.97993413954546,-inf,0.33602208028778785,1.1027111567433387,0.12873846436181632,0.6790875846451946,1.11101859045293,0.1091190035315106,0.24689189773599038,163
0.2661141075419217,-0.3109942579102981,2.0,0.0,0.48260341517511246,249.14843046758284,0.7220339751446639,0.692697696064867,0.07389162561576355,0.7461978196991513,0.777970161344939,0.7670080546193141,0.7775883155643608,0.7783523823313492,0.777970161344939,0.8414634146341463,125.73705911715545,-inf,0.3360404338331114,1.1021557537913496,0.12880424653679007,0.6795870027322394,1.1104439522689638,0.10899865661288345,0.2468413466383075,164
-1.5857821717021965,-0.2143265395491702,4.0,1.0,0.4826121896496745,250.3833996733168,0.7216838483177064,0.6939979435017514,0.07389162561576355,0.7475356011023171,0.7784015883281072,0.7675141709655051,0.7778219268595132,0.7789821144110772,0.7784015883281071,0.8424242424242424,126.49249148416249,-inf,0.33605438938891713,1.1016361009182725,0.12886923135206718,0.680086665441243,1.1094973641914065,0.10886648042197296,0.2467807053720628,165
-1.311912054477577,-0.7088346917999163,5.0,1.0,0.4815067611448544,252.37439436479647,0.7234762309447854,0.6858756149610751,0.07142857142857142,0.7409847209258983,0.7756054886753867,0.764646870856761,0.7742904262738253,0.7769250257062851,0.7756054886753867,0.8373493975903614,127.25081620031088,-inf,0.33607645776991174,1.1010801646669448,0.1289334332177626,0.6805727366457897,1.1081237201557093,0.10874008717283744,0.2467387128963441,166
-0.6082395955929709,1.4368974971874813,6.0,2.0,0.48350016705259274,255.68353115573936,0.7225925938023327,0.6897275654671108,0.07142857142857142,0.7441807782576138,0.7769073417122304,0.7660818910106575,0.7755977014033953,0.7782214123043792,0.7769073417122304,0.8383233532934131,128.0198743736967,-inf,0.33609651962227816,1.1005308863347945,0.12899686619883893,0.6810221310627639,1.1069005677390917,0.10861458926208457,0.24668901282397349,167
1.2414352209527268,0.8120586924013596,1.0,3.0,0.4838051651785602,258.0390992959011,0.722158254924662,0.691517624118225,0.07142857142857142,0.7456616519161784,0.7777569359248702,0.7670423937251597,0.7768011298012351,0.7787150970677809,0.7777569359248703,0.8392857142857143,128.79379833156696,-inf,0.3361127401937761,1.0999881470304076,0.12905954402537867,0.6814527981397535,1.1058022398380611,0.10848592813265136,0.24663700783877762,168
-1.0942359599054785,-1.6780052140247534,5.0,5.0,0.4865842542297948,262.1194256559738,0.7171023209074271,0.6908325728910722,0.07373271889400922,0.7449371171467385,0.7779668010755026,0.7673515613339057,0.7774191974479767,0.7785151766960715,0.7779668010755025,0.8402366863905325,129.58270736898947,-inf,0.33610163961351097,1.0995418766533684,0.12911809199094224,0.6818360640620722,1.1048988875495767,0.10834586133141622,0.24653991397585703,169
1.1879999879332883,-0.805680343385409,2.0,0.0,0.4832538088490277,262.79352378322835,0.7223408894941873,0.6918095238736764,0.07373271889400922,0.7455341920114003,0.7789758653481688,0.7685083863535281,0.7779707705732559,0.7799835605352697,0.7789758653481688,0.8411764705882353,130.3663004067203,-inf,0.3361080598451461,1.0991571915714209,0.12918359143679586,0.6822304219332702,1.1039672785216132,0.10821627367193523,0.2464490280220031,170
-0.5937401929361811,1.3060989918729682,6.0,2.0,0.48498272150575905,265.6305864738063,0.7219116139799387,0.6955447200090441,0.07373271889400922,0.748647000008743,0.7802195995083462,0.7698750132928375,0.7792185575446066,0.7812232168060846,0.7802195995083463,0.8421052631578947,131.15731962348687,-inf,0.336113450272438,1.098777005730198,0.12924832480725937,0.6825998117930734,1.1031858538702892,0.10808804378725612,0.24635266223390642,171
1.826212297232353,-0.5535799380941091,3.0,4.0,0.48571871179631876,268.81716749235346,0.723970490222225,0.6962754191365211,0.07373271889400922,0.7491000084362381,0.7809613387750305,0.7707360723758867,0.7799099368068363,0.7820155793745017,0.7809613387750304,0.8430232558139535,131.95766757621286,-inf,0.3361287233836008,1.0984012406545705,0.12932449967302173,0.6829394878958304,1.102559755305741,0.1079549638129433,0.2462571857577952,172
1.16670070186759,-0.2205685589594551,3.0,4.0,0.4836706935143334,269.74171477520514,0.7300797097058812,0.6970885869176913,0.07373271889400922,0.7496421916199888,0.7816999953811309,0.7715893404600175,0.7806009945360328,0.782802095135192,0.7816999953811309,0.8439306358381503,132.75410715539778,-inf,0.3361791676178258,1.0980298196838636,0.12941656504463675,0.6832862707445686,1.1019644411395364,0.10784931633230205,0.24616388027158898,173
-0.5038882087100098,-1.7262178893510258,4.0,5.0,0.48559376186053876,271.73994477178354,0.728899956590286,0.6888849806542385,0.07142857142857142,0.7428240331040438,0.7770058951410348,0.7667501027520999,0.7767190337653052,0.7772929684849229,0.7770058951410348,0.8390804597701149,133.55287633710114,-inf,0.3362163421903431,1.097773408265647,0.12952969587427846,0.6836230495146932,1.101635188304667,0.10774227957967371,0.24602622816991543,174
0.4293635989499961,-0.3206286803708599,2.0,0.0,0.48636924808717413,272.62647942196014,0.7248122522524684,0.6899393507102249,0.07142857142857142,0.743503820997347,0.7780026920180686,0.7678842761098731,0.777293014745632,0.7787136663614228,0.7780026920180686,0.84,134.3475826404432,-inf,0.3362328074665984,1.0976979795074722,0.12966673547710092,0.6839673459055214,1.1014607363560462,0.1076243767584579,0.2458871474273545,175
1.5247674405812857,-0.0116847022830942,3.0,4.0,0.4875796083280867,276.09825136649533,0.7236554061272359,0.6908911048436264,0.07142857142857142,0.7441768745417989,0.7787588121392577,0.768750766072633,0.7780027454257664,0.779516349780553,0.7787588121392576,0.8409090909090909,135.15298416729576,-inf,0.3362475873038821,1.0976234078942766,0.1297872454953071,0.6842792780900848,1.101391404363755,0.10750650051192533,0.24574335045849563,176
-1.1440000525788694,-1.616920474481238,5.0,5.0,0.4897609406517192,280.31197618879935,0.7196740111535749,0.6902032186670308,0.07359307359307359,0.7434769353768608,0.7789213890836452,0.7689978713451416,0.7784767970976892,0.7793664891771903,0.7789213890836453,0.8418079096045198,135.97309146685228,-inf,0.3362441300545842,1.0976032931024713,0.129899447293487,0.6845491211614534,1.1014650635190764,0.10737745897990957,0.24557532223172363,177
-0.4646945966280173,-0.7611869005866151,4.0,1.0,0.4861783034377074,278.8566096879964,0.7239457817095647,0.6911619447784665,0.07359307359307359,0.7445015963693647,0.7792740323284708,0.7694119397424619,0.7786556970955905,0.7798933503893718,0.7792740323284706,0.8426966292134831,136.7758078613531,-inf,0.3362634234753818,1.0975262050140606,0.13001038839730536,0.6848615718830589,1.1011358944486853,0.10727288715312008,0.24543984964909846,178
-0.3517427285670493,1.8365419573769453,6.0,2.0,0.4869388408804707,281.44677496509735,0.7244200389430074,0.694723710088844,0.07359307359307359,0.7474723842254996,0.7804671864754186,0.7707161482293328,0.7798512494461046,0.781084097224527,0.7804671864754187,0.8435754189944135,137.5840255546701,-inf,0.3362838456146494,1.0974499782450735,0.1301200899357179,0.6851562964178142,1.100902000202538,0.10716894359705352,0.24530616141973183,179
0.2901849761200566,0.9142513115421392,1.0,3.0,0.4859361240093621,281.4331688266292,0.7263742448445414,0.6963838862471072,0.07359307359307359,0.748841670760404,0.7812755384425791,0.7716199514788282,0.7809768202751937,0.7815744852126197,0.781275538442579,0.8444444444444444,138.38318746173653,-inf,0.33631110788535784,1.0973745984401861,0.13022857256814807,0.6854716326272007,1.1008184839864736,0.10706553237949987,0.24517637871789782,180
-1.3888176187955492,-1.3213073609536703,5.0,5.0,0.4857427847683635,284.57880570127946,0.7279558523125832,0.6957800548091073,0.07563025210084033,0.7482251143194207,0.7814637767827269,0.7718877996108072,0.7814564521127123,0.7814711015900526,0.7814637767827269,0.8453038674033149,139.19089805974505,-inf,0.3363481889942548,1.0972692697977584,0.13034187078679052,0.685761472653134,1.1007924360699535,0.1069670319119552,0.2450595194115151,181
0.7811173897256479,-0.9220059943135706,2.0,0.0,0.4858692911190809,286.7193200115757,0.7239204162928502,0.6968135009361487,0.07563025210084033,0.748905398275375,0.7824093922053706,0.7729559699622653,0.7820110881226897,0.7828081022336694,0.7824093922053705,0.8461538461538461,140.00149378475513,-inf,0.33636015646102696,1.0973464158179256,0.13047927006325563,0.6860408540660684,1.1008562073260706,0.106851172004561,0.2449403075261698,182
-1.0775109342642994,1.802391162570549,6.0,2.0,0.4871651910471976,289.9615474983884,0.723471776286675,0.7002710148200341,0.07563025210084033,0.7518000384109872,0.7835526507400538,0.7742023765839796,0.7831558594093466,0.78394984434872,0.7835526507400539,0.8469945355191257,140.8209476301848,-inf,0.33637017763680166,1.0974227187121892,0.130615167708284,0.6862947888540499,1.1010276260581568,0.10673655298424152,0.24482277375311814,183
-1.4252290396358844,-0.9084850836491388,5.0,1.0,0.4839658940998424,290.7276172721747,0.7276679178943457,0.6929814722673396,0.07346938775510203,0.7458855279220726,0.7810130129322145,0.7716031207922802,0.7800723066074458,0.7819559908331564,0.7810130129322146,0.842391304347826,141.63565779128257,-inf,0.33640089756802755,1.0974362263720094,0.1307495882049968,0.6865579058849128,1.100759289702593,0.10663871416262898,0.24473696198957806,184
1.090803096834504,0.3548145769646045,3.0,0.0,0.47715701713231495,284.53900933212367,0.7449132942317744,0.6869169558373316,0.07346938775510203,0.740751979979334,0.7769460594266878,0.7674299658974997,0.7759701650280648,0.7779244115721956,0.7769460594266876,0.8378378378378378,142.40810834015198,-inf,0.33653693016551967,1.0971090796265173,0.13083446287332196,0.6869273511406964,1.1004212452440771,0.10662910332245931,0.24468010294927828,185
-1.0873507646324214,-1.0647220292716089,5.0,5.0,0.47462129278874204,287.0439867719974,0.7485235521876931,0.6863659011367631,0.07539682539682539,0.7401931399600967,0.7771353743395535,0.767693674845511,0.7764731185047585,0.7777987608179416,0.7771353743395535,0.8387096774193549,143.18572058978557,-inf,0.3366897501971227,1.096705961233489,0.1309161962503728,0.6872798810247143,1.1001323140384218,0.10665017498521843,0.2446571515879383,186
0.5719537862833153,-1.9255769723011984,2.0,0.0,0.4721096681737942,280.2591590890009,0.7501811012774958,0.6873622930478555,0.07539682539682539,0.7408644443111753,0.778022728828246,0.768693749466829,0.7769597685312848,0.7790886015861966,0.778022728828246,0.839572192513369,143.91873362988832,-inf,0.33686250013634295,1.0958769307874636,0.13093558721749393,0.6877489563838343,1.1000544728526314,0.10666500744230496,0.24467522656177582,187
1.3233014842581483,-0.0731788993970696,3.0,4.0,0.4722897886269152,282.58994525313074,0.752338781520252,0.688189084877932,0.07539682539682539,0.7414432375775691,0.7787007196078944,0.769465134942513,0.7776430911844998,0.7797612287905503,0.7787007196078946,0.8404255319148937,144.65634645767153,-inf,0.3370471455054511,1.0950567198142682,0.13095136434643792,0.6882016283009469,1.1000350795961242,0.10668985106249852,0.24468916534426563,188
-1.1209096593964392,-0.6765200660484868,5.0,1.0,0.4719440603745189,284.83178013723057,0.7528362924136198,0.6813331485587583,0.07335907335907335,0.7358960341507043,0.7763656331337037,0.7670795731924286,0.774840024243907,0.7778972615220082,0.7763656331337037,0.8359788359788359,145.39801541893902,-inf,0.3372318999018743,1.0942165318280646,0.1309669745216365,0.6886396164252727,1.099641554542482,0.10671932422685701,0.2447134758004346,189
1.580871185028283,-0.3721747780062249,3.0,4.0,0.4731966566275471,288.1585365462332,0.7534540556367335,0.6822856031598782,0.07335907335907335,0.7365904690458382,0.7770536710229698,0.7678584509309987,0.7755354728997316,0.7785778248932347,0.7770536710229697,0.8368421052631579,146.1493865827669,-inf,0.33742135669604556,1.093385187925926,0.1309755884605705,0.6890480651214435,1.0993442945635725,0.10674680692285192,0.24473260944566658,190
-1.2677073519443376,-0.6230924594516887,5.0,1.0,0.4732941009079929,290.5480915299279,0.7536644353305904,0.6757371149533739,0.07142857142857142,0.7313126193901929,0.7748913804658346,0.7656525068131467,0.772926583379212,0.7768661921281736,0.7748913804658347,0.8324607329842932,146.90540074479392,-inf,0.337609212252315,1.092542029199015,0.13098411220119108,0.6894408666936511,1.0986960246661526,0.10677325024839637,0.24475824378708766,191
-1.0546622276948712,-1.472151772414854,5.0,5.0,0.47503478326341425,294.5412852640684,0.7491703709547676,0.6751161732675474,0.07326007326007325,0.730711800997234,0.7750179171446764,0.7658443899007983,0.7734196450255308,0.7766228086031055,0.7750179171446764,0.8333333333333334,147.6743376433318,-inf,0.33778056841385884,1.0917228638182241,0.130980753707019,0.6897968439725881,1.0981664168252754,0.10679027044235274,0.24476914416959694,192
0.3859002593764029,-0.6174147372787258,2.0,0.0,0.4762775643580365,296.20221160157416,0.7415370769609964,0.6762449191010169,0.07326007326007325,0.7315020177868782,0.7759031398451653,0.7668352415687014,0.7739398333635719,0.777876432569103,0.7759031398451655,0.8341968911917098,148.44391211979936,-inf,0.3379145585810678,1.091067016530003,0.1309990072187776,0.690148106761119,1.0977963444227312,0.10678842454742243,0.24477478663937602,193
-0.2941074788477753,-0.4674950332099342,5.0,1.0,0.47388169907419353,293.86985016592524,0.7443611818142454,0.6699068987715786,0.07142857142857142,0.7264138273838635,0.7738566150515003,0.764748900079624,0.7715020243199229,0.776225621998412,0.7738566150515004,0.8298969072164949,149.1935303571505,-inf,0.33806234725959616,1.0904058033372768,0.13101707255000264,0.6905477906611069,1.0971408316111542,0.10678533580878163,0.2447957824918442,194
-0.2556003399524276,-1.208030235793752,5.0,5.0,0.4724128796808436,292.86841331448585,0.7521460239078662,0.6693023122547989,0.07317073170731707,0.7258428193462468,0.7739678483903685,0.7649211774225209,0.7719950902125903,0.7759507147810285,0.7739678483903686,0.8307692307692308,149.9303246287266,-inf,0.33824137572189383,1.0897278450078591,0.13107140801533648,0.6909778492815497,1.096631234848751,0.10677381244730602,0.24483669548586595,195
1.4806264424269442,-0.5519628579443201,3.0,4.0,0.472315572229568,295.1121795762401,0.7557144898347241,0.6704035427833352,0.07317073170731707,0.7266635989225686,0.7746670949791489,0.7657065747047229,0.772703497903062,0.7766406972813128,0.7746670949791489,0.8316326530612245,150.67104837845883,-inf,0.33843849867642656,1.0890568046205784,0.13113068585950016,0.6913942253783394,1.0961935994056788,0.10676577993634809,0.24487616887803487,196
-1.4630412027601387,-0.0937879207049294,4.0,1.0,0.47279929386243663,296.35612723668396,0.7540514825198231,0.6710085259879381,0.07317073170731707,0.7273738400087332,0.7749225398349711,0.7660105798399415,0.7727222100823538,0.7771354362677667,0.7749225398349711,0.8324873096446701,151.4105665452518,-inf,0.3386240349228753,1.0884269512914375,0.13118936189813932,0.6918104670212399,1.0955010520138657,0.10675044663456018,0.24489795802024797,197
0.6122679453892257,0.1847031406556858,2.0,0.0,0.4689880637487002,293.5106586332949,0.7608388916536354,0.6722084249134386,0.07317073170731707,0.728232053549567,0.7757947769618249,0.7669819545339073,0.773256496159937,0.7783497768947798,0.7757947769618249,0.8333333333333334,152.12824377801974,-inf,0.33884499035765153,1.0877465560804516,0.13123903091395683,0.6922810202729252,1.094867414047123,0.10675596434538621,0.24493127551117774,198
0.1611851169557626,0.1069030284748375,2.0,0.0,0.4667356551748922,290.1863604662275,0.7629197477436325,0.6734691789991787,0.07317073170731707,0.7291590883307041,0.7766522469161435,0.7679346238913136,0.7737925295086414,0.7795331801378447,0.7766522469161434,0.8341708542713567,152.8220031583625,-inf,0.33907791818836314,1.0870117460606714,0.13127914333898924,0.692812813174982,1.0943937794586918,0.10676497307972374,0.244976670075981,199
-0.6526459419867621,-1.0007804546072625,5.0,5.0,0.46420351252211467,291.2075704025034,0.7686716110782643,0.6729531751909873,0.07482993197278912,0.7286677539487035,0.7767819124792893,0.7681214644433322,0.7742855799183812,0.7792943936877097,0.7767819124792893,0.835,153.5139309945832,-inf,0.33933128072635904,1.086222961548502,0.13132559728627669,0.693345897941437,1.0939954578671562,0.10679411713827829,0.2450547528063673,200
-0.4945718723257034,1.0546074043685765,6.0,2.0,0.46455320686032986,292.2355556942704,0.7693584299589578,0.6762048166371886,0.07482993197278912,0.7313647151901462,0.7778861659619939,0.7693150566632689,0.775398611971899,0.780389731949303,0.7778861659619939,0.835820895522388,154.20408833139757,-inf,0.33958382290697875,1.0854420256384434,0.1313715890052329,0.6938801169614394,1.0937181005980623,0.10682416332138511,0.24513155292620137,201
-0.8758601572369967,1.4096642766820326,6.0,2.0,0.4662839113258114,295.5848911854154,0.7685444155855752,0.6794694412531614,0.07482993197278912,0.7340855577496386,0.7789649567302638,0.7704803127643209,0.776486013064433,0.7814597792218605,0.7789649567302637,0.8366336633663366,154.90399329602144,-inf,0.33983190164729,1.0846688217670986,0.13141712536063507,0.6943842277424741,1.0935474255986823,0.10685319812721432,0.24520218767210356,202
-0.1902806000183347,1.213143957661399,6.0,2.0,0.4656421466601305,296.13422906671263,0.7697166669357104,0.6827443108253802,0.07482993197278912,0.7368272255900302,0.7800193378191649,0.7716184520962962,0.77754884229425,0.7825055823278154,0.7800193378191648,0.8374384236453202,155.5997087431677,-inf,0.34008077618119287,1.0839032356678853,0.13146221308199388,0.6948960623070625,1.0934794710729168,0.10688402509144355,0.24527397356396172,203
-0.5830540823966365,-0.3822454513311166,4.0,1.0,0.465452236945023,296.50476101092374,0.7700208370199646,0.6832546629760444,0.07482993197278912,0.737437196392199,0.7802679915649963,0.7719117268487493,0.7775748452177725,0.7829798582852991,0.7802679915649963,0.8382352941176471,156.2904197836959,-inf,0.3403270609466297,1.083142022268896,0.1315068587668688,0.6954178277131984,1.0931445424425068,0.10691040156232429,0.24534602483655887,204
-0.0357445337517847,0.1440465485788749,2.0,0.0,0.463094723538081,291.8590109756148,0.7717217650322511,0.6844456395813157,0.07482993197278912,0.7383166627149249,0.7810860736011033,0.7728167349610305,0.7780918190645603,0.7841034621549362,0.7810860736011032,0.8390243902439024,156.95172998463212,-inf,0.3405864292233789,1.0822797964879158,0.13153465386718885,0.6960167811376872,1.0929971109559318,0.10694041350333866,0.2454346357302968,205
-0.4269235943330673,0.1577835557146572,4.0,1.0,0.46159487982130476,289.0969505898526,0.7714311755006958,0.6850005157326948,0.07482993197278912,0.7389695773701526,0.7813360725697045,0.7731100520467804,0.7781280060971887,0.7845707009874378,0.7813360725697045,0.8398058252427184,157.59321163805552,-inf,0.3408434567462765,1.0814678317390063,0.131562179112166,0.696668016812278,1.092666219485851,0.10696378641797517,0.24550877252308442,206
1.4144700949863065,-0.0635887999336441,3.0,4.0,0.462572782858506,291.922913876764,0.7717637271190291,0.6859635489592955,0.07482993197278912,0.7396747804495593,0.7819909796176258,0.7738400600273585,0.7787972200916274,0.7852110415015389,0.7819909796176258,0.8405797101449275,158.2421473976628,-inf,0.3411030958123746,1.0806637120601343,0.13158190818760962,0.6972939950922535,1.0923981943373826,0.1069894518499033,0.24557736143882805,207
-0.3796867973803805,-0.8240615300948531,5.0,1.0,0.4588365446815455,290.14384564030775,0.7765735535226083,0.679813562247304,0.07308970099667775,0.7347399890528721,0.7800133219987447,0.7718240099575255,0.7764671444004995,0.783592039471307,0.7800133219987447,0.8365384615384616,158.87629017767554,-inf,0.3413841435051491,1.0798266690929352,0.13160144756040473,0.6979581954556173,1.0918368991870742,0.10703958746583875,0.24567721233138057,208
0.4181977294328831,-0.8788900102588881,2.0,0.0,0.4597602136709675,291.66942381408984,0.7699332198617245,0.6810654286671645,0.07308970099667775,0.7356779628153172,0.7808213389830972,0.7727147325415952,0.7769949444915304,0.784685606962418,0.7808213389830972,0.8373205741626795,159.5116640228258,-inf,0.34162783885983844,1.0791056197882978,0.13163695727891575,0.698614817031738,1.0914108510005198,0.10707102366665845,0.24577257876985142,209
-0.3788487077719591,1.1680904050895016,6.0,2.0,0.46031517138919836,293.11033461457833,0.770463352197997,0.6841891966393728,0.07308970099667775,0.7382849696695298,0.7818367089387096,0.7738077556272365,0.7780230013310327,0.7856879887270224,0.7818367089387097,0.8380952380952381,160.14784816850081,-inf,0.3418705584021371,1.0783914376198949,0.13167212880963144,0.6992651292258647,1.0910864869064467,0.10710346855531985,0.24586532953006032,210
1.3587760347000897,-0.3483142312146104,3.0,4.0,0.4606418996980973,295.4744921482746,0.7728052564710767,0.6852007814892002,0.07308970099667775,0.7390382798840113,0.7824859992123018,0.7745284699371879,0.7786887805940711,0.786320433022805,0.7824859992123018,0.8388625592417062,160.78920667077463,-inf,0.3421251362193257,1.0776840249507187,0.13170461068823328,0.6998968545706461,1.0908133205151724,0.10714160621942062,0.24595397414764125,211
0.6618734271600548,-0.1424511062961157,2.0,0.0,0.45988881503941353,296.01895700809536,0.7732658369012716,0.6864520876520421,0.07308970099667775,0.7399899568438474,0.7832695427702303,0.7753899434679361,0.7792065294992833,0.7873751496422183,0.7832695427702303,0.839622641509434,161.4270828516111,-inf,0.34237793981794395,1.077062666728411,0.1317486211974172,0.7005345187151744,1.0905961680687408,0.10718301982701554,0.24604074628296588,212
-0.7396375215950624,0.7584764119522144,6.0,2.0,0.4586358910959924,295.1715441988113,0.7742594532655271,0.6895173032146719,0.07308970099667775,0.742557249424531,0.784251648820796,0.7764457101253648,0.7802018804087562,0.7883436785987141,0.7842516488207959,0.8403755868544601,162.05499112084672,-inf,0.34263129872182674,1.0764471428556084,0.13179221846238343,0.7011965375724345,1.0905010522228076,0.10722530475232407,0.24613224916500429,213
1.5872317682406698,0.7870396138425739,1.0,3.0,0.45729906808477633,295.7571279325881,0.7758261360756467,0.6909028291038024,0.07308970099667775,0.7436333344573169,0.7850014007327438,0.7772665946625844,0.7812216577870513,0.7888178961520623,0.7850014007327437,0.8411214953271028,162.67976746108855,-inf,0.3428858037654867,1.0758373715423648,0.13183540827627518,0.7018635430234287,1.0904656773798918,0.1072592894053151,0.24622962914747415,214
-1.0389812778211454,0.2932240383788037,4.0,1.0,0.4564867107673729,295.0785138804294,0.7734158039718447,0.6913060213964182,0.07308970099667775,0.74414495801536,0.7852221830700665,0.7775260164644555,0.781225632589428,0.7892598344722016,0.7852221830700665,0.8418604651162791,163.2955755839692,-inf,0.34312611124010167,1.0752898780005278,0.13187819632445635,0.7025522859869765,1.0902599968341524,0.10729679270517527,0.24629952806783634,215
0.4769112472699165,-0.770079837455382,2.0,0.0,0.45746689464502915,296.89229384255873,0.7668518524129699,0.6925366756868504,0.07308970099667775,0.7450886266666065,0.7859804228140621,0.7783573824428854,0.7817320919384585,0.7902751811937051,0.7859804228140621,0.8425925925925926,163.91407890924043,-inf,0.3433353060214292,1.0748666647290464,0.13193813586180714,0.7032293247582977,1.0901638545962145,0.10731830062493959,0.24636413106465435,216
1.7331149779290442,-0.0796001215491002,3.0,4.0,0.45920481652883954,300.66670838614664,0.7642538583158066,0.6935065230385405,0.07308970099667775,0.7458151072820334,0.7866042128835524,0.7790468413586583,0.7823737247041613,0.7908807003838805,0.7866042128835524,0.8433179723502304,164.54427535844275,-inf,0.34353334251876366,1.074447352040712,0.13198744654340652,0.7038694130601182,1.0901676973108987,0.10733498399811081,0.24642295734973418,217
0.8189077893539276,-1.4174087579745092,1.0,0.0,0.45847978542415313,299.6588837004088,0.7652794383906932,0.6863812887562388,0.07308970099667775,0.7398823258340971,0.7815099274794776,0.7738110769969556,0.7773810637170687,0.7856828842712229,0.7815099274794777,0.8394495412844036,165.1640671398279,-inf,0.3437283801320138,1.0739758883872799,0.13202818647624728,0.7045349906134868,1.0902443685281804,0.10733802464943629,0.24649151051141624,218
-0.2667143879074414,0.9267795049544784,6.0,2.0,0.4574680422519395,299.15099076522984,0.7665472314439213,0.6893608492655557,0.07308970099667775,0.742377829854104,0.7824737715356219,0.7748449245884327,0.7783579561555497,0.7866333456711291,0.7824737715356219,0.8401826484018264,165.7758795764736,-inf,0.3439252333539831,1.0735087303379884,0.13206855435490686,0.7052193880505219,1.090420077919835,0.10734484515237888,0.24656313614941724,219
0.3146922326945349,-0.5601018893254852,2.0,0.0,0.4586362035901859,300.4587662571792,0.7607372767134938,0.6905181289937898,0.07308970099667775,0.7432769106082843,0.7831909630034998,0.7756307789943337,0.7788102650119475,0.7876212213830083,0.7831909630034997,0.8409090909090909,166.38807451593132,-inf,0.3440954343698833,1.073151264310327,0.13212384228472102,0.7058988134942003,1.0907164757403975,0.10734033555223318,0.24663017072461432,220
-0.1209347693396909,1.934277307469908,6.0,2.0,0.45815638452604135,301.4714500848449,0.7618913140923137,0.6934718194003021,0.07308970099667775,0.7457592189562381,0.7841297170003629,0.77663684598158,0.7797626529895995,0.7885459720262551,0.7841297170003628,0.8416289592760181,166.99931150945585,-inf,0.34426754352780653,1.072797033269341,0.13217862987127896,0.7065771104080968,1.0910634405567503,0.10733546255159203,0.24670246348942304,221
-0.8139729912504261,-0.7279207845123306,4.0,1.0,0.45695722390787374,302.7630515526305,0.7633551328670606,0.693898571829961,0.07308970099667775,0.7462770763992618,0.7843663677670931,0.7769107862128911,0.7797964991334354,0.7889901140631201,0.7843663677670931,0.8423423423423423,167.61085988802867,-inf,0.3444437623994326,1.0724169597420543,0.132232923875976,0.7072507046559231,1.091131406366604,0.10734011357045718,0.24678749165876215,222
1.5401884765891083,-0.9721420532434628,3.0,0.0,0.4523773061331073,300.47844506512826,0.7734346596947042,0.688024684924596,0.07308970099667775,0.7413668615019112,0.7806929381142579,0.7731498445090851,0.7760258295838761,0.7854165233562912,0.780692938114258,0.8385650224215246,168.20667865563902,-inf,0.3446621707813901,1.07191540134626,0.13226850626914816,0.7079653557701849,1.0911448830550476,0.10737170992731963,0.24688819843789736,223
-0.3569562949360417,-0.9074339426889992,5.0,1.0,0.4484135998777396,298.4693549575521,0.7786691443546337,0.6825711008734079,0.07142857142857142,0.7369832867352956,0.7789377436308859,0.7713656644605915,0.7739270946156535,0.7840136964998661,0.7789377436308859,0.8348214285714286,168.78820846055828,-inf,0.3449040045856403,1.0713750891395715,0.1323037709623813,0.708717617088995,1.0908842910301442,0.10743015672274506,0.2470216772880061,224
-0.7985382523006933,1.886530693996468,6.0,2.0,0.4496926010997326,301.7160626340566,0.7783801890207274,0.6855508704936066,0.07142857142857142,0.7394856564836266,0.7798754725502285,0.7723693436134461,0.7748799354937922,0.7849358385356128,0.7798754725502285,0.8355555555555556,169.3789989235516,-inf,0.3451425894643665,1.0708395797080534,0.1323387221916746,0.7094389503352267,1.0906885788223095,0.1074872800802883,0.24715288827811763,225
-1.107146315334685,-0.6692291500034323,4.0,1.0,0.4495755311452167,303.7799285717041,0.7785982067475231,0.6860035331198128,0.07142857142857142,0.7400333240418339,0.7801085799138062,0.7726387733959296,0.774904397929199,0.7853831360767438,0.7801085799138062,0.8362831858407079,169.97369330252573,-inf,0.34538024946343865,1.0702893280925125,0.13237336411805378,0.7101451946908873,1.090239233994678,0.10754624517821797,0.24729058596919817,226
-0.910902843993586,-1.3800570305428463,5.0,5.0,0.4506430859928122,307.11680018950113,0.7741296119869961,0.6854202078285165,0.073015873015873,0.7394548445540464,0.7802134160777974,0.7727882419174816,0.7753808219338608,0.7851066267161146,0.7802134160777972,0.8370044052863436,170.57784795841548,-inf,0.3456059007542362,1.069745803764137,0.13239746527457202,0.7108208331202012,1.0898729231025261,0.10759996312013034,0.24742058682548326,227
0.0976697450499273,-0.3943096879577098,2.0,0.0,0.4505929915751464,306.8936990700447,0.7702847804331769,0.6864918896814939,0.073015873015873,0.7402873023838178,0.7808905962728315,0.7735287321610704,0.7757892825381453,0.786059442920637,0.7808905962728314,0.8377192982456141,171.17572449837877,-inf,0.3458109747589531,1.0692533576223107,0.13242809656058527,0.7115104479421136,1.0896495533388748,0.1076463540567136,0.24755010541934855,228
-0.685411366209374,-1.0203726378327898,4.0,5.0,0.44865636523518043,308.2652730531177,0.7749490365981792,0.6804629621949436,0.07142857142857142,0.735229201402322,0.7772159758934,0.7697687420233384,0.7726253114585673,0.7818615185815377,0.7772159758934,0.834061135371179,171.7743688152117,-inf,0.34603126335296236,1.068716154116919,0.13246115550048962,0.7121941731004953,1.08947986230147,0.10771107030816678,0.24770570428894664,229
-0.3011108002405597,0.9271489604208888,6.0,2.0,0.4479912106178984,308.00117737744483,0.7760192696582431,0.6834011222550064,0.07142857142857142,0.737697605959632,0.7781394477373849,0.7707555336298626,0.7735622682798831,0.7827711160844392,0.778139447737385,0.8347826086956521,172.3666592872214,-inf,0.3462525226425409,1.068183621946357,0.13249392697135132,0.7128921285939958,1.0894019261585892,0.1077785179608294,0.24786281982358635,230
0.2328659601379886,0.9325511131194754,1.0,3.0,0.4466134886883284,307.8027649314946,0.7783634178073472,0.6846227143815651,0.07142857142857142,0.7386253687381131,0.778857320575418,0.7715365259572666,0.774548152713025,0.7832147044539605,0.778857320575418,0.8354978354978355,172.95296277485897,-inf,0.34647915688847725,1.0676557004439384,0.13252641470653456,0.7136033535905788,1.0894193733927697,0.10784842040064599,0.24802127511406444,231
-0.9541062957030636,0.0824225718120546,4.0,1.0,0.44718867949961794,308.389964386675,0.7759375524736268,0.6850267819791596,0.07142857142857142,0.7391271468212615,0.7790719111290225,0.7717850557207416,0.77458145326595,0.7836147373795725,0.7790719111290224,0.8362068965517241,173.53674295422022,-inf,0.34669150915972297,1.0671671430283731,0.1325586223750352,0.7143180203792842,1.0892691688888292,0.1079124648344366,0.24815722181078478,232
-0.5726514953458677,0.1695336645149888,4.0,1.0,0.446502158393224,307.0558495267627,0.7746775342490961,0.6854773843741603,0.07142857142857142,0.7396743015810168,0.7792890905210531,0.772035673303369,0.7746220739916736,0.7840126844910882,0.7792890905210531,0.8369098712446352,174.10978633006803,-inf,0.3468958078897461,1.0667203955072104,0.132590553582862,0.7150597242792996,1.0889756691670964,0.10797106940358077,0.24827492349820515,233
-0.931821307882412,1.25815100444352,6.0,2.0,0.447586007732742,309.5185377488352,0.7741906677644453,0.6883221033436021,0.07142857142857142,0.74206217803208,0.7801862853219059,0.7729932660905608,0.7755327757415034,0.7848959778932526,0.7801862853219059,0.8376068376068376,174.688456207926,-inf,0.3470969632902795,1.0662774663409293,0.13262221187438264,0.7157814926239868,1.0887666539813887,0.108027945947879,0.2483887519552441,234
-1.5690096147938235,-0.9681861464042276,4.0,1.0,0.44460851397897816,309.457250638513,0.7786090456674781,0.6887840254222016,0.07142857142857142,0.7426198722580614,0.7804039792998192,0.773243589802532,0.7755789287952837,0.7852894410796709,0.7804039792998191,0.8382978723404255,175.26194043954553,-inf,0.3473177624550068,1.0658013972447151,0.13265360073363497,0.7165143643077161,1.0882894235579694,0.10809520596297889,0.2485305958169019,235
1.579827317275128,0.8287101940647397,1.0,3.0,0.44388077869776466,310.3293238347153,0.7796918032141361,0.6899719262377806,0.07142857142857142,0.7435194736147526,0.7811026335381385,0.7740019435755496,0.7765347444268378,0.7857245809572264,0.7811026335381384,0.8389830508474576,175.8342598607115,-inf,0.3475383213519694,1.065329362632367,0.1326847235856055,0.7172468363384569,1.0878632574760083,0.10815758770533164,0.2486762996089425,236
0.4122164342919171,0.1073625872896563,2.0,0.0,0.44235509276418195,308.8013220226618,0.782170036472777,0.6909992389145806,0.07142857142857142,0.7443100374000219,0.7817659797582845,0.7747240720601483,0.7769459416828614,0.7866461965349791,0.7817659797582844,0.8396624472573839,176.39530231709102,-inf,0.3477672286027842,1.0648554568921815,0.1327147250101402,0.7180080925173473,1.0875108927435602,0.10822237727526544,0.2488259704188788,237
-0.9577306848355364,-1.841716281300052,5.0,5.0,0.4445788297480086,311.91547431490943,0.7781288391965693,0.6904120922120016,0.0729483282674772,0.7437357822776908,0.7818485486988715,0.7748458391332037,0.7773410149799945,0.786408662593736,0.7818485486988717,0.8403361344537815,176.9647148044768,-inf,0.3479759088227536,1.0644519051110288,0.13275020208876348,0.7187414597670293,1.0872806730686195,0.10828248245229505,0.24893508261206593,238
0.5143615435202442,-1.341814114863929,2.0,0.0,0.4442746798456252,311.69009181620675,0.7759233673488702,0.6914753737843652,0.0729483282674772,0.744565800336189,0.7825015982457288,0.7755555660855096,0.7777511235913194,0.7873104609738694,0.7825015982457288,0.8410041841004184,177.52841931080204,-inf,0.34816843549767496,1.0640435502670749,0.13278419043034034,0.7194874991686657,1.0871516412777331,0.10833132272093247,0.24904844990523317,239
1.625947831497015,-0.3346779952595156,3.0,4.0,0.4457159335485967,314.9863374464649,0.7753027021432405,0.6922747097453461,0.0729483282674772,0.7451333928132294,0.7830879098148756,0.7761974921920669,0.778383556975296,0.78784947224603,0.7830879098148756,0.8416666666666667,178.10116063636733,-inf,0.34835939605857097,1.0636385983801537,0.13281105634493073,0.7202040814104741,1.0870904152626812,0.10837739770571,0.24915676640257123,240
1.7417278099560212,-0.3344841185808984,3.0,4.0,0.4472379499635702,318.51085010242207,0.7742624421924131,0.6931140841679333,0.0729483282674772,0.7457449744075739,0.7836694782152641,0.7768331519158822,0.7790098053696871,0.7883852304753483,0.7836694782152641,0.8423236514522822,178.68377345572856,-inf,0.3485455451224246,1.0632370070898045,0.13283182631340748,0.7208894178059734,1.0871089704541912,0.10841940489558327,0.249260332000069,241
0.4771917285495778,0.1696713359024107,3.0,0.0,0.44515049314980293,316.6145730876047,0.7777364039978313,0.687750641773259,0.0729483282674772,0.7412688058645978,0.7804501835067553,0.7735447330587691,0.7756888862039701,0.7852702929530723,0.7804501835067552,0.8388429752066116,179.25373543767847,-inf,0.3487446917524078,1.062819818786887,0.13284972832851566,0.7216066637407756,1.0871863420005088,0.10846747667245459,0.24936916654146743,242
0.9852811354888495,0.7020758353027352,1.0,3.0,0.44591122313253867,318.8896023808346,0.7764129495354061,0.68894976993267,0.0729483282674772,0.7421862680350417,0.781135530280167,0.7742859570450293,0.7766166014480286,0.7857073558338322,0.7811355302801669,0.8395061728395061,179.82836863497542,-inf,0.3489396110432304,1.0624060641325526,0.1328674830019357,0.7223072317684034,1.0873273572444873,0.10851527101818179,0.2494731722383479,243
-0.7639376739336545,0.8418610339354592,6.0,2.0,0.4454827009900236,319.0957446583179,0.776895646243117,0.6916214588234069,0.0729483282674772,0.7444264260161765,0.78199676080545,0.7752024543895655,0.7774905486744872,0.7865555120288864,0.7819967608054498,0.8401639344262295,180.39913656949727,-inf,0.3491340546924865,1.0619957009098113,0.13288509214524577,0.7230151085709583,1.0875564793257404,0.10856347004858191,0.24957803360770195,244
2.109768184235312,0.3861756720973879,1.0,4.0,0.4451161736716915,321.1039926050977,0.7764754403622307,0.6862543527488908,0.0729483282674772,0.7399188821098982,0.7784855516943612,0.7716144637562102,0.7741826657094358,0.78283653565065,0.7784855516943612,0.8367346938775511,180.97344210433644,-inf,0.34931709869049266,1.0615886875909293,0.13292502824775007,0.723709612572743,1.0879049566460497,0.10861264771017043,0.249686197118097,245
-0.4417449511202702,0.1497552443850842,4.0,1.0,0.444102552182905,319.1468414558093,0.7757830951650577,0.6867735323156355,0.0729483282674772,0.7405035317265808,0.778723189951589,0.7718832710538496,0.7742592682408538,0.7832388828171626,0.778723189951589,0.8373983739837398,181.53512258950505,-inf,0.34949581843474714,1.061217300602974,0.1329646396664942,0.7244360203382431,1.0881132503742839,0.10865570692644128,0.24978097745634503,246
-0.9426549265613392,-0.5894755420439405,4.0,1.0,0.4443211326779359,321.07437727315613,0.7752338742462784,0.6873311202038138,0.0729483282674772,0.7411259151418989,0.7789621987630555,0.7721529988113199,0.7743412065796879,0.7836386749219234,0.7789621987630555,0.8380566801619433,182.100058843285,-inf,0.3496718459359452,1.0608359997290149,0.13300393034500557,0.725149744453632,1.0881123741627265,0.10869909912550635,0.2498785196380193,247
-0.914709219635408,-1.5450095368428554,5.0,5.0,0.4460236954154235,324.52182706151723,0.7712603145749265,0.686882521582831,0.0744047619047619,0.7406670014035199,0.7790891286688192,0.7723177978088182,0.7747580568824052,0.7834688960050566,0.7790891286688192,0.8387096774193549,182.67434016674562,-inf,0.34983362856558514,1.0604796558673162,0.13303589296520293,0.7258340400929317,1.0881933423129115,0.1087344268532604,0.24995905191722703,248
0.3432417271234805,0.7241851282070663,1.0,3.0,0.44571103786283667,324.7253857928636,0.7731067837556553,0.6879972398972043,0.0744047619047619,0.7415209963940959,0.7797373809698208,0.7730182913162271,0.7756561422140185,0.7838617950795836,0.7797373809698208,0.8393574297188755,183.24482629375817,-inf,0.3499994368723984,1.0601261742053094,0.13306759885752725,0.7265254276450541,1.0883529770142104,0.10877470346533925,0.2500393792900184,249
-0.3688833407747274,1.6876882268948377,6.0,2.0,0.4466817336289681,327.436227430386,0.7731815273867065,0.690603036490071,0.0744047619047619,0.7437030339452692,0.7805848673737824,0.7739187573704902,0.7765148309215857,0.7846977941317739,0.7805848673737823,0.84,183.82159189830466,-inf,0.35016403502955684,1.059775520396599,0.13309905110271297,0.7271962056499263,1.0885628257321918,0.10881377632497893,0.25011715576712445,250
-0.8189639823200859,-0.8957053185272034,4.0,1.0,0.44406636380914,328.1880273400125,0.7757684252230103,0.691157745477794,0.0744047619047619,0.7443182494768925,0.780822655998959,0.7741861173470371,0.7765991815195794,0.7850923197525879,0.780822655998959,0.8406374501992032,184.39675697974576,-inf,0.3503371455763275,1.0593961606007096,0.1331302527323992,0.7278680451748111,1.0885462155884211,0.10886874400696542,0.25021227169954974,251
-1.0153589660758129,-1.526867712453909,5.0,5.0,0.4457257641862438,331.740680694847,0.7721684059668776,0.6907512359003504,0.07580174927113703,0.743901814003099,0.7809604561776791,0.7743602483878174,0.7770141094638575,0.7849470934148831,0.7809604561776791,0.8412698412698413,184.9814550897263,-inf,0.3504979516661789,1.0590369839356994,0.1331545068579372,0.7285108373520881,1.0886008416983233,0.10891631418753787,0.25029312382424324,252
1.226322774156642,1.0139805487932785,1.0,3.0,0.44667893570052514,334.2023589523408,0.7710842054109417,0.6918563605058414,0.07580174927113703,0.7447542503859433,0.7815932283855791,0.775042800426089,0.7778861390509425,0.7853358198726961,0.7815932283855791,0.841897233201581,185.57126103384732,-inf,0.3506533726917486,1.0586806466119147,0.13317856925125748,0.7291368333123643,1.0887063998480226,0.10895866852386178,0.2503715870866032,253
-1.1365394637545356,1.3723287096884609,6.0,2.0,0.4474573406891345,336.50554084927205,0.7707059397196078,0.6943995953471677,0.07580174927113703,0.7468857810816527,0.7824176803953452,0.7759178715519237,0.7787206229540051,0.7861500096253968,0.7824176803953453,0.84251968503937,186.16549048193954,-inf,0.3508063746571584,1.0583271150938292,0.13320244217691385,0.7297480412700794,1.0888799237862319,0.1089998584712276,0.250448968144289,254
-0.6249890889160041,1.3571097547555493,6.0,2.0,0.4488899375094909,339.4539901530647,0.7700017049788489,0.6969463834577698,0.07580174927113703,0.749027184480307,0.7832275958366309,0.7767772277661175,0.7795404225049928,0.7869498150927196,0.7832275958366309,0.8431372549019608,186.76662185319884,-inf,0.3509572266918205,1.0579763563719637,0.13322612786393762,0.7303381944892147,1.0891152904738601,0.10904006959130944,0.25052169560618665,255
-0.3813410830923124,1.265108315933921,6.0,2.0,0.4497184823124382,341.49482069746466,0.7700843043013098,0.6994954738286993,0.07580174927113703,0.7511770655890476,0.7840234337313412,0.7776213758573717,0.7803460008005981,0.7877356910737304,0.7840234337313411,0.84375,187.37102887993427,-inf,0.3511071760391238,1.057628337952613,0.1332496285065315,0.7309169149384127,1.0894119357820142,0.10908053824564733,0.2505913643931032,256
1.0928147251093712,0.3542002536176257,3.0,0.0,0.4453031681660137,337.3351599905922,0.7810082218335815,0.6947813468175658,0.07580174927113703,0.7472300955837129,0.7812630931319119,0.7748085136442117,0.7774840692928615,0.7850790329023241,0.781263093131912,0.8404669260700389,187.9545468998201,-inf,0.35130341949565524,1.05717733120412,0.13325775616106514,0.7315471235983924,1.0896827338709443,0.109160033768222,0.2506741589992432,257
-0.2752355636341673,1.2224574869339413,6.0,2.0,0.4456606689406701,338.7741261146012,0.7814126859000406,0.6973552807920419,0.07580174927113703,0.7494062837545575,0.7820538930673907,0.7756468563946053,0.7782846543005132,0.7858598184142814,0.7820538930673907,0.8410852713178295,188.53911891228046,-inf,0.35149910198030027,1.0567298206319715,0.13326582081052482,0.7321714764252316,1.0900139945676874,0.10924025677116234,0.25075503609272065,258
-0.7303627360668696,-1.4770385075338548,5.0,5.0,0.4468739832758552,341.8082621325315,0.7791063529991046,0.696984813656515,0.07714285714285715,0.7490251681705582,0.7822073643908183,0.7758349118358889,0.7786997933960662,0.7857466773301557,0.7822073643908183,0.8416988416988417,189.1308916660266,-inf,0.3516852500578779,1.0562976126533992,0.13326870493774012,0.7327739698202841,1.0904219129989314,0.10931325394007903,0.2508251882059724,259
-0.0326209273420059,0.1453814752521556,2.0,0.0,0.4453280715316321,338.1702969330152,0.7800316918857574,0.6977558968333984,0.07714285714285715,0.749608698103335,0.7827785169209374,0.7764531165455864,0.7790110788364569,0.7865825721125419,0.7827785169209373,0.8423076923076923,189.70412014782275,-inf,0.3518765800472063,1.0558136425252147,0.133263753125651,0.7334222277401048,1.0909408296899397,0.10938786826150154,0.2509040802868867,260
-0.3780064058739943,-1.4780387058705142,5.0,5.0,0.44580283133299603,339.49989151663186,0.7811409633868612,0.69743243236537,0.07843137254901962,0.749274487477219,0.7829416262144095,0.7766499239458909,0.7794273267087425,0.7864877599607261,0.7829416262144097,0.842911877394636,190.27805030632388,-inf,0.3520675548525462,1.0553475352934807,0.1332670739452509,0.734065536318317,1.091552017352569,0.10945328977762175,0.2509746391851348,261
1.377944188276466,0.0204653013927963,3.0,4.0,0.4461489914657576,341.83400528606876,0.7821804063656529,0.6979432562715593,0.07843137254901962,0.7496186426947349,0.7834049693886489,0.7771565215621823,0.779949325166282,0.7868913710460976,0.7834049693886488,0.8435114503816794,190.85650814975804,-inf,0.35226180363893295,1.054884986132218,0.1332676613748466,0.7346938426774956,1.0921931708622172,0.10952086373785527,0.25104206070095064,262
-0.7507403887815349,-0.6675766723409517,4.0,1.0,0.44560203618304395,343.11721876237476,0.7828106924336465,0.6984446418193445,0.07843137254901962,0.7501635966509503,0.7836452265787299,0.7774241743343152,0.7800435749075296,0.7872802919396666,0.78364522657873,0.844106463878327,191.4354462129239,-inf,0.352456593574922,1.0544101155752865,0.13326824433729711,0.7353178896529077,1.0926307620743314,0.10959236278169143,0.25111613493612084,263
1.778966529663046,0.591468323835587,1.0,4.0,0.4438679523938572,344.21033919968863,0.7839129285015427,0.6936190002199726,0.07843137254901962,0.7461097843550832,0.7806077181040253,0.7743270380099531,0.7771984456833778,0.7840470326571808,0.7806077181040253,0.8409090909090909,192.01413898938893,-inf,0.35264790085242254,1.053938842522574,0.13328804492864055,0.7359396023066237,1.0931397684341084,0.10966091722138804,0.2511934611179589,264
-1.0532023053430457,-0.8150029082535971,4.0,1.0,0.4427396710126725,345.80353845910787,0.785284885305054,0.6941961375381324,0.07843137254901962,0.7467221857027925,0.7808590848505602,0.7746058628427807,0.7773077169457371,0.7844430527179196,0.7808590848505601,0.8415094339622642,192.59447634587846,-inf,0.35284262496010177,1.053449367434913,0.13330769608155876,0.7365540801402438,1.0934360993103927,0.10973612745456633,0.2512816260010004,265
0.4667092640082076,-1.2170829958328149,2.0,0.0,0.4426338817203211,345.936229985219,0.7823272083561332,0.695001497997734,0.07843137254901962,0.7473357799901582,0.7814299829242111,0.7752219281273435,0.7776322004538558,0.7852650424950854,0.7814299829242111,0.8421052631578947,193.17094910392106,-inf,0.35302027046103207,1.0529773063592607,0.13332925748425298,0.7371756825835143,1.093814137863171,0.10980070388125082,0.25137164253538274,266
0.3012615554995636,0.62787157280961,1.0,0.0,0.4382195325200357,339.4926827778596,0.7896879585425157,0.6891278796570413,0.07843137254901962,0.7424601845985429,0.777346440362508,0.7710475389906581,0.7735825705133237,0.7811471155432056,0.7773464403625078,0.8389513108614233,193.71897057835534,-inf,0.35323426791140833,1.052378877683017,0.13333119131202317,0.7378699797299931,1.0942475041090702,0.10988013258968604,0.25147853182098023,267
-1.473007895848523,0.0762207073660756,4.0,1.0,0.4383218222668723,339.77019018953496,0.7884178562931209,0.6897784242988825,0.07843137254901962,0.7431363269364258,0.7776106539442866,0.7713392347199427,0.7737103403587713,0.7815504901276802,0.7776106539442866,0.8395522388059702,194.26393781571048,-inf,0.35344133106791237,1.0518115177214453,0.13333311070824286,0.7385694623584833,1.0945380922497205,0.10995598755078743,0.2515708270947084,268
-1.1840444171397009,-0.6221182344043052,5.0,1.0,0.4385889254059551,341.8175714029049,0.7882393272153535,0.6848831173043913,0.07692307692307691,0.7391878958873738,0.7759242499189497,0.7696270349517546,0.771726786917434,0.7801676230768597,0.7759242499189497,0.8364312267657993,194.81246433462198,-inf,0.3536464535996418,1.0512383603060929,0.13333501583385868,0.7392561912016075,1.0946429684996732,0.11003033767010069,0.2516659180628194,269
1.6075583274432803,-0.0076806153161081,3.0,4.0,0.43981012155158233,345.0580409243767,0.7864736965798742,0.685416838589342,0.07692307692307691,0.7395516051851986,0.7763833199932969,0.7701276393427728,0.7722216808814347,0.780590057767127,0.776383319993297,0.837037037037037,195.36892943310252,-inf,0.3538466234739047,1.0506694485012245,0.13333053176841458,0.7399185994280228,1.0947991917488253,0.11010223635641468,0.2517566561049563,270
-0.7769341992859907,-0.954395333753728,5.0,5.0,0.4373823481053753,346.28874851160714,0.7912051961928653,0.6851766718028719,0.07816711590296496,0.7392840946381602,0.7765643886333518,0.770341252647973,0.7726575518835461,0.7805109349355237,0.7765643886333518,0.8376383763837638,195.92582913449922,-inf,0.3540604673522641,1.0500644795453884,0.13332862780234175,0.740576865796461,1.0949804555871343,0.11019401309079621,0.2518709697508774,271
-0.6859077143272432,1.5463465740444005,6.0,2.0,0.4388477389261522,349.5639835507915,0.7905197184117084,0.6876294995684755,0.07816711590296496,0.7413448478347571,0.7773455995834012,0.7711668737240828,0.7734484375120557,0.7812822336761571,0.7773455995834012,0.8382352941176471,196.49067529044146,-inf,0.3542716214906931,1.0494639588906982,0.13332673783601945,0.7412112800817975,1.0952114137394493,0.11028408691284275,0.25198085511341234,272
-0.789283514150513,-0.8591567875386015,5.0,5.0,0.4355624234595868,350.2809445454318,0.7967908090361706,0.6874209627955027,0.07936507936507937,0.741111462003899,0.7775332270577026,0.7713862450743173,0.7738824700051786,0.7812185919479263,0.7775332270577026,0.8388278388278388,197.05400961005682,-inf,0.35450178496892015,1.0488213054278053,0.13333060431989172,0.741846749193087,1.0954600252520161,0.1104017016944452,0.2521202316572736,273
0.108945981753436,0.0960610553310844,2.0,0.0,0.4346518977633586,348.3053845533323,0.7970489997311364,0.6881996581465649,0.07936507936507937,0.7417068242170276,0.7780832263661385,0.7719787396610548,0.7741838489550241,0.7820220830729053,0.7780832263661386,0.8394160583941606,197.60602192736803,-inf,0.35473098073314024,1.0481766026198416,0.13333340625466425,0.7425090883288366,1.0957934658377153,0.110518265659514,0.25226343077165864,274
1.686501573827,0.8729113240094121,1.0,3.0,0.4338760797968342,348.83116249824343,0.7981380812092005,0.6890780197843965,0.07936507936507937,0.7423653177360044,0.7786540352250565,0.7725918608683077,0.7750035679884628,0.7823390545002235,0.7786540352250565,0.84,198.15593152944396,-inf,0.35496057876146303,1.0475365885595724,0.1333361878117294,0.7431740590644669,1.096156372901893,0.11062853439297331,0.25241103596977443,275
-1.259436261407913,-0.5185544393350247,4.0,1.0,0.43442733458369903,350.9436411303755,0.7974515744913835,0.6896703769157091,0.07936507936507937,0.742987711699225,0.7789014311993196,0.7728648167452498,0.7751087380707963,0.7827314229715351,0.7789014311993196,0.8405797101449275,198.70951018741835,-inf,0.3551862058275661,1.046897162142742,0.1333389492125839,0.7438264181337402,1.0963449582047824,0.11073405101256209,0.2525575486520081,276
0.8558469944729842,-0.2920370762676636,2.0,0.0,0.43338737715547254,352.114930783952,0.7976987874028159,0.6904607603729552,0.07936507936507937,0.7435984579731398,0.7794418316055788,0.7734461328558092,0.7754096320788125,0.7835161859383778,0.7794418316055788,0.8411552346570397,199.2633203700773,-inf,0.3554102149448557,1.0463114503388518,0.13334924925229327,0.7444752833608318,1.0965504499446272,0.11084130905796172,0.2527012261007543,277
0.7553148281147736,-1.1984080713007603,2.0,0.0,0.4331980884657733,352.3016466716382,0.7969760168299856,0.6912798804425384,0.07936507936507937,0.7442410859278891,0.7799764456642849,0.7740207164179291,0.7757123217159174,0.7842877088842188,0.7799764456642849,0.841726618705036,199.81381794670162,-inf,0.3556257210136936,1.0457376286007602,0.13336065695420424,0.745129972199702,1.0968010257870926,0.11093869103135563,0.2528467965822249,278
-1.240163658651932,0.8187945508343172,6.0,2.0,0.431953399873015,351.3312881756237,0.797456422937484,0.6936183072668829,0.07936507936507937,0.7462049862634399,0.7807284687537323,0.7748142885482654,0.7764747425082996,0.7850290577148642,0.7807284687537323,0.8422939068100358,200.35689131669778,-inf,0.3558409552788612,1.0451679202801458,0.1333719828804743,0.7458013817823922,1.0971226885015388,0.11103490509232558,0.2529973396468557,279
0.3871276997479326,-0.5015992250696115,2.0,0.0,0.4328906486677415,352.754555288504,0.7926456365201492,0.6944453611369402,0.07936507936507937,0.746860890211591,0.7812542527637665,0.7753788085694672,0.7767763286962894,0.7857841044380697,0.7812542527637664,0.8428571428571429,200.90116868802565,-inf,0.356039545237519,1.044662959302825,0.13339256924558637,0.7464667084668553,1.097509607871675,0.11112349882920974,0.25314349589171103,280
-0.1018098827373906,-0.0056237322441739,2.0,0.0,0.431444430035822,350.2568433243936,0.7919394946497841,0.6952992562969159,0.07936507936507937,0.7475465722185289,0.7817743727012314,0.7759368126007908,0.7770790567485465,0.7865267742468179,0.7817743727012313,0.8434163701067615,201.4326835443828,-inf,0.3562346160080281,1.044140511485227,0.13340976370253102,0.7471631463220085,1.097995778553492,0.11121170815394572,0.253294628995041,281
-1.208818140030483,-0.1226408154505297,4.0,1.0,0.4323006442779127,351.857800657987,0.7899615302417026,0.6958585429158176,0.07936507936507937,0.7481351304588656,0.7820167457187758,0.7762034503177463,0.7771872413382408,0.7869066472739503,0.7820167457187759,0.8439716312056738,201.9661059454949,-inf,0.35642051112880374,1.043636196717632,0.13342683621297255,0.747851537110418,1.0983403092619939,0.11129310884634958,0.25343319350485854,282
0.8701549199680584,-0.2993250452187979,2.0,0.0,0.4312997834313632,352.994882353355,0.7904085644435588,0.6967288198271093,0.07936507936507937,0.7488397018293226,0.7825303558753798,0.7767539537582017,0.7774909959490331,0.7876354678754693,0.7825303558753798,0.8445229681978799,202.49977653350854,-inf,0.3566056873716658,1.043179832750064,0.13345059055365033,0.7485363610472574,1.098700543992636,0.11137657749635235,0.25356917599980977,283
0.674146140759176,-0.6840190274929295,2.0,0.0,0.4317004372883951,354.7628112732527,0.7871557529363876,0.6976241002106376,0.07936507936507937,0.7495720470566319,0.7830384098136026,0.7772981251463453,0.7777953197233687,0.7883526665968831,0.7830384098136027,0.8450704225352113,203.03591397977524,-inf,0.3567791409680937,1.0427839578392348,0.13348295531787122,0.7492117491789646,1.0991009252295645,0.11145309736785941,0.25370109925605033,284
-1.2200976113563322,1.6857544474983777,6.0,2.0,0.4323242838381045,357.0799052028881,0.7869429276667835,0.6998621199558063,0.07936507936507937,0.7514500327568427,0.7837652707504653,0.7780642268901182,0.7785347780072485,0.7890665197402418,0.7837652707504654,0.8456140350877193,203.57641921213704,-inf,0.35695064038356283,1.042390860997955,0.13351509296093972,0.7498727790674503,1.0995459061165493,0.11152922252268792,0.2538335435592208,285
-0.2800714800443389,1.369884921115543,6.0,2.0,0.4329531227663677,358.9612597198476,0.7871931028310634,0.7021025794383603,0.07936507936507937,0.753335360884612,0.7844807369160449,0.7788181341898605,0.7792626764359967,0.7897691503308263,0.7844807369160449,0.8461538461538461,204.11972285027588,-inf,0.35712148670685756,1.0420005130856353,0.13354700586524548,0.7505236929749659,1.1000360821834165,0.1116053860934218,0.2539634867251224,286
1.554368031260257,-0.9755257380774388,3.0,0.0,0.4294847797801959,356.5517101235733,0.7945263453399672,0.697558169941376,0.07936507936507937,0.7495592360101136,0.7819329077472412,0.7762256455930892,0.7765200331839321,0.7874217748900785,0.7819329077472412,0.8432055749128919,204.65084475715148,-inf,0.3573182008346977,1.0415388801003613,0.13356735471191541,0.7512038382108136,1.1004963305274562,0.11169505409692934,0.2541042599940109,287
-0.761595562942138,0.1355416792081227,4.0,1.0,0.42946211443587134,356.3835127708649,0.7930027099590826,0.6981171268475911,0.07936507936507937,0.7501412451448738,0.782178969469281,0.7764952428590504,0.7766389653473306,0.7877985785374563,0.782178969469281,0.84375,205.17769429886573,-inf,0.3575069461960174,1.0411038780621986,0.13358756224715013,0.7518925015350931,1.1008415574951231,0.11178020059638032,0.25422997149443355,288
-1.185782402604968,0.035781769510259,4.0,1.0,0.4300953680633267,357.436084423054,0.7910930597223449,0.6987009235249251,0.07936507936507937,0.7507479464723805,0.7824250178487483,0.7767645212546302,0.7767606111092095,0.7881726450827704,0.7824250178487482,0.8442906574394463,205.70453993943386,-inf,0.35768672574649796,1.0406921671978233,0.13360762993785033,0.7525783403996282,1.1010640410248915,0.11186050577267795,0.2543413436100747,289
0.4275166919977073,-0.1501734445054617,3.0,0.0,0.43044341293798616,358.00482514862296,0.7896335634756754,0.6943241197989094,0.07936507936507937,0.7471161479037731,0.7800782915494233,0.7743785701466248,0.7742282103769725,0.7860174524299592,0.7800782915494234,0.8413793103448276,206.22971333670696,-inf,0.35785956613119957,1.0403233715335118,0.13363361707131527,0.7532658029393412,1.101338591340888,0.11193742089501624,0.25445061893820786,290
0.8860075856451477,-0.3085810251957747,2.0,0.0,0.429534579313068,359.2081493368484,0.789930843652754,0.6951010456766139,0.07936507936507937,0.7477579256161164,0.7805468996729537,0.7748808702049657,0.7744784133893823,0.7867112372059033,0.7805468996729537,0.8419243986254296,206.75541242949095,-inf,0.3580315621153198,1.039999235237643,0.13366579314671237,0.7539490620780892,1.1016301982006742,0.11201625141726083,0.2545575372206581,291
1.325661406473969,1.035118822829326,1.0,3.0,0.43032325778203184,361.5031254114897,0.7890565766000065,0.6958962614397872,0.07936507936507937,0.7483349867619943,0.7810977249540189,0.7754696123702413,0.7752646772079287,0.7870192131663061,0.7810977249540189,0.8424657534246576,207.28537035066216,-inf,0.3581988933722648,1.0396773190533901,0.13369774883803143,0.7546183097607736,1.1019567371299197,0.11208999220470833,0.25466295289799956,292
0.5789975144535721,-0.7550640053034423,2.0,0.0,0.43097327579108813,363.17224810338047,0.785460335452579,0.6966888952488135,0.07936507936507937,0.7489952521328078,0.7815596489617779,0.7759642880833537,0.7755141333755831,0.7877001606475094,0.7815596489617779,0.8430034129692833,207.81740747609805,-inf,0.3583530540415049,1.0394093574767131,0.1337373099990447,0.7552793747284626,1.1023320820412983,0.11215621991391883,0.2547649582925359,293
-0.4961627656801852,0.915211351675928,6.0,2.0,0.4311790127064804,363.75101404946855,0.7859034058109368,0.6988714396886664,0.07936507936507937,0.7508264990128735,0.7822669376522545,0.7767085007810741,0.7762353924941195,0.7883929501053022,0.7822669376522545,0.8435374149659864,208.34779389301428,-inf,0.3585070226445733,1.0391432187679048,0.13377660203651368,0.7559420314270967,1.1027629133840915,0.11222352209477834,0.2548662956772444,294
-0.0628259906710869,-0.9856243926017504,5.0,5.0,0.42895957294533243,361.3969909116079,0.7940734919043733,0.6986921706657117,0.08051948051948052,0.7506021076554459,0.7824622618409315,0.7769315640075437,0.7766614025108676,0.7883504261167857,0.7824622618409314,0.8440677966101695,208.86660473036548,-inf,0.3586891784468916,1.0388542655139599,0.13384559362497908,0.7566324297593092,1.1032505883793589,0.1122884758374167,0.2549883897276476,295
1.066476916706819,0.0236531566936124,3.0,0.0,0.4261544032096487,360.7727690060281,0.7987148722132743,0.6943941534513606,0.08051948051948052,0.7470438770425765,0.780273833603584,0.7747080692655129,0.7742696657300899,0.7863718493251298,0.780273833603584,0.8412162162162162,209.37980123129677,-inf,0.35888506636149936,1.0385645874836622,0.13391368648467272,0.7573350096704392,1.103735858758911,0.11236804846735993,0.25511279189488445,296
0.8168509959745112,-0.7941674724071006,2.0,0.0,0.42615707263640185,362.32714739057246,0.7971214977947426,0.6951500521795337,0.08051948051948052,0.7476810364746937,0.7807152242264638,0.7751807548716486,0.7744942316896868,0.7870369641176205,0.7807152242264639,0.8417508417508418,209.89477546078928,-inf,0.35907298195207,1.0383183119113455,0.13398801847983333,0.7580300766541823,1.104251488722567,0.11244182978374728,0.25523456358843943,297
0.7363804566080584,0.9348567445202588,1.0,3.0,0.42719813814494134,364.4842679154206,0.7956564324493489,0.6959546936567429,0.08051948051948052,0.7482697078105708,0.7812589210958356,0.775760692926296,0.7752637391022911,0.7873475482375109,0.7812589210958356,0.8422818791946308,210.41353214687862,-inf,0.3592574224888873,1.0380736891952187,0.13406185160254322,0.758712386347802,1.1048142712869802,0.11251389529052731,0.25535260368542884,298
0.2295441278025992,-0.9200670008278669,2.0,0.0,0.4271625213756917,364.90939448170053,0.792159987552195,0.6967253257333955,0.08051948051948052,0.7489240134936427,0.7816943152382549,0.7762265484667227,0.7754879694997608,0.7880008030475745,0.7816943152382548,0.842809364548495,210.9302407165603,-inf,0.35942637293611585,1.0378544674984596,0.13413903070709135,0.7593973845594925,1.105452285287276,0.1125808131821067,0.25546995377452625,299
-1.088927903041419,-0.4483337086384323,5.0,1.0,0.42798740718437805,367.02984601159284,0.7905564229431273,0.692371754482681,0.07908163265306123,0.7454013113438916,0.7801425076789432,0.7746532259291272,0.7736912174870052,0.7867022884320733,0.7801425076789432,0.84,211.45057273421043,-inf,0.35959067439661185,1.0376345348376295,0.13421569528427577,0.7600701590462589,1.1059374773797146,0.11264407167305397,0.2555847059114257,300
0.0667229690371609,-0.0186896946117184,2.0,0.0,0.4275224238785226,365.58561199349333,0.7901292327345129,0.6931895689339813,0.07908163265306123,0.74609916788138,0.7805791751944825,0.7751199589657589,0.7739240593318397,0.7873497409721054,0.7805791751944824,0.840531561461794,211.96264927660008,-inf,0.3597513935658072,1.037413722589274,0.13429147196630234,0.7607619839070006,1.1064946743653379,0.11270533405207762,0.2557016018583869,301
0.6557796742889939,1.227264002804143,1.0,3.0,0.42800928276541583,367.3532714565773,0.7896643860243251,0.6940204951444502,0.07908163265306123,0.7467120116495014,0.7811181065775731,0.7756939985098349,0.7746819008942677,0.7876621546968492,0.781118106577573,0.8410596026490066,212.4771877606397,-inf,0.35990943458383784,1.0371943726736887,0.1343667468159976,0.761444615300324,1.107099258949277,0.11276502968604629,0.25581660744291107,302
1.818680619521527,0.0037162088193111,3.0,4.0,0.4293011265292487,370.82926365995525,0.7876308731720671,0.69428993163907,0.07908163265306123,0.7468494379223682,0.7814727394088882,0.7760799009590628,0.7751283723466433,0.7879218198708494,0.7814727394088882,0.8415841584158416,212.99980187251865,-inf,0.3600593830669091,1.0369764706123321,0.1344366296197099,0.7621035083160418,1.107759482206279,0.11282104441082563,0.2559282020587072,303
0.2216710206226683,0.5412074830059681,1.0,0.0,0.42607987599639247,365.9857128619133,0.7919137393307856,0.6886861578660227,0.07908163265306123,0.7422353809847545,0.7778560457226134,0.7723920003042645,0.7714206916899015,0.7843996731547949,0.7778560457226132,0.8388157894736842,213.50304500077323,-inf,0.36022641976601816,1.0366858841978897,0.13449418204586575,0.7628106919130527,1.1084708631448579,0.11288246762566023,0.2560501126931469,304
1.0596257317715574,0.1247400391497366,3.0,0.0,0.4233434951959486,364.9063158565743,0.7967357428963525,0.6844365154557406,0.07908163265306123,0.7387330347266176,0.7757822893619003,0.7702864165894158,0.7691289380165248,0.7825517548095469,0.7757822893619002,0.8360655737704918,213.99944916751357,-inf,0.3604079201899909,1.0363862686209624,0.13454960580126885,0.7635334964393631,1.1091806860449838,0.11295881828613376,0.2561752054380704,305
-0.6531716981260735,-0.4723052086583007,5.0,1.0,0.42333806951418174,365.89454631725386,0.7968072346884986,0.6803799847263778,0.07769423558897244,0.7354556779141351,0.7743462910840949,0.7688323281010615,0.7674612303702167,0.7813560048253094,0.7743462910840948,0.8333333333333334,214.49583837388528,-inf,0.3605879283077858,1.0360831113088833,0.13460466730990459,0.7642536158644441,1.1097441774589554,0.11303459461214116,0.2563012533221584,306
-0.8414456996634885,-1.4313124993777586,4.0,5.0,0.42446133138912223,368.9735776465532,0.79334640338626,0.6759582718645458,0.07635467980295566,0.7317306470502964,0.7714529470102718,0.7658890146423664,0.7649505212586899,0.7780668676443784,0.7714529470102718,0.8306188925081434,214.99902319236298,-inf,0.3607592742749138,1.0357888376079647,0.13465327017557244,0.7649528936151242,1.1103548460536132,0.113105429564816,0.25641914849826564,307
0.5515669809395187,-0.2756236317831879,2.0,0.0,0.4249903007992887,370.2446824056534,0.7910507865236447,0.676770310920977,0.07635467980295566,0.7324311603835191,0.7718783365713865,0.7663435576372459,0.7651610366367411,0.7787146225724425,0.7718783365713865,0.8311688311688312,215.50306754045812,-inf,0.3609230595700974,1.0355405860763223,0.1347085316252886,0.7656472419061617,1.1110045058501354,0.11317255063885771,0.2565337317836218,308
-0.2702772828129374,-0.5546406328202543,5.0,1.0,0.42352787675640374,368.89566138861977,0.793443394911284,0.6728867896895324,0.07506053268765134,0.7293004650496143,0.7705258861565926,0.7649752518035767,0.7635843306227709,0.7775948074561775,0.7705258861565926,0.8284789644012945,215.999483701779,-inf,0.36109376776966645,1.0352831428510434,0.13476343539571856,0.76635920732061,1.111511352232418,0.11324362978709487,0.25665732669813096,309
-1.4654941073673629,-0.2761593001081409,4.0,1.0,0.4239898235719842,370.4469517161237,0.7927016153524361,0.6734161492220552,0.07506053268765134,0.7298534416705628,0.7707518162525092,0.7652222720069539,0.7636856833226972,0.7779499315889505,0.7707518162525093,0.8290322580645161,216.49770134053495,-inf,0.3612603938959355,1.0350346712412073,0.13481798494827477,0.76706371433662,1.111884579346831,0.11330842860714768,0.25677515202089696,310
-1.005687523282279,1.2481515147717814,6.0,2.0,0.42480822179189287,372.7519966488022,0.7923597166527335,0.6755695850577867,0.07506053268765134,0.7316456018786612,0.771469376428574,0.7659751647518054,0.764418600689177,0.77865143167811,0.7714693764285739,0.8295819935691319,217.0001267273783,-inf,0.36142512075706057,1.0347877975195376,0.1348721836998499,0.7677544615206834,1.112303516879696,0.11337204131072809,0.2568907537041068,311
0.9626410672607584,0.96701491520873,1.0,3.0,0.4259437744570634,375.31296892395306,0.7902674641742385,0.6764287510951139,0.07506053268765134,0.732279018701588,0.7720111765310765,0.7665510570347749,0.765179883833041,0.7789655433944016,0.7720111765310765,0.8301282051282052,217.5075396831365,-inf,0.361585473495177,1.0345425063217248,0.13492603502353034,0.7684295544549739,1.1127605223540376,0.11343281126830143,0.2570027332483198,312
0.2548700246485945,0.688474187219145,1.0,0.0,0.4222462830753589,369.5423851655372,0.7953003130131728,0.6711482633534245,0.07506053268765134,0.7279414840078252,0.7687429120583713,0.7632220412140354,0.7618206434170668,0.7757921323656046,0.7687429120583712,0.8274760383386581,217.99327401375126,-inf,0.36176718958849663,1.0342113628810614,0.1349657053942304,0.7691595196137522,1.1132640666872722,0.11350143396581991,0.25712699138782763,313
-0.3784956815057163,-1.3837638917529889,4.0,5.0,0.42262191588451364,370.9496123010867,0.7958537956969437,0.6669680499396409,0.07380952380952381,0.7244203394885944,0.7661333964838452,0.7605703589926919,0.7595857050567114,0.7727949527152755,0.7661333964838452,0.8248407643312102,218.48039611020772,-inf,0.3619472588704479,1.0338897590423357,0.13500866685182245,0.7698830935540282,1.1138294499139587,0.1135637782729506,0.25724538140046543,314
-0.5569514081566854,1.3240839077998918,6.0,2.0,0.42383496201851933,373.5150550440425,0.7954221212857072,0.6691465655606267,0.07380952380952381,0.7262363629962317,0.7668538354247635,0.7613257602868804,0.7603200043003722,0.7735009372635332,0.7668538354247635,0.8253968253968254,218.9725696306326,-inf,0.3621257175901843,1.033570197132745,0.13505135553825517,0.7705905474453403,1.114434116819057,0.11362543178249503,0.2573602476414572,315
1.622646384562873,0.0054162415665459,3.0,4.0,0.42492638995149185,376.608783580499,0.7937449442686836,0.6695107812390455,0.07380952380952381,0.7264465639686092,0.7672398234670261,0.7617428591468904,0.76080647266981,0.7737829024644659,0.7672398234670261,0.8259493670886076,219.47141840895495,-inf,0.36230009324890095,1.0332526577668857,0.1350882873341536,0.7712778001774927,1.1150749841397047,0.11368492654000657,0.25747157504511675,316
0.780561159491615,-0.7557428732458414,2.0,0.0,0.42503653866262864,378.07730823528544,0.7921454728114817,0.670304961124788,0.07380952380952381,0.7271307254190784,0.7676590923835175,0.7621900830587959,0.7610116828537108,0.7744236550050588,0.7676590923835176,0.8264984227129337,219.97175244626197,-inf,0.3624672335943597,1.0329717822333142,0.13513043542473618,0.7719586263804581,1.1157432196612782,0.11373914848407873,0.2575805602197501,317
-1.2236569440169676,0.1776967260465813,4.0,1.0,0.4251083576046615,378.47249292659995,0.7904213518558292,0.670813445330572,0.07380952380952381,0.7276607677430302,0.76788042741392,0.7624316602700527,0.7611239613158253,0.7747579216168154,0.7678804274139202,0.8270440251572327,220.4701824477725,-inf,0.36262696926616944,1.0327162685237985,0.13517231843298808,0.7726419000692406,1.1163082091499756,0.11379210218192717,0.25767539496568975,318
-0.0684111849849603,1.6566779654811656,6.0,2.0,0.42489569286669815,379.5902469323178,0.7911799530297507,0.6729471346168825,0.07380952380952381,0.7294405310670224,0.7685846046913283,0.7631695404304565,0.7618422784443813,0.7754473360928192,0.7685846046913283,0.8275862068965517,220.96899142734787,-inf,0.36278722111590184,1.0324623567811133,0.13521393885184654,0.7733216684550129,1.116901431437673,0.11384510308444866,0.25777101320359747,319
0.9041142162547888,-1.084595546616763,2.0,0.0,0.42444120772837896,379.90132586164754,0.7914278771899862,0.6737370431827768,0.07380952380952381,0.7301231757026605,0.7689978669416003,0.7636099736639962,0.7620479194244915,0.7760757495672318,0.7689978669416003,0.828125,221.465654972455,-inf,0.36294504186253596,1.0322140367041066,0.13525592379969947,0.7740045272921737,1.1175178827092658,0.11389277316354837,0.2578679799234408,320
-0.5123880629711454,-0.1264004361189758,4.0,1.0,0.4243902366359298,379.77231986102834,0.7911427039714716,0.6742421295944482,0.07380952380952381,0.7306496421585916,0.7692179529318246,0.7638498123024248,0.7621621818544857,0.7764055833200773,0.7692179529318247,0.8286604361370716,221.95882215279326,-inf,0.3630999522717589,1.031974575280463,0.13529764715909226,0.7746940247280749,1.1180233887261235,0.11393619371300581,0.25796018853048425,321
0.9015533782284608,0.707660545896146,1.0,3.0,0.42505211696352746,381.80045082708233,0.7901282533610882,0.6750430778841459,0.07380952380952381,0.7312360344280252,0.7697398029711456,0.7644036878767544,0.7629045042323941,0.7766986917424192,0.7697398029711456,0.8291925465838509,222.4552247263159,-inf,0.3632527802960085,1.0317366011948546,0.1353391113671845,0.775372580487182,1.1185653332821652,0.11398015800785315,0.2580493628629601,322
-0.9599427608887396,1.2507161018097857,6.0,2.0,0.42592115965889493,384.16007527240924,0.7897762985033498,0.6771293806469801,0.07380952380952381,0.732977037775273,0.7704279798653222,0.765124361980491,0.7636068359459987,0.7773720859517649,0.7704279798653223,0.8297213622291022,222.95585893853294,-inf,0.36340390001132433,1.0315001006329958,0.13538031883095414,0.776037718682184,1.1191486304431235,0.11402319267595384,0.2581363926029051,323
0.6278554448393765,0.7659313936873842,1.0,3.0,0.42649915748711953,385.68682581441243,0.7896222236604826,0.677936592456422,0.07380952380952381,0.7335750508582707,0.7709418353265889,0.765669375433048,0.7643351600364419,0.7776637185289845,0.7709418353265889,0.8302469135802469,223.4581150091375,-inf,0.36355430761062285,1.0312650599511486,0.1354212719276635,0.7766962558816096,1.1197730177570786,0.11406755271995103,0.25822096937920963,324
0.8337875201536307,0.6127145068490258,1.0,3.0,0.4269030814821302,387.333939559419,0.7894116604575571,0.6787645474977191,0.07380952380952381,0.7341968344490633,0.7714504078334016,0.7662085050966349,0.7650528931142048,0.7779558192228071,0.7714504078334015,0.8307692307692308,223.96234831544606,-inf,0.3637039720509351,1.0310314656734976,0.13546197300531618,0.7773473273850541,1.1204339557280207,0.11411435646933718,0.2583030279081892,325
-0.967980849409122,-1.5236107850441551,5.0,5.0,0.4282183985795375,390.6453440474524,0.7864365866953106,0.6785189674310331,0.07494145199063232,0.733915158243465,0.7715906647816304,0.7663714431592659,0.7654007750389608,0.7778814875740455,0.7715906647816305,0.8312883435582822,224.4736458483663,-inf,0.3638454271437061,1.030810707507452,0.13549813347262712,0.7779781294642242,1.1211358217920921,0.11415638681820141,0.25837552695125315,326
-1.0643701769977814,1.6035541686433428,6.0,2.0,0.4291259582495529,393.45641903826606,0.7861151447185897,0.6805699512855886,0.07494145199063232,0.7356305119279393,0.7722626261883184,0.7670746777855452,0.7660854260229076,0.7785402537489993,0.7722626261883185,0.8318042813455657,224.9904127388553,-inf,0.3639852113547374,1.0305912995442565,0.13553407277500037,0.778592923168496,1.1218709231988526,0.11419778000958636,0.25844686608764234,327
1.629329103918184,-0.2150505304141981,3.0,4.0,0.4303144384706949,396.62648639473406,0.7848506449500655,0.680895747566409,0.07494145199063232,0.7358125004475276,0.7726324867367584,0.7674729084976585,0.7665500018970461,0.7788122712533024,0.7726324867367584,0.8323170731707317,225.5136934512208,-inf,0.36412294422801605,1.0303732294344954,0.1355647179784851,0.779189335994538,1.1226399253902215,0.1142374826783994,0.2585152737363717,328
0.8717700989918832,0.0437712828341553,3.0,0.0,0.42896948993383843,396.5866587180243,0.787098312423704,0.6770395368566288,0.07494145199063232,0.7326341110018205,0.7707472194027857,0.765561593172526,0.7644552222166378,0.7771436511678831,0.7707472194027858,0.8297872340425532,226.033672069053,-inf,0.3642658611703072,1.0301693641639462,0.13559713194571488,0.7797916176094878,1.123420077930908,0.11428358030902334,0.2585840911641673,329
1.6743454782439424,0.3916619950937657,1.0,4.0,0.4287314736200862,398.75492873789585,0.7874002740369993,0.6733903352449775,0.07494145199063232,0.7295441706986784,0.7683068711140068,0.7630845895136363,0.7622547998607123,0.7744558147140127,0.7683068711140068,0.8272727272727273,226.55706981653435,-inf,0.3644056991680499,1.0299667344404915,0.13563263494304637,0.7803832641320406,1.1242362735948126,0.11432766662570244,0.25865218090587533,330
-0.3354084837872803,-1.3499626676254528,5.0,5.0,0.428932069642483,399.94370964805086,0.7884911929575047,0.6732125257916461,0.076036866359447,0.7293227245443755,0.7684686773999609,0.7632689893529785,0.7626150195538933,0.7744128930147325,0.7684686773999609,0.8277945619335347,227.080896522974,-inf,0.36454587681048667,1.0297698902824388,0.13567239417868554,0.7809716446846454,1.1251064858869604,0.11436684295140559,0.2587172320831991,331
0.5322977064123124,-0.1569017894682047,2.0,0.0,0.4292952078861707,400.8707826211893,0.7871189501877495,0.6739393225447894,0.076036866359447,0.7299491459511788,0.7688638537367548,0.7636893158333984,0.7628022591420432,0.7750225567088854,0.7688638537367547,0.8283132530120482,227.60436003531802,-inf,0.3646809535825731,1.029608107105595,0.13571713812092856,0.7815587046744567,1.1260096928474839,0.11440388617203386,0.2587803243096828,332
-1.2536404370157954,-1.5306446238195426,5.0,5.0,0.43016307251092906,403.92353457719145,0.7862652077067129,0.6737904125523427,0.07709750566893424,0.729756704206494,0.7690317563998385,0.7638794105109604,0.7631635090465703,0.7749909493293989,0.7690317563998383,0.8288288288288288,228.13384704595427,-inf,0.36481292302984264,1.0294553563149216,0.13576271929548275,0.7821290118671861,1.1269400934109026,0.11443657573907293,0.25883761609378786,333
-1.0610106420707992,-0.4829624184446365,4.0,1.0,0.4308216625771615,406.0234356475161,0.7850506885823871,0.6743026460750944,0.07709750566893424,0.7302752639967546,0.7692586352906772,0.7641250262945898,0.7632878839762343,0.77532353440588,0.7692586352906773,0.8293413173652695,228.66645060464157,-inf,0.3649418517375213,1.0293000721052807,0.13580802752887192,0.7826897099484694,1.1277350738177543,0.11446710470392776,0.25889415971279817,334
-1.1510641921521607,-0.3341072953796873,5.0,1.0,0.4316835159172378,408.1184935366622,0.7834507720198908,0.6707239125257995,0.07589285714285714,0.7273836274744298,0.7679857722342607,0.7628384087897964,0.76181204622862,0.7742603795524888,0.7679857722342607,0.826865671641791,229.20212834473716,-inf,0.3650661480241194,1.029148251117971,0.13585306526534535,0.7832409827880161,1.1284060627775274,0.11449380647251772,0.2589466877603392,335
-0.1047123660476578,-0.0107476847822399,2.0,0.0,0.4304290325567307,405.83459185508116,0.7828117592939304,0.6714794877227228,0.07589285714285714,0.7280350321719714,0.7683806676737326,0.7632579140859257,0.7620061485635757,0.7748627378505782,0.7683806676737326,0.8273809523809523,229.72782020042274,-inf,0.36518721380592867,1.028983130611005,0.1358956444907026,0.7838139768707961,1.1291447446945522,0.11451999356776552,0.25900258956135047,336
-1.441611725745403,-0.3517927088387497,4.0,1.0,0.43089794677839127,407.58369067760555,0.7822612432340481,0.6719793468734139,0.07589285714285714,0.7285480502985973,0.7685981326372398,0.7634935601633338,0.762116940798402,0.7751905046252688,0.7685981326372398,0.827893175074184,230.25558242735795,-inf,0.3653056587826998,1.0288222813516552,0.13593797102036037,0.7843798813390886,1.1297596432338384,0.1145417779901885,0.2590555788130176,337
-0.5922618873207309,1.3569160238123457,6.0,2.0,0.43206176442236166,410.3472208570182,0.7817530169851025,0.6739769443638832,0.07589285714285714,0.7302128962506125,0.7692630597445892,0.7641883748009008,0.7627947438313579,0.7758420133645276,0.7692630597445894,0.8284023668639053,230.78839792567055,-inf,0.36542289935127925,1.0286623838630709,0.13598004709717998,0.7849316719084106,1.1304080295308254,0.11456308999085191,0.2591059022587808,338
0.7980234138082585,0.8905630887807465,1.0,3.0,0.43305564403084856,412.6261197490704,0.7801486512948993,0.6747528086328487,0.07589285714285714,0.7307909846729028,0.769750900374237,0.7647044203785103,0.763489734272637,0.7761156077382765,0.769750900374237,0.8289085545722714,231.3247923853266,-inf,0.36553761509475463,1.0285034297225015,0.13602187493755813,0.7854729683921177,1.1310906347037475,0.11458337290964399,0.25915359655713827,339
1.0520448066755752,-0.1142945385954691,3.0,4.0,0.4313295559242493,412.95476209756197,0.7849729963125975,0.675026651331152,0.07589285714285714,0.7309342750266519,0.770085497295315,0.7650648434404775,0.7639124599769456,0.7763591137536748,0.7700854972953148,0.8294117647058824,231.8589981785979,-inf,0.36566701944226926,1.0283454106062888,0.13606979871886438,0.7860173607182844,1.1317671072905258,0.11461472992905691,0.2592016120156834,340
-0.7580939022457458,-0.3093185759314009,4.0,1.0,0.4318315594912634,414.3013430039181,0.7840291124721249,0.6755206518827891,0.07589285714285714,0.7314409596498613,0.7703008601827358,0.7652978387257492,0.7640232440582156,0.7766824913295909,0.7703008601827358,0.8299120234604106,232.3940197176751,-inf,0.36579285680639395,1.0281896152632544,0.1361174414222744,0.7865578031302577,1.1323308963186542,0.11464338842006698,0.2592468180944991,341
-0.0920225109751567,0.0066349199582102,2.0,0.0,0.43072534121821593,412.11082727119145,0.7833857489898639,0.6762536033936788,0.07589285714285714,0.7320720687218422,0.7706872050219067,0.7657077237604065,0.7642155239602851,0.7772694317676824,0.7706872050219067,0.8304093567251462,232.91950745905964,-inf,0.3659153918442477,1.028022846114782,0.13616294925549316,0.7871186797142533,1.1329593101166877,0.11467111720016741,0.25929514126711656,342
0.6870283622545185,-1.6404852431544512,1.0,0.0,0.4294862229972295,408.54220987791626,0.7844729737098658,0.6713976042747255,0.07589285714285714,0.7280876559425402,0.7677668029838016,0.7627382566844848,0.7612124427984626,0.7744350150934197,0.7677668029838016,0.8279883381924198,233.4315269996394,-inf,0.36604204921234657,1.0277912327892964,0.13619791208139997,0.787709765193196,1.1336244544795475,0.11469533722352233,0.25935280385385623,343
-0.0961463970419412,0.0049807647191904,2.0,0.0,0.4284047710872519,406.42340169179255,0.7838537485971914,0.6721275233199239,0.07589285714285714,0.7287234425548919,0.7681445377334611,0.763139096975426,0.761393349832824,0.7750165207350586,0.7681445377334611,0.8284883720930233,233.9344103563026,-inf,0.3661654679394082,1.0275508882766267,0.1362310976236228,0.788320998520603,1.1343518400837436,0.11471875575272054,0.25941346291075307,344
0.9519747440813529,1.1126009662461218,1.0,3.0,0.4294404212030156,408.9054141548767,0.7825481556140725,0.6728711893078604,0.07589285714285714,0.7292775013754567,0.7686142502417891,0.7636357331166438,0.7620736165635037,0.7752681281857321,0.7686142502417891,0.8289855072463768,234.44157268615356,-inf,0.36628532493744714,1.02731193706548,0.1362640907858907,0.7889196364883354,1.135109290360994,0.11473953036610511,0.25947193271032637,345
0.6673435011608132,-1.383999205867552,2.0,0.0,0.4289320037408414,407.6317174337848,0.7825695969561507,0.6736117561374447,0.07589285714285714,0.7299254779074698,0.7689878474468962,0.7640319399094414,0.7622545974915512,0.7758411116284679,0.7689878474468962,0.8294797687861272,234.94212223744725,-inf,0.36640321880428683,1.0270527795236768,0.13629352155461757,0.7895323065241142,1.1359004811401852,0.1147556104372227,0.25953480672078144,346
1.3440982337805991,-0.1982810478370617,3.0,4.0,0.42914180768145777,409.7404694532624,0.7839456103622964,0.6739127572123643,0.07589285714285714,0.73009234114908,0.769328261492256,0.764397387511602,0.7626809273855439,0.7760924873644108,0.7693282614922559,0.829971181556196,235.44586387207497,-inf,0.3665256678904742,1.0267951156852846,0.13632070285686182,0.790135040357932,1.1367048830899695,0.11477427516619311,0.2595957358322809,347
-0.9878897419022492,1.720625758189827,6.0,2.0,0.43004175451418014,412.7414209267024,0.7836844019115886,0.6758240757630253,0.07589285714285714,0.731681896032995,0.769976533101841,0.7650739025999255,0.7633421337140297,0.7767272660573968,0.769976533101841,0.8304597701149425,235.95533386361126,-inf,0.36664676960045434,1.02653893267355,0.13634772794472538,0.7907217992884148,1.137535587575656,0.11479251908810584,0.25965566422600084,348
-1.1575705413841806,-0.8994866667265414,5.0,1.0,0.42863235451666154,413.9761983315739,0.7856055529203827,0.6724712674419046,0.07472527472527472,0.7289724267659586,0.7687867032951873,0.7638721873447507,0.7619484531464867,0.7757488073261704,0.7687867032951873,0.828080229226361,236.46542230048223,-inf,0.36677261384950793,1.026268175773953,0.13637459816102523,0.7913050034752762,1.138223278164494,0.11481661221024438,0.25972504592837015,349
1.994227006190916,-0.2036923527196252,3.0,4.0,0.429798965722371,417.37224698126903,0.78433389782671,0.6728005048674967,0.07472527472527472,0.7291663772770791,0.769130015850764,0.7642400514633766,0.7623755834413751,0.7760052028396421,0.7691300158507641,0.8285714285714286,236.98229894242732,-inf,0.3668919135943932,1.0259989660566393,0.13640111532414453,0.791869975345618,1.1389639601480068,0.11483840628221237,0.25979295369660765,350
0.8086947553326138,-0.3104188783044098,2.0,0.0,0.42948119836452187,418.68279713629136,0.78369935308154,0.6735515108593421,0.07472527472527472,0.7298237109678837,0.7695003472351176,0.7646322996635236,0.7625597915862544,0.7765684044361487,0.7695003472351177,0.8290598290598291,237.4999641794469,-inf,0.36700891630573024,1.0257609518670066,0.136432116763845,0.7924310734384087,1.1397205709380331,0.11486027310536931,0.25985893036213764,351
0.9961086177459728,-0.6355516714349032,2.0,0.0,0.4286515565720812,419.8538277827143,0.7839561290500812,0.6743191411781168,0.07472527472527472,0.7304990867906357,0.7698679730950756,0.7650215280035955,0.7627452323473821,0.7771249963352117,0.7698679730950756,0.8295454545454546,238.01801492831981,-inf,0.367125030947327,1.025545619794235,0.13646627537484493,0.7929892681160454,1.1404869208609454,0.11488168078513127,0.2599239817461662,352
2.0384305646455143,-0.1026849316881489,3.0,4.0,0.42981969888571314,423.25570582671946,0.782511075552904,0.6746617365277096,0.07472527472527472,0.7307081244880103,0.7702096821952872,0.7653871375852979,0.7631693553142785,0.7773811142203324,0.7702096821952873,0.830028328611898,238.54276759375438,-inf,0.36723388082920677,1.0253315077332072,0.13650054063877104,0.7935298153710386,1.1413068730324059,0.11490109745220384,0.2599877465319265,353
-0.7739822423750179,-0.4474046615692785,4.0,1.0,0.4301617431543556,424.74320027423295,0.7819350299118283,0.6751167518883955,0.07472527472527472,0.7311732278274963,0.7704189197523629,0.7656128872236332,0.7632743798232721,0.7776984747228005,0.770418919752363,0.8305084745762712,239.06875751658058,-inf,0.367340672332102,1.0251156235317886,0.13653461231363542,0.7940655568759533,1.14201170995683,0.1149193829828257,0.26005112774556366,354
1.583976578486144,-0.9886976610046656,3.0,0.0,0.42735929286456875,422.0362180790602,0.7871975682271177,0.6713640395573504,0.07472527472527472,0.7280961957793985,0.7686059362820007,0.763775956463634,0.7612602315574991,0.7760947855566576,0.7686059362820007,0.828169014084507,239.5841588139397,-inf,0.3674641422809485,1.0248516522099023,0.13656077305837508,0.7946240536027628,1.1427011933905389,0.11494553534722887,0.26012229318123115,355
0.2651970505054544,-0.6238359691464506,2.0,0.0,0.4278938448021955,422.97579145041817,0.7841355506006664,0.6721118367949304,0.07472527472527472,0.7287597559630479,0.7689616160722059,0.7641525330382504,0.7614322434221023,0.7766413833015106,0.7689616160722058,0.8286516853932584,240.09930384943542,-inf,0.36757735635442423,1.024615572834252,0.13659092144184587,0.7951811900516133,1.1434366253082227,0.11496776130265114,0.2601917555221573,356
0.4929201056833483,-1.251713130607508,2.0,0.0,0.4275742931631258,422.55092149451605,0.7828966370260604,0.6728755982945388,0.07472527472527472,0.7294405628823574,0.7693148044412834,0.7645263292215825,0.761605525383803,0.7771817523660004,0.7693148044412834,0.8291316526610645,240.61037280642446,-inf,0.3676845671708887,1.0243773478814107,0.13662035795021316,0.7957459568525869,1.144212072342447,0.11498618213987803,0.2602632658954429,357
2.073564699688056,0.5600340695251543,1.0,4.0,0.42733480874248714,424.01989347061857,0.7827375052983401,0.669551266667652,0.07472527472527472,0.7266242621056594,0.7671194994618208,0.76230097623133,0.759611279448717,0.7747776280999671,0.7671194994618208,0.8268156424581006,241.12268990325185,-inf,0.36778702232280125,1.0241404537942276,0.13666323267289443,0.7963058275758358,1.1450408621282047,0.11500468860470199,0.26033703949001247,358
-1.2702947897990788,-0.4202913651164349,4.0,1.0,0.428006056583524,426.11617774472796,0.781888028755987,0.6700554051570607,0.07472527472527472,0.7271289877535475,0.7673387604332995,0.7625367248843602,0.7597307506326721,0.7751006861042605,0.7673387604332995,0.8272980501392758,241.63799209779634,-inf,0.3678867412001943,1.0239050524083866,0.1367058685391819,0.796856772596087,1.1457546636531006,0.11502004618492821,0.2604086521085479,359
-1.0805857496202893,1.7301657279095242,6.0,2.0,0.4287730967808994,428.98758402969924,0.7816749979968058,0.6718948240317444,0.07472527472527472,0.7286510177945568,0.7679776908004168,0.7632025420645179,0.7603840497596236,0.7757245308819748,0.7679776908004167,0.8277777777777777,242.15840763094047,-inf,0.3679853652334707,1.0236709588080228,0.13674826753954555,0.7973939439204037,1.146493654986239,0.1150351916436727,0.2604797642034117,360
1.5607977532250883,-0.3788630619230397,3.0,4.0,0.4293704787735665,431.5661311283944,0.7822516334070068,0.6721796874916476,0.07472527472527472,0.7288166818377447,0.7682883366803027,0.7635354473050834,0.7607738772947044,0.7759527234309369,0.7682883366803027,0.8282548476454293,242.68308276528245,-inf,0.36808586795096015,1.0234381621251123,0.1367884750650514,0.7979194523413745,1.1472563491126095,0.11505027272354454,0.2605490202158021,361
-0.3553053894564595,0.9183360808726831,6.0,2.0,0.42924005159950834,431.74477316491345,0.7828305050521785,0.6740138290979257,0.07472527472527472,0.7303383094767116,0.7689172355795652,0.7641906292061581,0.7614168379855467,0.7765668697760887,0.7689172355795652,0.8287292817679558,243.20535262826488,-inf,0.36818678279609074,1.0232066516117206,0.13682846044953237,0.7984486070935956,1.1480542676504026,0.11506671302893702,0.26061844534670386,362
-1.2582872424268965,-0.1302927083994851,4.0,1.0,0.42994486660443515,433.43363634737403,0.7814218077102585,0.6745046216934998,0.07472527472527472,0.7308304127346815,0.7691339250875642,0.7644233262863107,0.7615359989545551,0.7768849897437589,0.7691339250875642,0.8292011019283747,243.72939748699523,-inf,0.3682829338584141,1.0229853204235921,0.13686822552886466,0.7989718522648437,1.1487530758480045,0.11507979925138496,0.2606809523380419,363
0.0159628479989886,0.2356073288495516,4.0,0.0,0.42875469435683705,430.4704600399699,0.7823281946617532,0.6686120023941436,0.07472527472527472,0.7260123060054876,0.7614317634953617,0.756576182011709,0.7538666441922462,0.769150255204031,0.7614317634953618,0.8269230769230769,244.24242238411878,-inf,0.36838135831640473,1.0227455178797096,0.13690461366761866,0.7995185721396817,1.1494989681432621,0.1150927914171309,0.26074750488449694,364
-0.607743767510848,-1.307016708220021,5.0,5.0,0.429145589820466,432.77274453333627,0.7816529162341624,0.6684846544366159,0.07575757575757576,0.7258241609981861,0.761612798162152,0.7567771514260709,0.7542438005286203,0.769127207385183,0.761612798162152,0.8273972602739726,244.75894381466452,-inf,0.3684772436137206,1.0225059419145348,0.13693820541554974,0.8000553476011794,1.1502787356454398,0.11510386170877338,0.2608127334668928,365
-0.6760875933138983,-1.4514128134121898,5.0,5.0,0.4300359504763855,435.54713732154795,0.7795146734738997,0.6683823259683357,0.0767590618336887,0.7256620196850344,0.7617991281204768,0.7569831926135374,0.7546215160906897,0.7691145916041864,0.7617991281204769,0.8278688524590164,245.28022303189647,-inf,0.3685676893612652,1.0222744873292882,0.1369683153723522,0.8005793928396088,1.151096333828143,0.11511174885465968,0.26087167012844215,366
-0.7656471874418227,0.7412943362262294,6.0,2.0,0.4294731680820617,435.32695507183814,0.7799689895411904,0.6702148855479158,0.0767590618336887,0.727183013064403,0.7624361597400637,0.7576464554085158,0.7552715765902771,0.7697379725967245,0.7624361597400637,0.8283378746594006,245.79806153881734,-inf,0.3686584011179321,1.0220442940769308,0.13699826124219663,0.8011094602172658,1.1519525549401854,0.11512018713338729,0.26093158726070614,367
0.3926789253268704,-0.6954065012442096,2.0,0.0,0.43014996511071857,436.6135155193605,0.7770317563449415,0.6709370362940206,0.0767590618336887,0.7278247160103796,0.7627930697549659,0.7580234379621185,0.7554502137153509,0.7702800696377479,0.7627930697549657,0.8288043478260869,246.31658179419918,-inf,0.36874044632647573,1.021842824698737,0.1370323788309989,0.8016361471824381,1.1528452450348319,0.11512466897870097,0.26098963062517555,368
-0.2974487345182817,1.021771402078425,6.0,2.0,0.4301797789896601,437.25191303866666,0.7775012296682103,0.6727592211016843,0.0767590618336887,0.7293396832777972,0.7634205151259539,0.7586765616697473,0.7560908713445119,0.7708936590673541,0.7634205151259539,0.8292682926829268,246.83402171627088,-inf,0.3688228142274117,1.0216424472954926,0.13706631150062065,0.8021634802699209,1.153769059071517,0.11513040896613698,0.26104737787192217,369
-0.6997256621423381,-0.1542936437343448,4.0,1.0,0.4305408328005445,438.07513465612294,0.7766832462189832,0.6732274495412015,0.0767590618336887,0.7298101151769917,0.7636398476355443,0.7589116807163101,0.7562241745704547,0.7712023999278269,0.7636398476355444,0.8297297297297297,247.35088958908133,-inf,0.36890194239232965,1.0214485356139598,0.13710006075040662,0.8026903066285851,1.1545977123201105,0.11513340894594466,0.2611006466520936,370
1.3862666323428183,-0.0895410968329786,3.0,4.0,0.43091879381084325,440.3446763740205,0.7773180132888241,0.6735230416820661,0.0767590618336887,0.7299849729636989,0.7639667948418225,0.7592604973262597,0.756626139919425,0.7714512806958708,0.7639667948418225,0.8301886792452831,247.8710884752941,-inf,0.36898346339733196,1.0212556692784192,0.13713111926112445,0.8032077865598926,1.1554396066155803,0.11513790175071999,0.26115207360176723,371
-0.3125137930570027,-0.8930390729417709,5.0,1.0,0.428453032240057,438.5153934925247,0.7808842290533143,0.6703966557386182,0.07563025210084033,0.7274583726900021,0.7628500168111845,0.7581336388966207,0.7553190038249792,0.77053272026927,0.7628500168111844,0.8279569892473119,248.38357316620065,-inf,0.36907493569648475,1.0210461120150003,0.1371620107906019,0.803740994637704,1.1561601346847463,0.11515403052629225,0.26121716431137537,372
0.2129336920380742,-0.5726306656794791,2.0,0.0,0.4288691042918864,439.318351640579,0.7781044664288738,0.6711244804999892,0.07563025210084033,0.7281041069356391,0.7632044802524914,0.7585076468526619,0.7555010805013759,0.771066592364592,0.7632044802524914,0.8284182305630027,248.8954626527271,-inf,0.36915773594446055,1.0208610567973808,0.13719642009466415,0.8042737590113903,1.1569232043653948,0.11516706625636287,0.26128081641623707,373
0.9188050960732942,-0.0729020085882763,3.0,0.0,0.4276147630616738,439.6348970775376,0.7796441785106456,0.667539030064388,0.07563025210084033,0.7251723839266474,0.761504302592432,0.7567865868467315,0.7536040657766344,0.7695719349326233,0.761504302592432,0.8262032085561497,249.405461140494,-inf,0.3692435962870424,1.020689895020164,0.13723267847107076,0.8048090426824736,1.1576940358160355,0.1151844470029564,0.2613443041884769,374
1.6248524542032086,-0.006140817036892,3.0,4.0,0.4285557106105326,442.68610242795495,0.7781279133367422,0.6678396513552117,0.07563025210084033,0.725353898575771,0.7618224239965754,0.7571259408514056,0.754006395822294,0.7698021913427083,0.7618224239965755,0.8266666666666667,249.92087618392722,-inf,0.3693269327958574,1.020519646105759,0.13726466152652558,0.805330238001815,1.1584902605413685,0.11520035922936282,0.26140547826922567,375
-0.7299687309838339,-1.4142429961624017,5.0,5.0,0.42938985996116374,445.55142881238055,0.7758448760791987,0.667737719252133,0.07660455486542443,0.7251928462141156,0.7620021736039809,0.7573242475436873,0.7543796090725724,0.7697803536477178,0.7620021736039809,0.8271276595744681,250.44117020687523,-inf,0.3694055644343308,1.0203541706136294,0.13729277372249876,0.8058387159803898,1.1593186534621478,0.11521365472308501,0.26146215642760845,376
0.581566023007155,0.0657891607713549,2.0,0.0,0.42884118043988056,445.477335407562,0.7764970410978312,0.668452866676374,0.07660455486542443,0.7258326486793549,0.7623458773793476,0.7576868770985566,0.7545491345880021,0.7703054296878025,0.7623458773793474,0.8275862068965517,250.95850751509988,-inf,0.36948491312249904,1.02020196417439,0.13732264834360472,0.806352081301822,1.1601678253131258,0.1152280739918007,0.2615187467659843,377
-0.6058852897632083,-0.6920758964864472,5.0,1.0,0.42799323251346083,446.04327461448094,0.7777961846647052,0.6654435077893069,0.07551020408163266,0.723403354657471,0.761277766680522,0.7566096315322699,0.7533078882002509,0.7694180885359116,0.7612777666805222,0.8253968253968254,251.47460478255854,-inf,0.36956680209153037,1.0200402187774003,0.13735236489793232,0.8068664931372777,1.1609048138429294,0.1152461814770183,0.26158090364688685,378
0.1062866125542937,0.0767305254672129,2.0,0.0,0.427570886867314,444.6687343562047,0.7776922649347089,0.666186854395228,0.07551020408163266,0.7240691764400102,0.7616219407654464,0.7569725405580566,0.7534823068833341,0.769939354995135,0.7616219407654463,0.8258575197889182,251.98435182628847,-inf,0.36964734812553723,1.0198789069999183,0.1373818595927535,0.8073934734219285,1.1616823108086263,0.11526325383634131,0.26164448973633914,379
-1.3529208513313458,-0.7053883407380737,5.0,1.0,0.4273773946018948,446.3554377667537,0.7784739093437354,0.6632490695321159,0.0744466800804829,0.7217024045692328,0.7605970078645834,0.7559392634956899,0.7522889597406023,0.76909060823205,0.7605970078645835,0.8236842105263158,252.49585468402657,-inf,0.36972939127195237,1.0197110862582688,0.1374111990523388,0.807914745114489,1.1623452119985578,0.11528017757312699,0.26171178414286117,380
-1.30464775314561,-1.390448937105056,5.0,5.0,0.4276944987531575,449.0595231864339,0.7791259934383602,0.6631202376364234,0.07539682539682539,0.7215218622506608,0.7607579478670085,0.75611781052378,0.7526560650398054,0.7690361523291276,0.7607579478670083,0.8241469816272966,253.01176982445284,-inf,0.36981237905920883,1.0195419482844836,0.13744169190512226,0.8084244028058079,1.1630210466643507,0.11529589471696738,0.26177951045229586,381
0.9661201064021948,0.7615091011388417,1.0,3.0,0.42839755952055475,451.29045228960416,0.7779626029241175,0.6637819990488766,0.07539682539682539,0.7219910561804803,0.7612217278058869,0.7566052295119103,0.7533168176085386,0.7692942972654684,0.761221727805887,0.824607329842932,253.53082396703178,-inf,0.3698936644417418,1.019373695849828,0.1374720251094618,0.8089253849180449,1.1637211371987877,0.11531109581930975,0.26184505245146544,382
-0.7375974473648831,1.551198688906249,6.0,2.0,0.42944436397431063,454.5123039074441,0.7774799444118536,0.6655436964863463,0.07539682539682539,0.723448497192759,0.7618380154177942,0.7572457808682125,0.75394691299909,0.7698960477001877,0.7618380154177941,0.825065274151436,254.05557978933052,-inf,0.3699739109864227,1.0192063220179646,0.13750219991586746,0.809412140029125,1.1644444806865866,0.11532565470438896,0.26190850355597434,383
-0.9721480518533784,1.860678753741533,6.0,2.0,0.4300957601643833,457.39695929473856,0.777359238928803,0.667308817929873,0.07539682539682539,0.7249124630220029,0.7624468252658522,0.7578784791150691,0.7545693962539642,0.7704904644167525,0.7624468252658524,0.8255208333333334,254.58511463179252,-inf,0.37005341109437184,1.0190398199248087,0.13753221756182307,0.809886844783661,1.1651872464830573,0.11533996986681629,0.2619718238423874,384
-1.0829651731765888,1.892206149174108,6.0,2.0,0.4306071249826604,460.0135864772819,0.7772813686410265,0.6690769620305389,0.07539682539682539,0.7263825053221284,0.7630483215436972,0.7585034984346202,0.7551844340556371,0.7710777089011478,0.7630483215436972,0.825974025974026,255.11869507814438,-inf,0.3701322731637503,1.0188741827775913,0.13756207927195555,0.8103512073974681,1.1659493612646543,0.11535427932950909,0.2620357024764987,385
-0.3829039205182919,1.175489553968422,6.0,2.0,0.4311517268078274,461.6269191290481,0.7774251751317752,0.6708477330800936,0.07539682539682539,0.7278581823711286,0.7636426630590564,0.7591210072187352,0.7557921876284313,0.7716579373329114,0.7636426630590564,0.8264248704663213,255.65369047724,-inf,0.3702109438376321,1.0187094038539346,0.13759178625820132,0.8108109469587946,1.1667386279167031,0.11536899292827073,0.2620983099794248,386
0.7963147843608588,0.8844631873072819,1.0,3.0,0.4320347948339963,463.85249069860646,0.7760456065282586,0.6714846235365657,0.07539682539682539,0.7283115425500616,0.7640943705800716,0.7595953635195476,0.7564352183502472,0.7719102121474265,0.7640943705800715,0.8268733850129198,256.1916718731609,-inf,0.3702878822244059,1.0185454765009427,0.1376213397199704,0.8112627485846974,1.1675539217947744,0.11538291388411909,0.2621587400125409,387
0.8190820273306598,0.6022563392520798,1.0,3.0,0.43235317521804467,465.44383405731423,0.7760386807294934,0.6721370084810263,0.07539682539682539,0.7287826135287507,0.7645421832452844,0.7600654579208744,0.7570702180590791,0.7721631089274085,0.7645421832452843,0.8273195876288659,256.7309815695118,-inf,0.37036481773265495,1.0183823941343066,0.13765074084430765,0.8117101807133498,1.168394539852119,0.11539878163359138,0.2622174996044643,388
2.0769295909832226,0.615167719645359,1.0,4.0,0.43195902688319765,466.64882274592713,0.7761423580711558,0.6691528749037485,0.07539682539682539,0.7262521423207954,0.7625943077054188,0.758093878275018,0.7552947628261856,0.7700363223603016,0.7625943077054188,0.8251928020565553,257.27061612266453,-inf,0.3704386720412334,1.0182201502374217,0.13769340105034003,0.8121553853959712,1.169279579148252,0.11541483517415177,0.26227869774865953,389
-0.9599136908905322,-0.3606227203944702,5.0,1.0,0.43265879591191186,468.59342138026244,0.7745008115552875,0.6663322499059207,0.07436399217221135,0.7239752575132188,0.761620817432035,0.7571129266011962,0.7541644362357316,0.7692261125717983,0.761620817432035,0.823076923076923,257.81246946947886,-inf,0.37050938079089973,1.0180595432525266,0.13773584248608503,0.8125943933280041,1.1700680639278727,0.11542848609905972,0.26233723774958145,390
-0.9330953954603672,-0.2906889589201657,5.0,1.0,0.43336727351248744,470.4081453087773,0.7729576813474458,0.6635652161129353,0.07335907335907335,0.7217466943443026,0.7606827059669296,0.7561679736522222,0.7530726646822212,0.7684481211806243,0.7606827059669294,0.8209718670076727,258.35619242558954,-inf,0.37057660467331593,1.0179023222711632,0.13777806683008711,0.8130279776185693,1.1707656271456972,0.11543950537156188,0.2623921881697635,391
-0.9233020822897344,1.245843389676142,6.0,2.0,0.43413119873784206,472.917240291523,0.7726382617265061,0.6653376387051263,0.07335907335907335,0.7232241754803108,0.7612740157662518,0.7567819496068049,0.7536766887430386,0.7690260699695991,0.7612740157662516,0.8214285714285714,258.9035420374925,-inf,0.3706429834435064,1.0177459034376641,0.13782007574376265,0.813452530115627,1.17149051624593,0.11545003564069148,0.2624455975468957,392
0.6546240768557886,0.5504387527339205,3.0,3.0,0.4341180161402137,473.9082416781867,0.7733784805841317,0.6620205465683244,0.07473269973269972,0.7203951068349466,0.7548590341415639,0.7502607065307363,0.7474396910765564,0.7624271478496061,0.7548590341415637,0.8193384223918575,259.45062778721433,-inf,0.37071063044952873,1.0175902806287629,0.13786187087161797,0.813876153536339,1.172242746008244,0.11546404669024182,0.2624979205897774,393
-1.3220335102040015,0.8909359771257891,6.0,2.0,0.4333896456149059,473.50550563689416,0.7736403482146362,0.6638063788646239,0.07473269973269972,0.7218871672691975,0.7554583350640109,0.7508828383011323,0.7480510762299286,0.763013755489796,0.7554583350640108,0.8197969543147208,259.9939142792186,-inf,0.37077842361685903,1.0174354477833585,0.13790345384146385,0.8143061742138947,1.1730280045370052,0.11547773002669989,0.2625526345036591,394
-0.185672563272106,-1.2508026729000057,5.0,5.0,0.4330164401714316,473.514945491294,0.7762164747467003,0.6636456732724385,0.07565934065934066,0.7216852034367669,0.7556176528562993,0.7510588292504361,0.748418887049092,0.7629562481896134,0.7556176528562994,0.8202531645569621,260.5344738519074,-inf,0.37085161260608657,1.0172804920707008,0.1379524214424656,0.8147403837387708,1.1738515490265529,0.11548888597981045,0.2626088509138685,395
-0.5291884157901476,1.0850455085482835,6.0,2.0,0.4336401626363366,475.158439081705,0.7762448873528461,0.6654274864043093,0.07565934065934066,0.7231770056485588,0.7562089107538945,0.7516724766828253,0.7490217766751063,0.7635353073941766,0.7562089107538945,0.8207070707070707,261.0764535620837,-inf,0.3709244707277327,1.0171263189626523,0.13800114173235117,0.815170167181547,1.174702134709779,0.11550023676530832,0.2626637694472287,396
1.389615064506621,0.9054534913200104,1.0,3.0,0.4339065577121857,477.0825138223867,0.7762416299512073,0.6660345456015306,0.07564625850340136,0.7236161776481874,0.756641975009179,0.7521269854554757,0.7496291387442422,0.7637872615645676,0.756641975009179,0.8211586901763224,261.620549431757,-inf,0.37099602211213406,1.0169729225453246,0.1380496165799703,0.815594115556162,1.1755682580573847,0.11550931528906495,0.26271830013769704,397
1.4618287623160926,0.2923406550725914,2.0,4.0,0.43350041476410955,479.08242909795774,0.7768820688200239,0.662483154673517,0.07564625850340136,0.7206100727279148,0.7501829249181753,0.7455617653018505,0.7433417234439912,0.7571512194118869,0.7501829249181752,0.8190954773869347,262.16693606408415,-inf,0.37106804033400914,1.0168202969642646,0.1380979636184613,0.8160119116525958,1.1764486136504635,0.11551847213239498,0.2627718508610192,398
-0.6796288287305692,1.801336232489655,6.0,2.0,0.43423119693073564,482.1210954192895,0.7767560447441296,0.6642686817573764,0.07564625850340136,0.7221078610656422,0.7507803754186952,0.746181642041154,0.7439499507182586,0.7577373866493797,0.7507803754186952,0.8195488721804511,262.71819962136533,-inf,0.3711394412796372,1.0166684364237113,0.1381460683159072,0.8164183416579562,1.177346348200092,0.11552715567876982,0.26282441975203596,399
-1.3901111297086215,-1.3227729734302125,5.0,5.0,0.4341488792510529,484.48496294819984,0.7784516824034239,0.6641336873950711,0.0765485141424991,0.7219315439747123,0.7509592500186526,0.7463773325977562,0.7443286998308671,0.7577089931197291,0.7509592500186526,0.82,263.2726165296824,-inf,0.3712144870972924,1.0165112963765583,0.13819707709936643,0.8168170000059959,1.1782500233837736,0.11553626901392686,0.26288043644329845,400
1.021982216239765,-0.4276042062448309,2.0,0.0,0.43309440453148673,485.531285776538,0.779154332321052,0.6648107154566176,0.0765485141424991,0.7225267883438202,0.7513122203974982,0.7467481542704755,0.7445315561269743,0.7582175267618698,0.7513122203974981,0.8204488778054863,263.8268775502481,-inf,0.37129032640101606,1.0163713052526215,0.1382505518136085,0.817214588957163,1.1791583875794152,0.11554704037303216,0.26293577365553183,401
0.9000884375316855,0.5638714772802741,1.0,3.0,0.43328929748272194,487.13417071566164,0.7791874151092021,0.6654297769031411,0.07653567881969073,0.7229795066230185,0.7517555276615087,0.7472128294076359,0.7451422304203238,0.7584872649486697,0.7517555276615087,0.8208955223880597,264.38236832926657,-inf,0.3713661763684425,1.0162320106019385,0.13830376048449614,0.8176083369087549,1.1800889017586311,0.11555981106284349,0.2629896444038058,402
0.6721777274548099,-0.1368372939598826,2.0,0.0,0.43330001468332435,488.0698856025471,0.7787792330021223,0.6661143782327105,0.07653567881969073,0.72358347184432,0.7521050860580925,0.7475799165309529,0.7453443582112712,0.758989584427681,0.7521050860580926,0.8213399503722084,264.9374242033938,-inf,0.37144061168397147,1.0161142760470419,0.13836017405619952,0.8180015909713695,1.1810353197656749,0.11557267033135563,0.2630422972583341,403
1.943961651061856,-0.090202855437816,1.0,4.0,0.4343397464336837,491.6086902684983,0.7773700946156691,0.6632978569180403,0.07653567881969073,0.7211954715971565,0.7503439268199575,0.7457994883867306,0.7437462475564837,0.7570597081147885,0.7503439268199577,0.8193069306930693,265.498491693654,-inf,0.3715103273517618,1.0159971243364763,0.13841450281509743,0.8183815483908912,1.1820172170276844,0.11558347599090985,0.2630935127867688,404
-1.0496197010827724,0.0263199593121815,4.0,1.0,0.4348313785318567,492.71051807040396,0.7759109385165055,0.6636236993571623,0.07653567881969073,0.7215301165687813,0.7505549967549922,0.7460247118830683,0.7438518409386129,0.7573800609429266,0.7505549967549923,0.8197530864197531,266.0595090427324,-inf,0.3715755740157703,1.015891683498131,0.13846856328382792,0.8187602787929853,1.1829195193673532,0.11559235277340366,0.2631374054523566,405
0.2291791667159833,-0.9250606085835392,2.0,0.0,0.4346514499359353,492.95803801976973,0.7737248122036067,0.6643287246459335,0.07653567881969073,0.7221523792906375,0.7509059462361906,0.7463930060406962,0.7440589057949001,0.7578801738946379,0.7509059462361906,0.8201970443349754,266.61837241459693,-inf,0.37163367751108045,1.0157969722853981,0.1385240391459378,0.819141937490167,1.1838595856190401,0.11559908862254349,0.2631813649678408,406
-0.7122211070515156,-0.5335744816211363,4.0,1.0,0.43467601271767536,494.23641422083165,0.7738069539822009,0.6646655561937378,0.07653567881969073,0.7224977158689165,0.7511168416167612,0.7466178619304975,0.7441666010771942,0.7581981314551326,0.7511168416167611,0.8206388206388207,267.177630502573,-inf,0.37169154140659905,1.0156979947661675,0.13857924239938868,0.8195214981369874,1.1847034588460077,0.11560600849170008,0.2632267602794645,407
0.3653560652140478,0.6236699560629715,1.0,3.0,0.4342298725012145,494.169999168016,0.7754326959753866,0.6652570149424272,0.07652308340945822,0.7229295428628486,0.7515447612764561,0.7470662783164962,0.7447646206716984,0.7584494852779164,0.7515447612764561,0.821078431372549,267.7339843473412,-inf,0.3717522148303626,1.015599502430855,0.13863417504865594,0.8199054706589354,1.1855766461024138,0.11561655040354737,0.26327226183216673,408
-1.3365554564103852,-1.419814363869052,5.0,5.0,0.4346044574376592,496.95776501542434,0.7759048086085892,0.6651498716823375,0.07740190383715083,0.7227770458321477,0.751729148336278,0.7472668722517659,0.7451413922071711,0.7584344274960668,0.751729148336278,0.8215158924205379,268.294433688828,-inf,0.3718135740337916,1.0155011848888675,0.13869039526344148,0.8202800805718593,1.1864612751925296,0.1156255035176095,0.26331744455378253,409
-1.249277025084534,-0.1206266419227743,4.0,1.0,0.43520417315168275,498.596719898257,0.7746603404855502,0.665498287980123,0.07740190383715083,0.7231327985050657,0.7519394355928294,0.7474908549212257,0.7452498872689775,0.7587501657739174,0.7519394355928294,0.8219512195121951,268.8561465820217,-inf,0.37187129575445466,1.0154110210682568,0.13874634123327687,0.8206509313499629,1.1872636906400442,0.11563186157387119,0.26335717411635545,410
1.6011223650494957,-0.6062921781238023,3.0,4.0,0.4351884873445045,500.48775589990515,0.77651996019015,0.6656745573679248,0.07738954167525595,0.723213445518134,0.7522229184165984,0.7477924524468547,0.7455856526965556,0.7589794165404595,0.7522229184165984,0.8223844282238443,269.4197271399728,-inf,0.371933240219429,1.015321296001031,0.13880494134245014,0.821016872457644,1.1880859256512424,0.11563845909650028,0.26339681010929933,411
-0.0744374320158195,1.7902275020062042,6.0,2.0,0.43489262872774237,501.36403870715,0.7771652035495439,0.6673629049257107,0.07738954167525595,0.7246249034290027,0.752802928463192,0.7483935153866308,0.7461759569781946,0.7595486662555588,0.752802928463192,0.8228155339805825,269.9826987699902,-inf,0.37199590513330044,1.0152320064923837,0.138863256985074,0.8213827271204128,1.188922916690268,0.11564504886290979,0.26343775848508466,412
0.9290637892331158,0.9808109095628256,1.0,3.0,0.43579022921530336,503.84585575206694,0.7758439532534215,0.6679516175098961,0.07737740634201971,0.7250579318120935,0.7532234145421169,0.7488338013448641,0.7467616305110947,0.759798003278049,0.7532234145421168,0.8232445520581114,270.54895338738015,-inf,0.37205649958193343,1.0151431493784517,0.13892129022749147,0.8217409870667324,1.1897807005534078,0.11565005689083836,0.2634769756290035,413
0.8893282218983211,0.2625909726012884,3.0,0.0,0.4338502864162832,502.3493256942808,0.7789129685361141,0.6648197482327788,0.07736549165120592,0.7224857879296609,0.7517190943672803,0.7473137054012221,0.7450770682902678,0.7584806069471963,0.7517190943672803,0.821256038647343,271.1088576683147,-inf,0.3721243876233688,1.0150472061581248,0.13897779253640846,0.8221102614882521,1.1906431771268995,0.11566261317864386,0.26351826080627394,414
-0.8908068686407979,-0.3186815904732871,5.0,1.0,0.4344883561479078,504.1423114327544,0.777591856387733,0.6622112217705044,0.07639027639027639,0.7203795796067849,0.7508400349139062,0.7464291091874451,0.7440609650110348,0.7577437675517583,0.7508400349139062,0.8192771084337349,271.67038406292784,-inf,0.3721895031744061,1.0149530988253657,0.13903402254504146,0.8224751394912233,1.1914202734536263,0.11567307638401089,0.26355702288323574,415
1.787275556807149,0.7737887670924476,1.0,3.0,0.43329943186183406,503.9185062735808,0.7790400515296668,0.6628334657580085,0.07637857637857638,0.7208420863464962,0.7512632912854814,0.7468719905241261,0.7446454445934844,0.7579998216011351,0.7512632912854814,0.8197115384615384,272.22867281824193,-inf,0.3722567915347759,1.014859443931706,0.13908998221709454,0.8228450270063019,1.1922066372979703,0.1156819976594136,0.2635988284926647,416
-0.5248177753620153,-1.042027041932668,4.0,5.0,0.43246146738315094,505.00829755091996,0.7814791867116523,0.6598597530559418,0.07542805011159441,0.7183223771179525,0.7492280720473117,0.7448129831449878,0.7428618902834118,0.7557043108550808,0.7492280720473118,0.8177458033573142,272.78689733798456,-inf,0.3723283580584339,1.0147532212617416,0.13914688900834665,0.8232137862143527,1.1930110930233178,0.11569463939510287,0.26364765789586236,417
0.0982440465261374,-0.3949842486089945,2.0,0.0,0.4324770037460511,505.19829011254524,0.779405463240605,0.6605406343481438,0.07542805011159441,0.7189210895559618,0.7495707067277293,0.7451720936124995,0.7430608497869938,0.7561956357756249,0.7495707067277293,0.8181818181818182,273.34290545467013,-inf,0.37239377560052206,1.0146619421303156,0.13920594515677984,0.8235855849076754,1.193852667882794,0.11570518899942576,0.2636959650479971,418
-0.8733736063169998,-0.8193592960095252,4.0,1.0,0.43153006104213704,506.4237493801751,0.7807414797594312,0.6608621625516505,0.07542805011159441,0.7192542133802005,0.7497688002759911,0.7453832126774481,0.7431621499384313,0.7564939693910401,0.749768800275991,0.8186157517899761,273.89918431845416,-inf,0.3724617880972687,1.0145601903890682,0.1392647194142897,0.8239556123653622,1.194593466713283,0.11571981219893812,0.2637499900037301,419
-1.194277940569411,-1.1010496577587747,5.0,5.0,0.4307415813105271,508.64644940232137,0.7827119356694593,0.6607425486139232,0.07628700128700129,0.7190949720518561,0.7499365897194479,0.7455661328094012,0.743510770403277,0.7564744480992931,0.749936589719448,0.819047619047619,274.45810637817766,-inf,0.3725337030448435,1.0144450503817157,0.13932341437517348,0.8243193129438033,1.1953380284453203,0.11573969568698009,0.2638114077166192,420
-0.1088320372247201,1.5727707686902426,6.0,2.0,0.4307009907157866,509.89400209608465,0.7831921285717306,0.6624085568688748,0.07628700128700129,0.7204857819167471,0.7505121189256503,0.7461620817972205,0.7440960422531773,0.7570398050813351,0.7505121189256503,0.8194774346793349,275.0173365342772,-inf,0.3726059599514206,1.0143304573577712,0.13938183050013858,0.8246811995618036,1.1960998557672402,0.11575970870094246,0.26387297956465283,421
0.9649152615838336,1.1242903390031762,1.0,3.0,0.4315346299601692,512.3375980110605,0.7822465320142257,0.6630350711584377,0.07627551020408163,0.720954171091322,0.7509330918767756,0.7466021589878693,0.7446728643587023,0.7572994672222908,0.7509330918767756,0.8199052132701422,275.57970682213687,-inf,0.3726759962271215,1.0142164074287268,0.13943996977143086,0.8250358828253639,1.1968818224325997,0.11577789241989775,0.26393308581856756,422
1.6047944674616734,0.8352266721216924,1.0,3.0,0.43114240478719157,513.4118931161934,0.7828784375707709,0.6636746163517119,0.07626422250316056,0.7214373413501092,0.751350876523297,0.7470387847020742,0.7452435607136857,0.7575591190745085,0.751350876523297,0.8203309692671394,276.1419578535649,-inf,0.3727460889379353,1.0141028967428456,0.13949783415255154,0.8253895947687332,1.1976755207980532,0.11579448300875442,0.26399420712980554,423
0.0102088305805893,0.0496957512552405,2.0,0.0,0.4306557868794375,511.7079042105763,0.7825842298621538,0.6643396584702966,0.07626422250316056,0.722021455235476,0.7516871878788071,0.7473909833257696,0.7454392660825155,0.7580407292202251,0.751687187878807,0.8207547169811321,276.69753791572765,-inf,0.3728147428982557,1.0139866145782743,0.1395548645699583,0.8257548238621004,1.19850547600508,0.11581016242275946,0.26405679212361693,424
-0.5287115950145447,1.233030655965076,6.0,2.0,0.4314540127051858,513.9729188911563,0.7824062746547603,0.6659783516657443,0.07626422250316056,0.7233909237760641,0.7522519831152114,0.7479756100333678,0.746013470645648,0.7585957141715969,0.7522519831152114,0.8211764705882353,277.25583292978746,-inf,0.3728829198965952,1.0138708796238896,0.13961162660893023,0.8261136634727451,1.1993574605562098,0.11582576961872151,0.26411776390899794,425
-0.1357668388632636,1.843814996544593,6.0,2.0,0.43137068139264145,515.2292597269786,0.782931728116425,0.667618897448116,0.07626422250316056,0.7247647132360302,0.7528107336641998,0.7485539242761322,0.7465815511834623,0.75914473843232,0.7528107336641998,0.8215962441314554,277.8144559973865,-inf,0.37295154417545295,1.0137556880260976,0.13966812215945626,0.8264706861275071,1.2002229921900374,0.115841142343683,0.2641796077071463,426
0.4931607782266453,0.1866773632487142,3.0,0.0,0.430492923908158,514.4882758738287,0.7838520296212709,0.6646429465827155,0.07625313283208021,0.7223202890348809,0.7514045774170116,0.7471339033490004,0.7449912613035239,0.7579292714123856,0.7514045774170116,0.819672131147541,278.368727238315,-inf,0.3730216772699549,1.0136450106091948,0.13972502739401169,0.8268347982777402,1.2011069088904236,0.11585761186628463,0.2642420284952865,427
1.5138841324868182,1.200235330048155,1.0,3.0,0.4307329477439492,515.9760057532346,0.7839631806374853,0.6652815292533523,0.07624223602484471,0.7228039830037353,0.7518183797521839,0.7475660581145741,0.7455543080051898,0.7581886035702512,0.7518183797521839,0.8200934579439252,278.92388443110684,-inf,0.373090686761719,1.0135348503764825,0.1397816667162561,0.8271960276890362,1.2020037271447777,0.1158720694230583,0.2643053044977643,428
1.6529151951738008,0.8573819526454399,1.0,3.0,0.43034379218900115,516.9901547084737,0.7845521021617446,0.6659324286554449,0.07623152709359605,0.7233016789991623,0.7522290476891365,0.74799483230283,0.7461114923607259,0.7584477510981548,0.7522290476891363,0.8205128205128205,279.4788174620564,-inf,0.3731597020102369,1.0134252037112892,0.13983804198571617,0.8275564958740333,1.2029114949233748,0.1158849740160136,0.26436973651702755,429
-0.8502300654813177,-0.7520498407071713,5.0,1.0,0.42980330281611895,518.3969721491499,0.7854774926933842,0.6634632092525724,0.07530560116767013,0.7213041093625667,0.7513965298184915,0.7471574748366263,0.7451484048479805,0.7577503228113602,0.7513965298184915,0.8186046511627907,280.0344410776078,-inf,0.37323035101363294,1.0133071713685584,0.1398941550446206,0.8279144742885457,1.2037226195825543,0.11590076639601098,0.2644385470559737,430
-0.0514086604691239,1.6564614350421387,6.0,2.0,0.4296478230717445,519.3799527080442,0.7860306977639792,0.6650985382126907,0.07530560116767013,0.7226738948688158,0.7519503200227642,0.7477304156490998,0.7457114031368173,0.7582945121816482,0.7519503200227643,0.8190255220417634,280.58976709067144,-inf,0.37330146081117305,1.013189686739715,0.1399500077181009,0.8282718423175777,1.2045492032445813,0.11591662855015972,0.26450791923991057,431
-1.0003582749615656,1.3528759790609666,6.0,2.0,0.4303406129055714,521.9770415430044,0.7857319110725776,0.6667353706066651,0.07530560116767013,0.7240475789672374,0.7524983066656212,0.7482973000914317,0.7462685218973913,0.758832978425062,0.7524983066656213,0.8194444444444444,281.14853392968143,-inf,0.3733717722629777,1.0130727460211904,0.14000560181438912,0.8286215681883097,1.2053971850200018,0.11593207802277644,0.2645761005146814,432
1.7972541067105443,-0.2957899574828699,3.0,4.0,0.4312389525650563,525.2515832131693,0.7849462145184803,0.6668633374607507,0.07529507529507529,0.7240881850948466,0.7527572901405477,0.7485724378656329,0.7465919847649467,0.7590252687218354,0.7527572901405476,0.8198614318706697,281.7122823113985,-inf,0.37344007358005865,1.0129563454445525,0.14005884716632985,0.82896085444849,1.2062712051732385,0.11594586911637879,0.26464278908776195,433
0.8771470605923015,-0.7023859321318365,2.0,0.0,0.4310615347596375,526.5697389083215,0.7844932582000418,0.6674773098455716,0.07529507529507529,0.7246280264310412,0.7530801343375982,0.7489103060849549,0.7467740586995969,0.7594936193190468,0.7530801343375981,0.8202764976958525,282.27646999940987,-inf,0.37350643768283287,1.0128567372627306,0.14011460064736941,0.8292982012825829,1.2071556377239832,0.11595790787338693,0.2647085364310106,434
0.2026110084796944,-0.7510354898425647,2.0,0.0,0.4312015625982146,527.1627600534172,0.7822205184938945,0.6681023808350945,0.07529507529507529,0.725179862803118,0.7534010672961259,0.7492460948775339,0.7469565922763874,0.759957711333257,0.7534010672961258,0.8206896551724138,282.8394269880398,-inf,0.3735663611358532,1.0127713266671863,0.1401724250580228,0.829636707705139,1.2080726025651978,0.11596791656254664,0.2647736298794624,435
-0.7914322498498407,1.7173787084025538,6.0,2.0,0.43200802434015,530.374379554805,0.7819563387584231,0.6697139348581193,0.07529507529507529,0.7265330739802212,0.7539397982451234,0.7498032216578554,0.747504683704194,0.7604866720617754,0.7539397982451235,0.8211009174311926,283.407167704936,-inf,0.3736256066907136,1.0126863078633646,0.140229984219086,0.8299652879021199,1.2090057400895564,0.11597756691655932,0.26483750343458834,436
-0.0121736369005977,0.1695242079059257,2.0,0.0,0.43133567437131815,527.9381735533957,0.7822064472872365,0.6703395276427697,0.07529507529507529,0.7270870531156594,0.7542576864947721,0.7501357217404702,0.7476866729151405,0.7609452222903893,0.7542576864947721,0.8215102974828375,283.96673522404006,-inf,0.3736851147212983,1.0125913362409873,0.1402855281985714,0.8303078391160386,1.2099724864858161,0.11598687607226851,0.26490356228306594,437
0.2037290073284564,0.5567601396504758,1.0,0.0,0.4292519712689514,523.6279393205981,0.784592764424873,0.666343367277294,0.07529507529507529,0.7238169976667604,0.7518105148604892,0.7476565320991535,0.7451627027034686,0.758578008846653,0.7518105148604893,0.819634703196347,284.5139069228906,-inf,0.37375125515406027,1.0124677053016442,0.14033589067603613,0.8306724694547652,1.2109636701400228,0.11599836006643614,0.2649741186945063,438
1.1766108670703723,-0.0208135698891523,3.0,4.0,0.4286058236192444,524.6807984832676,0.7870070124520899,0.6664896308428656,0.0752847278271007,0.7238736351717227,0.7520743663249152,0.7479362328770931,0.7454900383576314,0.7587760391013435,0.7520743663249153,0.8200455580865603,285.06098412462273,-inf,0.37382277702955613,1.0123446376012049,0.14038734415735982,0.8310361230572533,1.2119549978088966,0.11601378186040046,0.26504407747566094,439
1.7425850888834735,-0.3077727118204125,3.0,4.0,0.4294668461336343,527.8210886189522,0.7863376158295151,0.6666514004612778,0.0752745542661509,0.7239466350772573,0.7523395343285667,0.7482170793578736,0.7458174556592271,0.7589766888160243,0.7523395343285667,0.8204545454545454,285.61271163483707,-inf,0.37389280938656333,1.0122221292994038,0.1404363959258268,0.8313898999964898,1.2129693997669946,0.11602777862439247,0.2651125255185737,440
-0.3110992568249184,-0.3364370540878407,5.0,1.0,0.4286242784271929,526.8623464812439,0.7872670694346833,0.6643247366644586,0.0743712118993939,0.7220620540363738,0.751558967310459,0.7474325045518692,0.7449125472897367,0.7583250593504172,0.751558967310459,0.81859410430839,286.1597629610194,-inf,0.37396447044769815,1.012099581224582,0.14048522523729387,0.8317513086710717,1.2139049249373357,0.11604092674946245,0.26518205907929016,441
-0.922370386247014,1.8696563790784504,6.0,2.0,0.4292215277956115,529.768265800617,0.7871387556202577,0.6659308925195586,0.0743712118993939,0.7234103538364637,0.7520947474772056,0.7479863174303115,0.7454578063812253,0.7588509298918361,0.7520947474772055,0.8190045248868778,286.7109134199325,-inf,0.37403553587257415,1.0119775876659363,0.14053383360165025,0.8321039111959421,1.2148547878274187,0.11605389032666405,0.2652512595763817,442
-0.8260051103116122,0.0434702647179922,4.0,1.0,0.4295270063768574,530.3916674696166,0.7859407708858887,0.666168442151448,0.0743712118993939,0.7236598870396233,0.7522788489920986,0.7481820986658615,0.7455422127395509,0.7591383383184277,0.7522788489920985,0.8194130925507901,287.2609828421666,-inf,0.3741030507161764,1.0118654717188833,0.14058222251515173,0.8324574087219887,1.2157369363486294,0.11606513545414139,0.2653140983700945,443
-0.8766487914459636,1.969697522500434,6.0,2.0,0.4300090333821925,533.1364132248785,0.7858943940293209,0.6677670332348059,0.0743712118993939,0.7250032230081457,0.7528084240261795,0.7487294140690415,0.7460813282924373,0.7596579341994911,0.7528084240261795,0.8198198198198198,287.81475633401953,-inf,0.3741701181306655,1.0117538607986187,0.1406303934605744,0.8328029190758536,1.216632272103192,0.11607623932887717,0.2653770173822586,444
-0.8481558249026195,1.626450627095234,6.0,2.0,0.4308738121507413,536.3369930997527,0.7855521477926484,0.6693665426567259,0.0743712118993939,0.7263496996541928,0.7533326748259324,0.749271181166333,0.7466150440246518,0.7601722862228355,0.7533326748259324,0.8202247191011236,288.37323327057175,-inf,0.37423644123494276,1.0116427515004676,0.14067834790736594,0.8331386839366275,1.2175443715806968,0.11608697965860651,0.26543856101136376,445
1.3899244077701909,0.68274798373191,1.0,3.0,0.43067768128501394,538.0384173851855,0.7856616332443861,0.6699508843338402,0.07436120789779326,0.726788809038713,0.7537243089508905,0.7496795287089684,0.747152996028694,0.7604122387284764,0.7537243089508905,0.820627802690583,288.93302067890045,-inf,0.37430219794818315,1.0115321404502904,0.1407260873117952,0.8334709796316399,1.2184691365143645,0.11609735852568172,0.2654996194716381,446
0.4377821196204411,-0.5296040012405364,2.0,0.0,0.43125748763872096,539.5258880175401,0.7831056248541716,0.6705418618315634,0.07436120789779326,0.727312113746702,0.7540332340912643,0.7500024139593251,0.7473263024755915,0.7608616395259249,0.7540332340912644,0.8210290827740492,289.49363112037395,-inf,0.37436279742778306,1.0114435987707284,0.14077724439826791,0.8338007116269927,1.219415861882829,0.11610514637412377,0.265559040790659,447
1.3722137323776336,0.8793806161779919,1.0,3.0,0.43160553800001533,541.6770688764412,0.782732062726398,0.6711329583032873,0.07435136925159098,0.7277595338740968,0.7544211857492414,0.7504067931400112,0.7478579655830689,0.7611006238144779,0.7544211857492416,0.8214285714285714,290.05654057965086,-inf,0.3744220121587846,1.0113554523665218,0.1408281731048903,0.8341252216361431,1.22037569862666,0.11611145094325119,0.2656177034752768,448
-0.4600428248755412,-1.2102888756200474,5.0,5.0,0.4314827682703708,543.2346121749779,0.7837031936468386,0.6709708406019281,0.07519096456664912,0.72756309896272,0.7545693181648938,0.7505679827229736,0.7481867948088545,0.7610616726609198,0.7545693181648937,0.821826280623608,290.6204115631594,-inf,0.3744822642249467,1.011263791337062,0.14087927979094114,0.8344469532403758,1.2213577409651217,0.1161174118090466,0.26567797427649964,449
1.4833033264300153,-0.2938159227265968,3.0,4.0,0.43195108504698915,545.7488089288338,0.7840761183943248,0.6711312208042047,0.07518128720972884,0.7276362476175977,0.7548310107982724,0.7508446010226552,0.7485083595748899,0.7612613868620627,0.7548310107982724,0.8222222222222222,291.18736355730533,-inf,0.37454382101670225,1.0111725376899554,0.14092824786483868,0.8347621229378565,1.2223523253145767,0.11612361342278624,0.2657368958283915,450
0.6842250315597822,-0.619371445713599,2.0,0.0,0.4322239272717163,547.3545314873014,0.7824925080102441,0.6717248130460891,0.07518128720972884,0.7281624521999284,0.7551362799025456,0.7511634867486552,0.7486803023000743,0.7617045676123976,0.7551362799025457,0.8226164079822617,291.75536171236075,-inf,0.37460188908377096,1.0111016567398796,0.14098035179526303,0.8350744057675571,1.2233613700291144,0.11612759273580471,0.2657943781431127,451
-1.1377430084835316,-0.4398388885340921,4.0,1.0,0.4327969933640236,549.5652421180229,0.7815720490217034,0.6719454749303713,0.07518128720972884,0.7283934936525667,0.7553171978514014,0.7513555616511836,0.748764020479726,0.7619860947226323,0.7553171978514013,0.8230088495575221,292.32573755396623,-inf,0.37465816480639413,1.0110304379757982,0.14103222517732267,0.8353814551257629,1.2242867460036835,0.11612982854454763,0.26585070333257205,452
0.102297543154508,-0.0344954132561622,2.0,0.0,0.432708677112944,548.9196920902217,0.7808403809421453,0.6725456420003181,0.07518128720972884,0.7289267986612274,0.7556204096724598,0.7516722010000588,0.7489364817218228,0.7624247141516041,0.7556204096724599,0.8233995584988962,292.8921701246864,-inf,0.37471191333968573,1.01096529911312,0.14108483796070886,0.83569450296065,1.225241006523512,0.11613091401271529,0.2659072566621934,453
-0.5371326118565709,-1.8021849997932309,5.0,5.0,0.4335723454228972,551.2160009849473,0.7789470149213065,0.6723997920336484,0.07600089216014275,0.7287455334763636,0.7557708802847479,0.7518354008225075,0.7492634015979002,0.7623923864133261,0.755770880284748,0.8237885462555066,293.4611653468456,-inf,0.3747609579920105,1.0109211600858314,0.14114005473016297,0.8360020001962988,1.2262341647871238,0.1161318574430131,0.2659515900525017,454
-0.6788008798191967,-0.8150666432078306,4.0,5.0,0.43150878784792895,551.642298452044,0.783199802115138,0.6697462687139712,0.0751205400192864,0.7264929214434941,0.7539606650764457,0.7500060572068131,0.747671903917511,0.7603561147062483,0.7539606650764457,0.8219780219780219,294.0285964086152,-inf,0.37481830678774236,1.0108559675588287,0.14119813389586686,0.8363112702636062,1.2272315749056135,0.11614399765454567,0.2660084197534221,455
1.6635053331164018,-0.247975787548794,3.0,4.0,0.4323589218261309,554.7743005575401,0.7823571744701955,0.6699255573480534,0.07511102001776322,0.7265833123797436,0.7542259359256834,0.7502859530969804,0.7479951903675176,0.7605613567361675,0.7542259359256834,0.8223684210526315,294.60040716332776,-inf,0.37487456073556674,1.010791060963962,0.1412532097018685,0.8366118350407562,1.228247545835051,0.11615505789644279,0.2660637283360259,456
1.1968439238458335,0.039088726268234,3.0,0.0,0.4301240260607052,553.6328002136075,0.785666410284176,0.6670315399315477,0.07510165356465168,0.7242101654189897,0.7528648290259865,0.7489118088196581,0.7464675682454597,0.7593726872594344,0.7528648290259865,0.8205689277899344,295.1672176514028,-inf,0.3749378004951125,1.010719424257745,0.14130685565062523,0.8369202188539449,1.2292595810875238,0.11617429994445876,0.2661207516615535,457
-0.8216563113848163,-0.8766588658473001,4.0,1.0,0.4288467447295429,554.6044034273885,0.7873769837916926,0.6672618162574144,0.07510165356465168,0.7244496555106272,0.7530427671800939,0.7491006372766637,0.746556603489141,0.7596426236147735,0.7530427671800939,0.8209606986899564,295.73367438890494,-inf,0.3750043089733664,1.0106371914161465,0.14136026733759705,0.8372282410805005,1.230177923288406,0.11619866628576263,0.2661840258140811,458
1.6520551340551064,-0.3618684667102952,3.0,4.0,0.4295568033209739,557.5054337320695,0.7872032934681541,0.6674379530663885,0.07509243697478993,0.7245401736584755,0.7533003195766967,0.7493724488586676,0.746878213045522,0.7598338262352657,0.7533003195766969,0.8213507625272332,296.30398323278985,-inf,0.37507059230836814,1.0105553168875834,0.14141167681775968,0.8375285232591302,1.2311147800674502,0.11622214999462412,0.26624599474989913,459
-0.448866216620271,0.850834999694212,6.0,2.0,0.42953102694849526,557.4306784370868,0.7876148047582548,0.6689644028219365,0.07509243697478993,0.7258214760371662,0.7538123836109163,0.7499010281875181,0.7473991372518998,0.7603366434976314,0.7538123836109164,0.8217391304347826,296.8716499614948,-inf,0.3751371015022392,1.0104737983352314,0.1414628627784434,0.8378324639848331,1.2320743309333126,0.11624626146025022,0.2663082383643038,460
-0.9390164184583598,-1.7180828737901477,5.0,5.0,0.43055706690618223,560.766153282217,0.7853142451533532,0.6688287202689838,0.0758936877076412,0.7256524219664066,0.7539586121045426,0.750059539941831,0.747707187024774,0.7603154522812968,0.7539586121045427,0.8221258134490239,297.444089231171,-inf,0.3751983001071805,1.010406781066009,0.14151342672558495,0.8381271178479994,1.233060336556474,0.1162680381459245,0.2663610668476414,461
-1.5459285562530358,-0.6487257642005108,4.0,1.0,0.43029410004564,562.1150925750118,0.78631435067265,0.669063426048277,0.0758936877076412,0.7258955789563096,0.7541358926568886,0.7502474798550595,0.7477969783530919,0.7605831929544433,0.7541358926568887,0.8225108225108225,298.01697019078966,-inf,0.3752613662240827,1.0103363696146712,0.14156377178118043,0.8384200594181748,1.2339580000467372,0.11628855813820858,0.2664163870209435,462
-0.9275904530628328,1.2666268789440869,6.0,2.0,0.43095880373485007,564.6337489097943,0.7860444952843889,0.6705787198764981,0.0758936877076412,0.7271687332086887,0.7546413712142848,0.7507691479257269,0.7483111397777051,0.7610796157536008,0.7546413712142847,0.8228941684665226,298.59281636512884,-inf,0.3753238128967995,1.0102662623164709,0.14161389936353364,0.8387069471165528,1.234874810258608,0.11630872351149613,0.26647057098885163,463
1.4936210176452325,-0.3913215290363623,3.0,4.0,0.43132100478793933,567.0262169426039,0.7867387933120398,0.6707566542582116,0.07588461741285661,0.7272630847279785,0.7548969112631266,0.7510385431480383,0.7486290269990994,0.7612706372014703,0.7548969112631267,0.8232758620689655,299.17133662499407,-inf,0.3753879715756274,1.0101964572049007,0.14166278370889038,0.8389883273002113,1.2358044508098531,0.1163292035220145,0.26652370553148774,464
-1.396352494726214,-1.270430512723404,4.0,5.0,0.43110923448972505,569.344233067958,0.7884323324606206,0.6681622546802064,0.07502541246383611,0.7250638089874123,0.7532012653562355,0.749325722939385,0.747145324128132,0.7593561809456092,0.7532012653562355,0.821505376344086,299.75235360659184,-inf,0.37545538073942636,1.0101208331014784,0.14171397647565034,0.8392645433396212,1.2367375749603227,0.11635050756106757,0.2665803999396417,465
0.4220698895965871,-0.4602249735218543,2.0,0.0,0.43167635216669653,570.7865364763356,0.7859889066482498,0.6687447688249823,0.07502541246383611,0.7255792935177743,0.7534998070190254,0.7496371021646835,0.747313465505812,0.7597894258785379,0.7534998070190253,0.8218884120171673,300.33397202476726,-inf,0.3755181147603042,1.0100657563315818,0.14176838143021525,0.8395388395576197,1.2376912077230968,0.1163694262784546,0.26663558356027833,466
0.9806388023851652,0.1095444893242564,3.0,0.0,0.43028804603921317,570.1936945417468,0.7882945352751357,0.6659221246088689,0.07501648500833948,0.7232659149103112,0.7521944759152019,0.7483196662818857,0.7458560127566163,0.758641594007628,0.7521944759152018,0.8201284796573876,300.9118301029621,-inf,0.3755852353518415,1.0100112016543883,0.1418226019596466,0.839818620690122,1.2386471067135902,0.1163934451031012,0.2666915738241609,467
-0.6251818921688723,-0.2505105603597316,4.0,1.0,0.4304753616567037,570.9808015305426,0.7878273562542923,0.6661573704175049,0.07501648500833948,0.7235095017347278,0.7523682060525727,0.7485037905507287,0.7459500953586856,0.7588977173234007,0.7523682060525727,0.8205128205128205,301.4889005547304,-inf,0.37565070663774425,1.0099589666536193,0.1418765907774137,0.8400988391123981,1.2395322995744904,0.11641566506756776,0.26674549726041513,468
-0.923207929817902,-0.6736037384932421,4.0,1.0,0.43041836390472343,572.7737157589605,0.7880899632735651,0.6664050106848362,0.07501648500833948,0.723765460735539,0.7525423366359462,0.7486882351963394,0.7460457473268652,0.7591530648692442,0.7525423366359462,0.8208955223880597,302.06733299653047,-inf,0.3757165198504675,1.0099010908650634,0.14193034936568075,0.8403758492176455,1.2403350348163242,0.11643898780056837,0.2668017362165327,469
-0.6278592702059022,-0.1274600167788479,4.0,1.0,0.43060602357196615,573.2777221468086,0.7874583700254343,0.6666648191580785,0.07501648500833948,0.7240335632359233,0.7527168181189926,0.7488729514046563,0.7461428910619753,0.75940761464743,0.7527168181189925,0.8212765957446808,302.64437637770124,-inf,0.3757802692191501,1.0098480771257385,0.14198387919399774,0.8406543197490756,1.241074125856919,0.11646030521030018,0.26685463881473376,470
-0.0790046121536556,1.916178134978688,6.0,2.0,0.43038626124351803,574.1077366028755,0.7880355437040046,0.6681562760859086,0.07501648500833948,0.7252843570046552,0.7532184409943847,0.7493903645974955,0.7466533609901487,0.75989999433449,0.7532184409943847,0.821656050955414,303.2207317072664,-inf,0.37584452246835565,1.0097952884978332,0.14203718171943439,0.8409330643085281,1.2418242596501246,0.11648140961628833,0.2669088320532368,471
-1.246161230911751,-1.0820904843988202,5.0,5.0,0.4295680563110362,576.2192695071227,0.7901841522518543,0.6680260105179228,0.0758001840679006,0.725120850932331,0.7533596030782428,0.7495432169561028,0.7469426831238245,0.7598877328345327,0.7533596030782429,0.8220338983050848,303.7991184398932,-inf,0.37591272747338983,1.0097307465800704,0.1420912451520907,0.8412074940468501,1.2425762236446107,0.1165072662208458,0.2669697019651809,472
1.0795883959608317,-0.2561332463633732,3.0,4.0,0.42838786234826814,576.6057736380678,0.7934343494736296,0.6682006153701835,0.0757913961038961,0.725213090068342,0.7536094708419003,0.7498064180662034,0.7472594346802928,0.7600683542102902,0.7536094708419003,0.8224101479915433,304.3758766961261,-inf,0.3759880859135768,1.0096664775668223,0.14214816320843918,0.8414837880014433,1.2433269209674829,0.11653850798500612,0.2670306172750157,473
-1.4009248310184728,-0.6105269901591042,4.0,1.0,0.42839071354208363,578.4076331545165,0.7939317798057298,0.6684636825320945,0.0757913961038961,0.7254837432610299,0.7537832627230645,0.7499902348791468,0.7473570434976943,0.7603209533359914,0.7537832627230645,0.8227848101265823,304.95400276460373,-inf,0.37606399290390663,1.0095992084596543,0.14220484110421233,0.8417569056286862,1.2439982319350822,0.11656871880709994,0.2670930063444225,474
-0.1067060400883909,1.8147579459158667,6.0,2.0,0.42835312888366045,579.657768361132,0.7944014213300283,0.6699388630348738,0.0757913961038961,0.7267219282252235,0.7542775494063764,0.7504999385074048,0.7478599156751468,0.760806280181061,0.7542775494063765,0.8231578947368421,305.5323264816491,-inf,0.3761401599097439,1.0095322225908319,0.14226128035621377,0.842028823136848,1.244681679238266,0.11659871581736937,0.26715600225783664,475
0.3343377010804728,0.6448038256509625,1.0,3.0,0.42777456359440275,579.0751648532777,0.7961082362855465,0.6704955379107878,0.07578274438739555,0.7271354055240892,0.7546580186777172,0.7508953606555532,0.748373587701083,0.7610488898909247,0.7546580186777172,0.8235294117647058,306.1069963101609,-inf,0.3762189252901314,1.00946551817524,0.14231748246850098,0.8423060038139435,1.245387893262546,0.11663137184314987,0.2672194458467505,476
-0.6889629763391796,1.2630927303919357,6.0,2.0,0.4285661381797644,581.6294127945575,0.7958082271389291,0.6719644625513388,0.07578274438739555,0.728370293060439,0.7551463629010108,0.7513988638856326,0.7488702782214341,0.7615285330825958,0.7551463629010107,0.8238993710691824,306.684611439059,-inf,0.3762970927672905,1.0093990934427326,0.14237344893251858,0.8425773807075013,1.2461123666839198,0.11666375073209204,0.26728145762348676,477
-0.9184646057723244,1.858689400574004,6.0,2.0,0.42915186295846564,584.627576494046,0.7956602287526234,0.6734341983691248,0.07578274438739555,0.7296078919296646,0.7556301313977043,0.7518976135413045,0.7493623310471328,0.7620036661322924,0.7556301313977043,0.8242677824267782,307.26608207724934,-inf,0.3763746717976566,1.009332946637976,0.14242918122723067,0.8428414905824615,1.2468499784880818,0.11669588551029206,0.2673431084484019,478
-0.4866478276444415,-1.1124292941833651,5.0,5.0,0.4287510017364874,585.9353017963809,0.7971341203005574,0.673306556351819,0.07654883223213507,0.7294489277041494,0.7557710885031658,0.7520498383322851,0.749647164928362,0.7619958897314555,0.7557710885031658,0.824634655532359,307.8478549785419,-inf,0.3764543121848485,1.0092602126664243,0.14248526378565166,0.8431042591495218,1.2476044930835466,0.11672903925811587,0.2674083365206002,479
-0.5744741426306008,-0.3760005916995479,4.0,1.0,0.428778584180346,586.6514902695604,0.7971117901201547,0.6735553632228503,0.07654883223213507,0.7297054370062219,0.7559426225942752,0.7522310903529128,0.749743697882983,0.7622449080417671,0.7559426225942751,0.825,308.42869588539816,-inf,0.37653325912242674,1.0091872019176358,0.14254111266674585,0.8433677305601035,1.248291272498275,0.11676118448604358,0.26747314945322104,480
-1.339172172277632,-1.2298192346445422,5.0,5.0,0.42857257115571057,589.0814047864503,0.7984728261406501,0.673442664780696,0.07729789590254707,0.7295612644827372,0.7560864871978912,0.7523861048934282,0.7500287407703013,0.7622428834170993,0.7560864871978913,0.8253638253638254,309.01217345068096,-inf,0.3766145524626292,1.0091083277769397,0.142597975722854,0.8436260267623451,1.248982805176077,0.11679443880478582,0.26754132357049226,481
1.5778117627303776,-0.3105498782484515,3.0,4.0,0.4292441255392027,591.9849692131473,0.7982025663510929,0.6736105659608616,0.07728937728937728,0.7296495424784255,0.7563319975972823,0.7526443563543469,0.7503386496444049,0.762421860486447,0.7563319975972822,0.8257261410788381,309.5992539398148,-inf,0.3766957151320573,1.0090297809148359,0.14265250225467538,0.8438776104480123,1.2496895740597838,0.1168270987449321,0.26760813854853105,482
0.3029751252865514,0.7425187080147202,1.0,3.0,0.42877171547469844,591.510281951181,0.7997478670526817,0.674155842659462,0.07728098873137042,0.7300559667357667,0.7567047875595129,0.7530315344632962,0.7508406656870571,0.7626612289167107,0.7567047875595129,0.8260869565217391,310.18292066447594,-inf,0.37677909701919104,1.0089515592985379,0.14270680300375627,0.8441339557527139,1.2504187871055434,0.11686154176606908,0.26767534962749845,483
-0.5406482355127461,1.994790505106761,6.0,2.0,0.4291262787599031,594.1065891806737,0.7998445306557954,0.6755983071108925,0.07728098873137042,0.7312712890858863,0.757179642188902,0.7535208941495006,0.7513232043855425,0.7631280971425413,0.7571796421889019,0.8264462809917356,310.76953981430285,-inf,0.3768621915968522,1.0088736609120592,0.1427608793695765,0.8443846775721732,1.2511589182334155,0.11689559438568745,0.26774253073966886,484
0.8227459651816238,-1.1420591173733583,2.0,0.0,0.4287993418929984,593.8312890397955,0.8001042481347698,0.6761040447489134,0.07728098873137042,0.731715188764291,0.7574619400317093,0.7538149459392728,0.7514766111086566,0.7635433778246392,0.7574619400317093,0.8268041237113402,311.3531722869327,-inf,0.37694465674781663,1.008792841827328,0.1428141690367367,0.8446394549180763,1.25191065722801,0.1169270071419385,0.26781084545411865,485
-1.3028773694533604,-0.1750003012922163,4.0,1.0,0.42927610112257597,595.5315721401595,0.799147924357066,0.6763499908898352,0.07728098873137042,0.7319677803979379,0.7576319820824757,0.7539944284325427,0.7515730226921935,0.7637894265066432,0.7576319820824757,0.8271604938271605,311.9379015047377,-inf,0.3770245174824304,1.0087173579095285,0.14286723940485507,0.8448916435479012,1.252597864040714,0.11695606517718439,0.26787522857135065,486
-1.229157102085638,-1.1521772680574505,5.0,5.0,0.4289080334475523,598.0076498844948,0.8003542653712872,0.6762462745168402,0.07801358946397115,0.7318329256693613,0.7577765165383227,0.7541497851283354,0.7518551222513267,0.7637919216173974,0.7577765165383227,0.8275154004106776,312.52531371906986,-inf,0.377106380860536,1.0086341261878733,0.14292004207494882,0.8451386936514335,1.253289866489715,0.11698753173831311,0.2679438245485939,487
-0.1329465134003447,-1.3412073049871651,4.0,5.0,0.42869425283766943,597.7504486905943,0.8019917340577126,0.6736654819344224,0.07717746906263336,0.7296555748222907,0.7561532326718212,0.7525105111521847,0.7504304729262364,0.7619639463314746,0.7561532326718212,0.8258196721311475,313.10979145466723,-inf,0.3771913294658434,1.0085543457292785,0.14297900092805008,0.8453896960844107,1.254010514385439,0.1170160935808034,0.2680114716787766,488
1.618233361221433,0.7851556111862851,1.0,3.0,0.4283992380023891,598.8698594861273,0.8024068381861116,0.6742135535042293,0.07716920760399022,0.7300659215808001,0.7565237699370474,0.752895099297334,0.7509265198514442,0.7622050881246065,0.7565237699370473,0.8261758691206544,313.6941678719095,-inf,0.377276088965654,1.008474891571128,0.1430377186406478,0.8456400708570303,1.2547401511987182,0.11704345213899636,0.2680797651676617,489
0.3530369124227996,-0.2988865759376156,2.0,0.0,0.4289040567753854,599.9605940448556,0.8005043804379458,0.6747305558120956,0.07716920760399022,0.7305189868208752,0.7568063504644118,0.753189243048868,0.7510826948189308,0.7626179106826593,0.7568063504644118,0.826530612244898,314.27838506818085,-inf,0.37735679013817086,1.0084126133415594,0.1430991803798961,0.8458899147514377,1.2554902730126936,0.1170688216550564,0.26814679992150064,490
-0.0575658863031757,1.593543117295455,6.0,2.0,0.4288257230336123,601.0369678017668,0.8009609588240996,0.6761462386570862,0.07716920760399022,0.7317110691138342,0.7572751525002244,0.753672151544954,0.7515589082820289,0.76307901693522,0.7572751525002244,0.8268839103869654,314.8624147682492,-inf,0.3774376953324421,1.0083505887911335,0.1431603917658277,0.8461392763528884,1.256253599311441,0.1170942554509996,0.2682140458428744,491
0.3952354990600802,0.3281895265331143,3.0,0.0,0.42763908541799706,599.3012296417035,0.8022370704711471,0.673508446779365,0.07716107037780787,0.7295440706320069,0.7560523076360329,0.7524386075377085,0.7501947048102566,0.7620021039337538,0.7560523076360329,0.8252032520325203,315.44054244075625,-inf,0.3775207950030987,1.0082841454988534,0.14322052731610938,0.8463973943437844,1.2570335960774706,0.11712064739789779,0.2682825456070444,492
-0.5292028207803147,1.0858068951204525,6.0,2.0,0.4281378866858453,600.8314901416846,0.8022734544420745,0.6749308720003817,0.07716107037780787,0.7307431182151051,0.7565188320681819,0.7529191095114336,0.7506687370770309,0.7624608248972004,0.7565188320681819,0.8255578093306288,316.01942874440925,-inf,0.3776035959635306,1.0082179717533981,0.14328041890878337,0.8466534890455287,1.2578318610248247,0.11714712430681636,0.26835016412412194,493
1.2948107538685123,0.066737134012894,3.0,4.0,0.4278885618054003,602.5544911496777,0.8035149570163637,0.675081944330024,0.07715305460276259,0.730818547989135,0.7567554525617008,0.7531677866634692,0.7509730235156657,0.7626276210272097,0.756755452561701,0.8259109311740891,316.59945923510816,-inf,0.3776885578881261,1.0081520659178431,0.14333960705907156,0.8469069481983685,1.258634568012283,0.11717516254660498,0.26841691038820925,494
2.0834076762724423,0.6198427174011594,1.0,4.0,0.42741889287118234,603.4397847813113,0.8037927634868707,0.6726947396017684,0.07715305460276259,0.7287982154127605,0.7551904951621361,0.7515879974347772,0.74953159571873,0.7609354930551047,0.7551904951621361,0.8242424242424242,317.178934640252,-inf,0.3777718709100799,1.0080864263684923,0.14340765764603702,0.8471605202454442,1.2594644559171455,0.11720368866703461,0.26848541427453576,495
0.6623967131295722,0.6300216235599171,1.0,3.0,0.4275386096125103,604.5979752784868,0.8040715290443602,0.6732247081574578,0.0771451575799402,0.7291954804780733,0.7555516564973,0.7519627378704723,0.7500197725665569,0.7611657492598868,0.7555516564973002,0.8245967741935484,317.7584085125065,-inf,0.3778554981736271,1.008021051494744,0.1434754338354744,0.8474133157440562,1.2603118584181456,0.11723356035595245,0.2685529816934739,496
1.6926308451395198,0.3375365749507946,1.0,4.0,0.42749022055739294,606.9984282977202,0.8039542113191271,0.6708520447456997,0.0771451575799402,0.7271903202205217,0.7540638623350447,0.7504612344000775,0.7486569730098912,0.7595494181893149,0.7540638623350449,0.8229376257545271,318.34038038330175,-inf,0.37793736220001367,1.0079559396989586,0.14354314716000205,0.8476613331498424,1.2611750190926725,0.11726253526203993,0.2686198851248032,497
0.9452311285401728,-0.3910946351901431,2.0,0.0,0.42691880912310426,608.1834350011034,0.8041994739324481,0.6713615376448637,0.0771451575799402,0.7276373425638855,0.7543433898059316,0.7507520329408799,0.7488097198896713,0.7599594557653396,0.7543433898059315,0.8232931726907631,318.9223945492009,-inf,0.37801911680928757,1.0079037515022868,0.1436128873201792,0.8479085187281057,1.262042988769103,0.11729201922293148,0.2686859970499169,498
1.1761965545914517,0.287442212542028,3.0,0.0,0.42488433829979644,605.8180454997924,0.8082271672450058,0.6687851308864833,0.07713737668980636,0.7255222811929636,0.753171713898937,0.749570497998623,0.7475019808417736,0.7589281131074723,0.7531717138989371,0.8216432865731463,319.49733573347055,-inf,0.37810937946289597,1.0078363430288415,0.14367954677929048,0.8481662788749017,1.2629073673890128,0.11733092368168721,0.2687546030871431,499
0.1296596659661614,-0.4780484469961083,2.0,0.0,0.42500696623382317,606.2738402124263,0.8062112270304561,0.6692904897464206,0.07713737668980636,0.725969381682356,0.7534455083323554,0.7498553774403854,0.7476476795576233,0.7593339614253795,0.7534455083323554,0.822,320.0708887424285,-inf,0.378194606380696,1.0077804019232757,0.143747972523856,0.8484254982828849,1.2637975663649372,0.11736805199227862,0.26882254987520005,500
1.1532003918862157,1.311882226485409,1.0,3.0,0.42549776409088497,608.3256648307231,0.8057220477770931,0.6698146580517079,0.07712970938930952,0.7263634909860858,0.7537998259310302,0.7502229548156468,0.7481309741524919,0.7595552434198415,0.7537998259310302,0.8223552894211577,320.6462475769361,-inf,0.3782780599553374,1.0077246841354965,0.14381612511175654,0.848681037537939,1.2647011317194823,0.11740398242364229,0.26889014072465867,501
0.7539363433607881,0.6453842412250335,1.0,3.0,0.4257912919875921,609.8175341327609,0.8056396721994982,0.6703478775778016,0.07712215320910974,0.7267678669955044,0.7541518323328088,0.7505880695824733,0.748609894333996,0.7597764359250464,0.7541518323328087,0.8227091633466136,321.22228599637,-inf,0.3783613954456785,1.0076691883309354,0.14388400617540253,0.8489347200511649,1.2656207915427369,0.117440859051458,0.2689566083802241,502
-0.8624122928606168,-1.6483237681126832,5.0,5.0,0.42667683979037446,613.1470070147585,0.803367251873536,0.6702692001633757,0.07784011220196353,0.7266548899879315,0.7542992293978102,0.7507458323957691,0.748880364042692,0.7597970876847447,0.7542992293978102,0.8230616302186878,321.8026532349752,-inf,0.37843997312871247,1.0076240492328001,0.14395035758150682,0.8491807480425183,1.2665627020362455,0.11747567473651599,0.26901583105649646,503
0.9295305993206062,1.1375253491716866,1.0,3.0,0.42732239133350536,615.4793877833669,0.8025454397148265,0.6708102896260304,0.077832664743781,0.7270686255859149,0.7546484016523993,0.7511079139464528,0.7493540403511376,0.7600181070755844,0.7546484016523993,0.8234126984126984,322.38534516860295,-inf,0.37851690671277854,1.00757908925807,0.14401644568838048,0.8494223546309844,1.2675195158766606,0.11750920740086991,0.2690739794289075,504
1.751085593189292,0.6228396528329729,1.0,4.0,0.42643376009148537,616.5049152809838,0.8032698160064321,0.668468034947346,0.077832664743781,0.7250916155742636,0.7532341717182961,0.7496810910079134,0.7480744324995243,0.7584655824467218,0.7532341717182961,0.8217821782178217,322.9677601589245,-inf,0.37859338634184,1.007534307342646,0.14408759017121722,0.8496636604511191,1.268492423741749,0.1175424444427431,0.269132909593641,505
1.4620679267557255,-0.97143782733909,3.0,0.0,0.42467723336958535,614.2170403963015,0.806612206056666,0.6659642018768961,0.07782532367785823,0.7230364862746628,0.7521161558958483,0.7485540513293475,0.746818756405727,0.757489244214339,0.7521161558958483,0.8201581027667985,323.5433516218442,-inf,0.3786768269195802,1.0074669942639054,0.14415430486567257,0.8499150235590855,1.2694598986555885,0.11757835826663343,0.2691951840152075,506
-1.5151961337744562,-1.1238943315603511,5.0,1.0,0.4229154072411657,613.9631082322239,0.8098662850727013,0.6638609824926816,0.07700825010855405,0.7213219176610596,0.7513585925651833,0.7477924433522298,0.7459548458344739,0.7568412007782807,0.7513585925651833,0.8185404339250493,324.11617165460626,-inf,0.3787675676193608,1.0073880122805554,0.14422075638579082,0.8501700470426731,1.2703376266633213,0.1176200919963881,0.2692669395144494,507
0.8577127527210692,-1.4426753276513091,1.0,0.0,0.4222895941843287,611.6106405168113,0.8108071464477344,0.6604183101714587,0.07700825010855405,0.7185020378832847,0.7492178715857164,0.7456277096121048,0.7437520905298336,0.754764582660665,0.7492178715857164,0.8169291338582677,324.6821056484295,-inf,0.3788600311689898,1.0072880036380978,0.14428302370805923,0.8504353429199972,1.271227006880482,0.11765955477204353,0.2693419661859336,508
-0.3298928806569505,1.6839985624635052,6.0,2.0,0.42277293252773773,614.0829262439614,0.8108743553556893,0.6618303471381599,0.07700825010855405,0.7196889972803316,0.7496878535652525,0.7461113044599414,0.7442288188608738,0.7552275657974422,0.7496878535652525,0.8172888015717092,325.25067307592565,-inf,0.3789521781034413,1.0071883879569072,0.14434504636501422,0.8506956450671013,1.272128163821034,0.11769870799582938,0.26941619566890207,509
0.6558656101960376,-0.0647045632147581,2.0,0.0,0.4227670289924839,614.8540503776172,0.8107078240415908,0.6623202063693667,0.07700825010855405,0.7201238899386362,0.7499547036075764,0.7463888650052374,0.7443643633129641,0.7556296486761409,0.7499547036075765,0.8176470588235294,325.81852283534073,-inf,0.379043528049814,1.0071011585241454,0.14440903099428504,0.8509563360964273,1.2729580792064317,0.1177378704075099,0.2694895767339973,510
0.6386052077542443,-0.1433043158945743,2.0,0.0,0.4229047699541657,615.91073772176,0.8100649687406866,0.6628185964494832,0.07700825010855405,0.7205679490105368,0.7502203009643434,0.7466650734186284,0.7445005329433774,0.7560286358451064,0.7502203009643436,0.8180039138943248,326.38621797210476,-inf,0.3791333729035529,1.0070281463498036,0.14447531604724523,0.8512165170597358,1.2737191081314745,0.11777652692923168,0.26956187486589217,511
0.3178077668494447,-1.255332453412522,2.0,0.0,0.4222553637193307,614.6406302172024,0.8091253892443794,0.663325348480623,0.07700825010855405,0.7210209937770434,0.750484644849099,0.7469399304732082,0.7446372823892079,0.7564245685278564,0.750484644849099,0.818359375,326.949214871021,-inf,0.3792202984492379,1.0069471078641485,0.14453981423547232,0.851483465933538,1.274424709863604,0.11781414566842313,0.2696358242115332,512
-0.5539697832063973,-0.527530348232626,4.0,1.0,0.42203374911053015,615.2843716211498,0.8096538048363069,0.6635851563856544,0.07700825010855405,0.7212751521541975,0.7506590672546254,0.7471233062524685,0.7447441510804185,0.7566686906539796,0.7506590672546254,0.8187134502923976,327.51127170679126,-inf,0.3793076654490415,1.0068631767934955,0.14460406096877457,0.8517511610749599,1.275143500718345,0.11785203366283153,0.26971121785891117,513
1.432230875823001,0.1193031139814546,3.0,4.0,0.4220854725843321,617.5273024391424,0.8098385017984916,0.6636785766115,0.07700101317122594,0.7213058507364841,0.7508614699131173,0.7473365826338245,0.7450030266980606,0.7568127809044412,0.7508614699131171,0.8190661478599222,328.07550522961685,-inf,0.379395189149571,1.0067795723028836,0.1446665866006242,0.8520146079033065,1.2758707235785425,0.1178902285149901,0.26978547922124796,514
0.42947220841557,0.2239414777882593,3.0,0.0,0.4213643737476664,616.589036748469,0.8105602280940801,0.6611986842756044,0.07699387816259258,0.7192772572426356,0.7497724364067829,0.7462389572085818,0.7437740770486613,0.7558683330357211,0.7497724364067828,0.8174757281553398,328.635725679168,-inf,0.3794835765547349,1.0066975070102628,0.14472909211307092,0.8522837274819746,1.2765351044053288,0.11792876352927935,0.26986020193007276,515
-0.4764159943309061,1.61600641771235,6.0,2.0,0.4220408164224968,619.5067084005127,0.8103974767078079,0.6625832450599909,0.07699387816259258,0.7204395410151635,0.7502360226552882,0.7467157874051044,0.7442449854817449,0.7563242960887852,0.7502360226552882,0.8178294573643411,329.1994291340543,-inf,0.37957147090219595,1.006615759800171,0.1447913553560895,0.8525465163142777,1.277212216900035,0.11796696593148256,0.26993372074317024,516
-1.0312285589164376,-1.1686833581636615,5.0,5.0,0.4218925915345762,622.238899445457,0.8104892450666098,0.6625322622714154,0.0776977655406121,0.7203476151218359,0.7503894404359812,0.7468793011464848,0.7445216826833599,0.7563504233915869,0.7503894404359812,0.8181818181818182,329.7662366201498,-inf,0.3796595801118293,1.0065282251332783,0.1448516365672348,0.8528036286360423,1.2778968774295938,0.11800675430368182,0.2700099535681618,517
-0.730217594090132,1.7965718503468202,6.0,2.0,0.4225496457251916,625.4557138212622,0.8102997837165303,0.6639139774434674,0.0776977655406121,0.7215092616504482,0.750848234558582,0.7473511446828702,0.7449875967441786,0.7568018119557637,0.7508482345585819,0.8185328185328186,330.3370657267157,-inf,0.37974709797460365,1.0064410284380725,0.14491168503239113,0.8530536674733993,1.2785932535669695,0.11804619245849546,0.2700852861133081,518
-0.217098921450287,0.8337776410966584,6.0,2.0,0.4220546365931599,624.3789520838477,0.8109089699958352,0.6652965046038011,0.0776977655406121,0.7226733697684479,0.7513030538639913,0.7478188722875501,0.7454494875231595,0.757249276851311,0.7513030538639912,0.8188824662813102,330.9036204210454,-inf,0.379835036290561,1.0063541677609598,0.144971502096911,0.8533097099354526,1.279307742031793,0.11808646729308214,0.2701614785351853,519
-1.1292024614252634,1.7197640408817767,6.0,2.0,0.42250401816966077,626.999869886985,0.810738494617596,0.6666796799717865,0.0776977655406121,0.7238397572906365,0.7517539605204651,0.7482825487032765,0.7459074178132935,0.7576928795787629,0.7517539605204651,0.8192307692307692,331.47303628540305,-inf,0.3799223795016248,1.0062676411633744,0.14503108909579807,0.8535605225347251,1.280035143851472,0.11812656235242949,0.27023753472496376,520
-1.1617354296693667,-0.797397390186859,4.0,1.0,0.4220614747648234,628.766089167083,0.8117052915177095,0.6669326653631285,0.0776977655406121,0.7240856528627757,0.7519279312047557,0.7484652185298594,0.746015494162986,0.7579348332306558,0.7519279312047557,0.8195777351247601,332.04365634851564,-inf,0.3800111583236121,1.006175032888678,0.14509044735380652,0.8538087315769084,1.2807663618889045,0.11816836077786286,0.27031707031314656,521
0.8334342598713022,0.8734209121724524,1.0,3.0,0.42267168189606075,630.9222703037282,0.8107111134081344,0.6674267938872063,0.07769073032230926,0.7244575997028774,0.7522630207637651,0.748812423587152,0.7464788059231079,0.7581375755143548,0.7522630207637652,0.8199233716475096,332.61622074306587,-inf,0.38009884402099764,1.0060827794349574,0.1451495781855391,0.8540531984144593,1.2815124829891102,0.11820948860316077,0.27039520164963887,522
-1.269976527922463,-1.0365576242442731,4.0,1.0,0.42115511434578734,631.7386249138865,0.8131116230526031,0.6676869646981822,0.07769073032230926,0.7247106542110716,0.7524366941111563,0.7489946953576393,0.7465873680106769,0.7583784000109545,0.7524366941111562,0.8202676864244742,333.1881565062988,-inf,0.3801911168864949,1.005980770116556,0.14520848289554417,0.8542979374518217,1.2822563870894228,0.11825560384145183,0.27048047154901617,523
1.1849115736425375,1.2625461902051247,1.0,3.0,0.421681280637218,633.9058352018948,0.81262374025667,0.6681870129907351,0.07768379281537176,0.7250895204174941,0.7527693133542261,0.7493392618516223,0.7470461566840083,0.7585808377731077,0.7527693133542261,0.8206106870229007,333.7620452060995,-inf,0.3802817596573078,1.0058791501466977,0.14526716277841184,0.8545389476513875,1.2830126207872679,0.11830033792803984,0.2705651853989063,524
-0.2492184352744504,1.0873243894042517,6.0,2.0,0.42174414943417016,634.5534600495278,0.8129460593711055,0.6695453537842521,0.07768379281537176,0.7262349287895208,0.7532131860963331,0.7497955816466194,0.7474968580149789,0.7590176168048529,0.7532131860963333,0.820952380952381,334.3349812343728,-inf,0.38037240540234163,1.0057779173005343,0.1453256191188686,0.8547807355394875,1.2837845761794522,0.11834540752220575,0.27064959416279966,525
-1.1466048076239557,-1.668007635106216,5.0,5.0,0.42252648135364573,637.8810547748777,0.8113879473561871,0.6694896803563876,0.07837301587301586,0.7261406002592954,0.7533646460825003,0.7499567193175443,0.7477680210414503,0.7590456780732626,0.7533646460825002,0.8212927756653993,334.9120650243737,-inf,0.3804596349567181,1.005685772023221,0.14538398679797185,0.855015446695907,1.2845734832737472,0.11838801875295651,0.2707275867272504,526
-0.5098277969841382,-1.3269949607491136,5.0,5.0,0.42277185819906377,639.9591487260366,0.8111128264388986,0.6694459233580736,0.07904802814596627,0.7260586160587058,0.7535181837933638,0.750119866320626,0.7480392775781876,0.7590779411136417,0.7535181837933639,0.8216318785578748,335.49090199534453,-inf,0.3805456179257753,1.0055947699851613,0.14544149113714872,0.8552467975712933,1.2853810226023996,0.11842903464603897,0.2708041690493041,527
-0.1436017130151409,-1.0807015935211497,5.0,5.0,0.42209264496028986,639.0995763381708,0.8141285470067983,0.6694139810518425,0.07970926465824424,0.7259888699906731,0.7536736568349305,0.7502848804287852,0.7483105423340494,0.7591142007637145,0.7536736568349305,0.821969696969697,336.0659184240242,-inf,0.38063722309429615,1.0054993159181242,0.14550467285472723,0.8554833168091521,1.2862071014370355,0.11846970498538334,0.2708848390986472,528
-0.486724194893757,0.145572255862874,4.0,1.0,0.4216608439318566,637.6685657043477,0.8136877754453645,0.6696742470570066,0.07970926465824424,0.7262411004987163,0.7538460416390231,0.7504656391030949,0.7484184550548396,0.7593529258226225,0.7538460416390231,0.8223062381852552,336.6360557534765,-inf,0.3807275784662158,1.0054123674049202,0.1455676157000276,0.8557266571299168,1.287061544040621,0.118509062251793,0.27096103276565114,529
1.9160942355175,0.2526496151667697,3.0,4.0,0.42205049599256544,640.577746309218,0.812821315164335,0.6697421740197662,0.0797024228410576,0.7262515173367293,0.7540366220396352,0.7506662897287719,0.7486677781464189,0.7594830241894867,0.7540366220396352,0.8226415094339623,337.20953064131754,-inf,0.3808146865392972,1.005325746999313,0.14563042906378532,0.8559641801713286,1.2879363298612208,0.11854715009528598,0.2710365649232181,530
0.1070998262528003,-0.4670545560186084,2.0,0.0,0.42210842113353464,640.912446517699,0.810982292361733,0.6701867303353254,0.0797024228410576,0.7266462017945281,0.7542876010228903,0.7509269584961734,0.7487925433541507,0.7598639065348267,0.7542876010228903,0.8229755178907722,337.78147586895676,-inf,0.3808974394037474,1.0052485174279917,0.1456946955485187,0.8562033692422831,1.2887581661506142,0.11858382277365354,0.27111154443264895,531
0.9836622642112276,1.1557326897254778,1.0,3.0,0.42274814077148337,643.2893529634064,0.8102058441511263,0.6706789747564472,0.07969567474739406,0.7270201194817727,0.7546140900381393,0.751264955575066,0.7492416355166692,0.7600641476337056,0.7546140900381394,0.8233082706766918,338.35573879582597,-inf,0.3809786605518245,1.0051715781934045,0.14575872042992605,0.8564383384258308,1.2895932249237179,0.1186192313300521,0.27118547939328697,532
0.4573179644711003,-0.3628845987855131,2.0,0.0,0.4232301145281533,644.6762902509237,0.8082373553137238,0.6711282993646043,0.07969567474739406,0.7274201031629899,0.7548633500414873,0.7515237774111548,0.7493664097285245,0.7604415313625748,0.7548633500414873,0.8236397748592871,338.93044902369667,-inf,0.3810566098750187,1.0051101470338295,0.1458253420736798,0.8566719577437198,1.2903684666748336,0.11865288321978626,0.2712581067327843,533
1.9125811340346937,-0.1742083426688298,3.0,4.0,0.4240396612748187,648.0541407885479,0.8071762351365425,0.6712032811488818,0.07968901846452867,0.7274380056627541,0.755053882125506,0.7517241817982082,0.7496147164066217,0.7605725573732643,0.7550538821255058,0.8239700374531835,339.5093323416084,-inf,0.3811319905747252,1.005048945953504,0.1458904442446015,0.85689859469679,1.291164290174229,0.11868509491555972,0.27132971578197534,534
1.7549373679517486,0.7582322889415378,1.0,3.0,0.42330586637048134,648.39724963618,0.8079429776560914,0.6716990477035325,0.07968245213143173,0.7278167355730414,0.7553772342394108,0.7520588344743676,0.7500585505235444,0.7607718864853108,0.7553772342394108,0.8242990654205608,340.0866929346824,-inf,0.38120791661892467,1.0049879736622638,0.14595530304292167,0.8571268766615567,1.2919666483762675,0.11871690188428916,0.27140259862552957,535
-0.7562760132880896,1.7630311039819362,6.0,2.0,0.4239677604823617,651.6299000983413,0.8077287099152844,0.6730073184768767,0.07968245213143173,0.7289189845111346,0.7558097649094861,0.75250322589949,0.750497379201428,0.7611978940695933,0.755809764909486,0.8246268656716418,340.6679302614803,-inf,0.3812832999931888,1.004927228879573,0.14601991983080037,0.8573486812672357,1.2927799568210017,0.11874837520641034,0.2714745857740769,536
1.67388264642991,0.3767090234835775,1.0,4.0,0.423845494095531,653.8826325562426,0.8076534930014375,0.6708011410788416,0.07968245213143173,0.7270572213875756,0.7544868584128216,0.7511692454417682,0.7493043317016359,0.7597415737977756,0.7544868584128216,0.8230912476722533,341.2511978635189,-inf,0.3813573300400329,1.0048667103344338,0.1460846023550047,0.85756681558314,1.2936063600966663,0.11877930297134327,0.27154599795510753,537
-0.1078660734265104,2.116134895053037,6.0,2.0,0.4235853208117612,654.4978310288834,0.8081911339840632,0.6721148833149581,0.07968245213143173,0.7281655114611716,0.7549177318384676,0.7516118859083435,0.7497412835642333,0.7601661566967837,0.7549177318384676,0.8234200743494424,341.8334406760939,-inf,0.38143177194873096,1.004806416765299,0.14614904442372872,0.8577858443682013,1.2944400278112995,0.11880992148855458,0.2716189131381268,538
1.076563088007871,-0.1392414295460301,3.0,4.0,0.42263080912091366,654.8975538063876,0.8108363300649287,0.6721792381713916,0.07967597393703406,0.7281777653988588,0.7551010389670758,0.7518047490269447,0.7499751507684822,0.7602974776277424,0.7551010389670758,0.8237476808905381,342.4142646336641,-inf,0.38151119905428527,1.0047463469199833,0.1462152510626253,0.8580063554223809,1.2952726150991856,0.11884457250861216,0.2716917258746518,539
-0.8633907401169117,-1.7128382124952384,5.0,5.0,0.42347409603371594,658.1807183203113,0.8087018970291068,0.6721560471493991,0.08032385213593267,0.728116048380026,0.755257400587106,0.7519702563321226,0.7502429836720313,0.7603392984821642,0.7552574005871061,0.8240740740740741,342.9990173256764,-inf,0.38158620584892344,1.0046969231452443,0.14628064833108292,0.8582204043700306,1.296125819740247,0.11887756686984671,0.2717571237439392,540
-0.6699634443534777,-1.6198303249069876,5.0,5.0,0.4241960607981628,661.1603545496895,0.8068199255198775,0.6721439333161903,0.08095877277085331,0.7280658159845618,0.7554154067826733,0.7521373433499342,0.7505106828590443,0.7603846589372766,0.7554154067826732,0.8243992606284658,343.58711591573933,-inf,0.3816573274165191,1.0046559448097756,0.14634485632384048,0.8584289065979857,1.2970000961361188,0.11890875442599429,0.2718164891086117,541
0.7247764829766399,-1.2081335136235545,2.0,0.0,0.4240029243947505,660.639759001246,0.8068169027917795,0.6725881248833169,0.08095877277085331,0.7284594435808043,0.7556624957229516,0.7523936901682626,0.7506358293187856,0.7607569385880184,0.7556624957229516,0.8247232472324724,344.17208389191177,-inf,0.38172745706260447,1.0046107681185605,0.14640802603892406,0.8586414025478539,1.2978129063334445,0.11893782528772376,0.2718769305859551,542
1.260471831487126,0.126540185649015,3.0,0.0,0.42195885805848987,658.8634183912625,0.8102828835433963,0.6702284014676206,0.08095238095238097,0.7265239384522664,0.754625483173265,0.7513488198347382,0.7494686751487611,0.7598537469145894,0.7546254831732652,0.8232044198895028,344.7516259443968,-inf,0.3818040759009282,1.0045558584761887,0.14646913926635377,0.8588613040646901,1.2985494392264556,0.11897433403153439,0.2719391135539519,543
-0.9670557058168028,-1.1573106522676309,4.0,5.0,0.42179357898120595,661.5368199369113,0.8103638266554497,0.6679924247146565,0.08016030174446018,0.7246342757576452,0.7531771026271441,0.749887858220249,0.7481679868045807,0.758253744364565,0.753177102627144,0.8216911764705882,345.3339516686478,-inf,0.381880939141687,1.004495464255193,0.14652835843728895,0.8590764660029064,1.2992932627084806,0.119012413433775,0.2720038002020643,544
0.8282021542279611,1.2391664731215917,1.0,3.0,0.4222675412939769,663.51312491178,0.8099287214344492,0.6684777706519835,0.08015399458583514,0.7250058435346276,0.7534947275537677,0.7502164062510162,0.7486057317078063,0.7584480013142341,0.7534947275537677,0.8220183486238533,345.9177666654241,-inf,0.3819566837622985,1.004435291664366,0.1465873602901657,0.8592888232424452,1.3000513098739694,0.11904964119068276,0.27206777542644517,545
1.3132299519633497,-0.3033359105018007,3.0,4.0,0.4221629141803212,665.1891438866754,0.8112670417636844,0.6685466530928683,0.08014777041613937,0.7250235902237345,0.753675249156849,0.7504062274711567,0.7488397458505457,0.7585736071913602,0.753675249156849,0.8223443223443223,346.5025127775509,-inf,0.3820350287212766,1.0043753394859598,0.14664591925555545,0.8594992082057374,1.3008146563626015,0.1190883042028483,0.27213107245108825,546
-1.1280336030805325,-1.6658031764681485,5.0,5.0,0.4228855545259092,668.5335426356414,0.8098887709988501,0.6685407143614478,0.0807717823971694,0.724980881755341,0.7538297877837743,0.7505696151317605,0.7490953768403876,0.7586244239351119,0.7538297877837743,0.8226691042047533,347.0912349527942,-inf,0.38211048200949493,1.004322998373557,0.1467042457691052,0.8597031962515258,1.301593311443785,0.11912488960244193,0.2721891216444266,547
-1.2005134551848602,-1.4006858135727962,5.0,5.0,0.4232643660935504,671.6882641267412,0.809474830568305,0.6685456159253348,0.08138367764070369,0.7249493880156666,0.753985859538641,0.7507344749914722,0.7493509768969379,0.758678434332476,0.7539858595386411,0.822992700729927,347.6835652980022,-inf,0.3821849847699856,1.0042708990622327,0.14676162908306897,0.8599013771581215,1.3023809730218439,0.11916046587564845,0.2722463481191832,548
-0.9131328092764552,-0.0494796007442399,4.0,1.0,0.4236804574674457,672.8808693819177,0.8082482358857583,0.6687927075042973,0.08138367764070369,0.7251845142840696,0.7541540785310198,0.750910536366677,0.7494606979391304,0.7589066126890426,0.7541540785310198,0.8233151183970856,348.2759101141841,-inf,0.3822566832778155,1.0042246089582378,0.1468188033503516,0.8600989584313963,1.3031894661614454,0.11919438141782035,0.27229936627321805,549
-0.8128629229467923,0.0570141529993083,4.0,1.0,0.423945974261221,673.3836821413179,0.807180959635769,0.6690485116321644,0.08138367764070369,0.725428468206993,0.7543224028293875,0.7510866488969155,0.7495712786271679,0.7591341408081028,0.7543224028293875,0.8236363636363636,348.86701515423357,-inf,0.3823257926676368,1.0041854941894817,0.14687576971120778,0.8602977466174107,1.304021255425248,0.11922698000132688,0.2723477764694926,550
0.2873470110446298,-0.4541086201394717,2.0,0.0,0.42437348676909986,674.4253678111176,0.805223141423559,0.6694864747268605,0.08138367764070369,0.7258165473100843,0.7545653071889797,0.7513385293927166,0.7496922588859947,0.7595021202268853,0.7545653071889797,0.8239564428312159,349.4578651590555,-inf,0.38239104507105115,1.0041591944411907,0.1469348267231375,0.8604963249602198,1.304799945781641,0.11925778129310782,0.2723953061628654,551
-1.5051317519711662,-1.2209754915742916,5.0,1.0,0.4225150346659206,673.6108079531504,0.8087296411715107,0.6674717977214248,0.08061017929438982,0.7241699041040546,0.7538132208032621,0.7505822339630344,0.7488575527005076,0.7588349154798245,0.7538132208032621,0.822463768115942,350.0450987510737,-inf,0.38246379785492496,1.0041210832693408,0.14699366976038636,0.8606995353841786,1.3055712806378708,0.11929472101906437,0.27245230484092714,552
-0.5191106950699701,1.663499483951698,6.0,2.0,0.4231632684808491,676.6964256340448,0.8085446185652296,0.6687467767442548,0.08061017929438982,0.7252427647327776,0.7542376839224181,0.751017958095985,0.7492877183660293,0.759253485610098,0.7542376839224181,0.8227848101265823,350.6357883114408,-inf,0.3825361188470936,1.0040831099317473,0.14705229998375724,0.8608971973480174,1.306353357045389,0.11933132835185524,0.2725083152649848,553
1.34121252942368,1.0251842016094823,1.0,3.0,0.4235804598181023,679.010450483739,0.808066238575913,0.6692282344232758,0.08060403648638943,0.7256111608608543,0.7545510996029298,0.7513419328420865,0.7497180458208064,0.7594468702047248,0.7545510996029298,0.8231046931407943,351.22852235868316,-inf,0.38260717747819656,1.0040452736820153,0.14711071854567195,0.8610913687564912,1.3071451007756127,0.11936656855800935,0.2725637566474904,554
-1.2293361763948087,-1.1558468210017,5.0,5.0,0.4232602584850277,681.4766942332741,0.8091613218806312,0.6692259565561223,0.08120581565959717,0.7255747188398429,0.7547016266366248,0.7515009380728205,0.7499701285432705,0.7594932050137772,0.7547016266366248,0.8234234234234235,351.8235641098086,-inf,0.3826799257727563,1.004001289621779,0.14716889476555184,0.861281698150292,1.3079406206042017,0.11940401405865854,0.2726225203566909,555
0.80125018360926,-0.9478811874633934,2.0,0.0,0.42318760847141174,682.1897543250288,0.8088781412155442,0.6696676128088008,0.08120581565959717,0.7259657007671849,0.7549432713586661,0.751751393109701,0.7500921067319833,0.7598575935412628,0.7549432713586661,0.8237410071942446,352.41774790515973,-inf,0.38275118063195895,1.0039626230769838,0.14722780653107304,0.8614726892569666,1.308675559850815,0.11943956742321155,0.27268121352098357,556
-1.3386277468550356,-1.2533969899623931,5.0,5.0,0.42308745069591525,684.7299809048113,0.8098080977634475,0.6696747945027501,0.08179624050878212,0.7259387960241082,0.755094928590049,0.751911441800454,0.7503438340934856,0.759906573297784,0.7550949285900489,0.8240574506283662,353.0143587363978,-inf,0.38282387403681084,1.0039201574374277,0.1472871976198467,0.8616596972063555,1.3094151021141407,0.11947591321872253,0.27274198107830233,557
-0.5786052545940775,-1.2271838201955072,5.0,5.0,0.42316004651562267,686.8097108940403,0.8098931717556318,0.6696923203286251,0.08237562937947764,0.7259225888040507,0.7552479035269566,0.752072751503838,0.7505953920508616,0.7599584512511315,0.7552479035269567,0.8243727598566308,353.612558292236,-inf,0.3828962549266693,1.003875684082104,0.14734544896221693,0.8618439258512705,1.3101682456122554,0.11951188522398042,0.2728032581802095,558
-1.191085545131227,-1.300585145330751,5.0,5.0,0.42335846093298124,689.7995791618629,0.8098095370799944,0.6697200942896505,0.08294428882664176,0.7259169794243884,0.7554021052250909,0.7522352314889619,0.750846727845861,0.7600130948341935,0.7554021052250908,0.8246869409660107,354.21396620076837,-inf,0.38296836411137253,1.003829238763221,0.14740261845618713,0.8620231291380127,1.3109288534569643,0.11954786041929359,0.2728650417851837,559
-0.3729500723128364,1.0327883516369285,6.0,2.0,0.4235684560149316,690.6500044855547,0.8100323693932748,0.6709696302077466,0.08294428882664176,0.7269686666843663,0.7558190301155794,0.7526630678170225,0.7512688608121569,0.7604246528070722,0.7558190301155794,0.825,354.8147448405625,-inf,0.38304043112271335,1.003782959320477,0.14745958377339322,0.8622026797723612,1.3117039635028747,0.11958406080199348,0.27292648671119496,560
-0.0880408572851103,1.8323792357929256,6.0,2.0,0.42355920462545116,691.9969718223518,0.8104230144109749,0.6722199385825799,0.08294428882664176,0.7280225044226748,0.7562325996289053,0.7530874394596448,0.7516876050610373,0.7608328901344749,0.7562325996289054,0.8253119429590018,355.4157826783197,-inf,0.38311265118043286,1.0037368448668338,0.1475163460056894,0.8623813415860415,1.312487688970737,0.11962006334028827,0.27298829879501907,561
-0.6648334217270968,0.1225293300817064,4.0,1.0,0.4235493213711898,691.6020799312529,0.8095648004145147,0.6724489289306782,0.08294428882664176,0.7282416248405954,0.7563940513724497,0.7532562830602016,0.7517895926839752,0.7610552591552232,0.7563940513724497,0.8256227758007118,356.013978936777,-inf,0.38318276288140307,1.0036985187462493,0.14757290623715896,0.8625634327749061,1.3132959126944128,0.11965485035762072,0.273045498940111,562
-0.3762785351039886,1.9217657926660192,6.0,2.0,0.4238754841538359,694.1053596180859,0.8096783653833448,0.6736945214523168,0.08294428882664176,0.729292390630043,0.756803798060516,0.7536766932046393,0.7522045469190352,0.7614596381833267,0.7568037980605161,0.8259325044404974,356.6144964868326,-inf,0.38325270568487396,1.0036603287752934,0.14762926554418282,0.8627417680616399,1.3141125761042722,0.11968931542828307,0.27310251658946605,563
1.989409655056881,0.5909230143033802,1.0,4.0,0.42356964368331895,695.4973294477093,0.8095894019916363,0.6716391609684541,0.08294428882664176,0.7275562421015688,0.755576523421981,0.7524398219061756,0.751094744562563,0.7601121088523198,0.755576523421981,0.824468085106383,357.2153525736427,-inf,0.3833208385608207,1.0036222742297671,0.14769012183045266,0.8629191129776032,1.314948610389461,0.11972353248105486,0.2731603055514643,564
0.5139958023800092,-1.3665394556001047,2.0,0.0,0.4231097831914762,693.8744195075966,0.8092852082724601,0.6720712822145922,0.08294428882664176,0.7279370116146276,0.7558160808213592,0.7526879279616302,0.7512172224021676,0.7604715933486734,0.7558160808213591,0.8247787610619469,357.8112093292779,-inf,0.3833878288724208,1.0035734245678756,0.1477487379453341,0.8631028765642865,1.3157320230014284,0.11975631692876493,0.2732198943390636,565
-1.171321638604114,-1.3278162607691135,5.0,5.0,0.42340833578840287,696.9635683306919,0.8089346251386836,0.6721034156499943,0.08350251415550929,0.7279354239595908,0.7559716392903049,0.7528515876958969,0.7514676666438169,0.7605299272127916,0.7559716392903049,0.8250883392226148,358.41041844412143,-inf,0.38345417291621553,1.0035234668508068,0.1478060760091004,0.8632814622794635,1.3165234688828324,0.1197888088309822,0.2732794223459446,566
-0.466578972155813,1.5878287993408438,6.0,2.0,0.42404251406604304,699.9290133407659,0.808750970460347,0.6733442556580437,0.08350251415550929,0.7289828016738316,0.756378579102347,0.7532690384403102,0.7518796521007289,0.7609316695135532,0.7563785791023471,0.8253968253968254,359.01274400831306,-inf,0.38352014220349456,1.0034736853514346,0.1478632118222008,0.8634552371653603,1.3173255840977396,0.1198210375527319,0.2733379310619607,567
0.6158798016602174,0.265734291159695,2.0,0.0,0.4230663380531572,698.8546974710046,0.8100821517714172,0.6737761503640906,0.08350251415550929,0.7293640388066109,0.7566161516531634,0.7535150250033477,0.7520018362901547,0.7612874439007818,0.7566161516531634,0.8257042253521126,359.61105730666293,-inf,0.3835881319212417,1.003423499050215,0.14792003927199746,0.8636340262988472,1.3180681473034892,0.11985467193905533,0.2733970258144464,568
-0.7917249519695354,0.0209320757298729,4.0,1.0,0.42336895091432897,699.4538406482794,0.8090143109381515,0.6740057359431914,0.08350251415550929,0.7295822807662463,0.7567782197685495,0.7536843383509451,0.7521058353103701,0.7615090206021269,0.7567782197685494,0.8260105448154658,360.20832054627914,-inf,0.3836536296704124,1.0033795646712604,0.14797666697680362,0.8638137494095279,1.318832050709412,0.11988681932544841,0.2734518992384867,569
0.296735060358324,-0.2466038343647536,2.0,0.0,0.42376288119374794,700.2317065864261,0.807608949243061,0.674442140777432,0.08350251415550929,0.7299684320055176,0.7570145212699032,0.7539289603088495,0.7522284996350352,0.7618618345861076,0.7570145212699033,0.8263157894736842,360.8048528024899,-inf,0.3837163679622836,1.0033466434307814,0.14803509527303138,0.8639939660069609,1.3195454062256236,0.11991755492474857,0.2735060167482178,570
1.7991394963080447,-0.1541040128141117,3.0,4.0,0.4245133847687816,703.5812581293724,0.8064884611357698,0.6744905068225296,0.08349645112423618,0.7299678450530818,0.7571842236060188,0.7541071058688348,0.752444002267961,0.7619845481531462,0.7571842236060187,0.8266199649737302,361.4051617435177,-inf,0.38377724156186477,1.0033138375011272,0.14809164912097755,0.8641684798306866,1.3202743510314539,0.11994696066127056,0.27355913331404247,571
1.5948716913920478,0.8171170390663375,1.0,3.0,0.42433337468936283,704.9518189765105,0.8067148442048212,0.6749243146787695,0.08349046632562465,0.7302960636701293,0.7574825377980754,0.7544152181192699,0.7528583204094255,0.7621639121283059,0.7574825377980753,0.8269230769230769,362.0057677876313,-inf,0.38383782335125616,1.0032811462775209,0.1481480052281966,0.864342084062931,1.3210103870779173,0.11997578004627706,0.27361250561348793,572
-0.0174726139405303,1.969207041869405,6.0,2.0,0.42412620503620563,705.6951377959513,0.8072161023320233,0.6761403416009846,0.08349046632562465,0.7313221603430234,0.7578829943414359,0.7548259058867722,0.7532639254841685,0.7625590616457487,0.7578829943414358,0.8272251308900523,362.60557471609263,-inf,0.38389876331552375,1.003248569159407,0.14820416462998035,0.8645162788809403,1.3217538330661973,0.12000440794335011,0.27366685650743566,573
1.2112728876608136,1.029235225095356,1.0,3.0,0.42466242744695304,708.2435113423169,0.8064546677975382,0.6765760934202936,0.08348455825520044,0.7316538512708717,0.758178838685081,0.7551314119161041,0.7536740137190985,0.7627378395255622,0.758178838685081,0.8275261324041812,363.20773140011045,-inf,0.38395842384992307,1.0032161055504158,0.14826012835440597,0.8646867746680057,1.3225073277993742,0.12003183459023244,0.2737203728867825,574
-0.275926119101419,1.2296244307204562,6.0,2.0,0.42494990067161736,709.7191116603504,0.806599931695513,0.6777876050354918,0.08348455825520044,0.7326773572703926,0.7585753592372207,0.7555380244878248,0.7540755249926635,0.7631292200690283,0.7585753592372206,0.8278260869565217,363.8103598875195,-inf,0.3840180135232832,1.0031837548583251,0.14831589742239878,0.8648561381081578,1.3232732006637593,0.12005938130053782,0.2737733466160485,575
1.4257744760243942,-0.4920132353448507,3.0,4.0,0.42490136328427835,711.3798173601244,0.8079806989188882,0.6778365000369558,0.08347872544681988,0.7326789633281162,0.7587440275135799,0.7557149324476908,0.7542887167394298,0.7632522828323085,0.7587440275135799,0.828125,364.41377908452057,-inf,0.3840800907779449,1.0031515164950264,0.14837210470593,0.8650239428603135,1.3240465032934239,0.12008761069931514,0.27382597635366085,576
-1.3474730348605208,-1.3079154099374897,5.0,5.0,0.42498022943433655,714.1093966384956,0.808514299388305,0.677863082068677,0.08402680122425345,0.7326728133165985,0.7588969150404247,0.7558755620100454,0.7545338256266665,0.7633107570317322,0.7588969150404247,0.82842287694974,365.0198373471792,-inf,0.3841429279203129,1.003117312584036,0.14842863322179428,0.8651877087334416,1.3248253385633457,0.12011587879488829,0.27387951935016897,577
-0.9177590992773722,1.227071470129896,6.0,2.0,0.42542725390921526,716.284172969677,0.808345297009241,0.679068240986148,0.08402680122425345,0.7336920621456475,0.7592891702765049,0.7562777432587324,0.7549308869860347,0.7636980672801497,0.759289170276505,0.828719723183391,365.62756111123184,-inf,0.3842053522726594,1.0030832270256786,0.14848496613725765,0.8653487661351683,1.3256174649646515,0.12014390342269496,0.273932442384602,578
-1.0329626961171836,-1.23575034212336,5.0,5.0,0.42558128652699734,719.2935483759126,0.8078655514898413,0.679100607060429,0.08456500176245399,0.7336924006609943,0.7594424694572715,0.756438699558732,0.7551749975750099,0.7637584461570845,0.7594424694572715,0.8290155440414507,366.2383831963177,-inf,0.38426728748352085,1.0030463781972854,0.14853946962143072,0.8655052241381905,1.326417392202076,0.12017241763867674,0.2739861723844799,579
-0.9670236716148428,-1.00264599744449,5.0,1.0,0.424116142375054,720.1167518265606,0.8098805527500041,0.6771097161284452,0.08381808137267646,0.7320622722425332,0.7586937474102297,0.7556856310473468,0.7543670814305244,0.7630703308026882,0.7586937474102295,0.8275862068965517,366.84851831464573,-inf,0.38433253300960596,1.0030007372103122,0.14859378516255498,0.8656621316193888,1.3272164581843984,0.12020578722296327,0.2740455855676053,580
-1.0091175750564323,1.6832376616760485,6.0,2.0,0.42464863687294513,723.0578520242134,0.8096709744678363,0.6783150603723395,0.08381808137267646,0.73308234734599,0.7590834092087698,0.7560851002246584,0.7547614715690012,0.7634551287273375,0.7590834092087698,0.8278829604130808,367.4616152745589,-inf,0.3843972959929077,1.0029552533351704,0.1486479137310764,0.8658146589112027,1.3280260578931573,0.12023894142959725,0.2741045507540788,581
1.212401989272755,0.0076652673895313,3.0,4.0,0.42431687137008334,724.3987280980072,0.8110956001354693,0.6783726858836955,0.08381232239731337,0.7330922289668391,0.7592531125528749,0.7562628812065433,0.7549744997620671,0.7635804974969111,0.7592531125528749,0.8281786941580757,368.07490928284665,-inf,0.38446441894116307,1.002909925762005,0.14870191990981346,0.8659664733164322,1.3288376738083505,0.12027413039345579,0.27416299716788045,582
1.505244076588533,-0.156971956212027,3.0,4.0,0.42480951201863965,727.1446203226068,0.8107105548796015,0.6784392029444797,0.08380663586189194,0.7331113533898457,0.7594238340070952,0.7564416237520108,0.7551879103152916,0.7637075451735772,0.759423834007095,0.8284734133790738,368.6908093017827,-inf,0.38453146074850736,1.0028647536865176,0.1487540249287652,0.86611441715354,1.3296579732690978,0.1203090095516533,0.27422041309833906,583
-1.0328078554737812,-1.05573569219552,5.0,1.0,0.42319983518036175,727.81905895311,0.8129818496589136,0.6764875292284515,0.08307293530202196,0.7315140196972505,0.7586993032786643,0.7557130347371217,0.7544050369829661,0.7630427375739139,0.7586993032786642,0.827054794520548,369.30575493474737,-inf,0.3846023344351103,1.0028103513839504,0.14880595150587114,0.8662631666319741,1.3304762353301929,0.12034927211584856,0.2742840841675653,584
-0.2604135047987072,1.0580064076138085,6.0,2.0,0.4232620591870515,728.3920888375868,0.8132680660791632,0.6776896737111554,0.08307293530202196,0.7325320334035115,0.7590857111346745,0.7561090965273657,0.7547960990194316,0.7634243588609889,0.7590857111346745,0.8273504273504273,369.9195777277436,-inf,0.3846732415601655,1.002756135072161,0.14885770055621778,0.8664129421749969,1.3313073753063893,0.120389802947297,0.274347582979842,585
-0.8605514749521197,1.7930572303400971,6.0,2.0,0.4238268248645285,731.5643109690235,0.8130769841839386,0.6788920555589397,0.08307293530202196,0.7335515045318481,0.759469198178821,0.756502146918858,0.7551842120725355,0.7638030885995499,0.7594691981788209,0.8276450511945392,370.53671891074924,-inf,0.38474367645220636,1.0027021037989783,0.14890927298864517,0.8665579472915282,1.3321479829573142,0.1204300711156729,0.27441052097512314,586
1.2735918913309492,-0.5972721599743381,3.0,4.0,0.4232193432327388,732.1238461325523,0.8155011192221706,0.6789664545434734,0.0830673198482933,0.7335782141790472,0.7596411285553664,0.7566819938596274,0.7553981029129611,0.7639320890840472,0.7596411285553665,0.82793867120954,371.15271060959384,-inf,0.3848185948689683,1.0026482566187198,0.14896323100452852,0.8667040119440889,1.3329929393460025,0.12047235480765896,0.27447366093839054,587
-1.1916625247915296,-1.2034182605079409,5.0,5.0,0.4231969869391612,734.9313849402988,0.8158524451980121,0.6789778242133166,0.08359962406015038,0.7335626235838728,0.7597841080077811,0.7568322636717189,0.7556366737351586,0.7639773212753443,0.7597841080077811,0.8282312925170068,371.77138182444196,-inf,0.38489400569749255,1.0025907608441482,0.1490163089869126,0.8668461697385679,1.333843295199872,0.12051576611753886,0.27453851648942273,588
0.7324529646409688,0.0366810574079469,2.0,0.0,0.4229135358683841,735.2276918871534,0.8164490845770341,0.6793855131835154,0.08359962406015038,0.7339189168708538,0.7600146647539496,0.7570706262734067,0.7557572221560938,0.7643203464011494,0.7600146647539496,0.8285229202037352,372.38845535595766,-inf,0.38496999633908674,1.002539809214413,0.14907038743120785,0.8669899656496758,1.3346343720330016,0.12056003352791965,0.27460308057927585,589
-0.7906538083414973,1.8276781999765543,6.0,2.0,0.4234727057618976,738.4462820896771,0.8162768584029227,0.6805758899049131,0.08359962406015038,0.7349287480038865,0.7603935552654398,0.7574588972175712,0.7561406776202745,0.7646945437278451,0.7603935552654398,0.8288135593220339,373.0088923504216,-inf,0.3850455248605145,1.0024890303020668,0.14912428255874277,0.8671289989391375,1.335434595885624,0.12060401584779114,0.27466706156287496,590
-0.229741276457739,1.34681999252548,6.0,2.0,0.4237544607452836,740.1393374113728,0.8164166192836007,0.6817663594051693,0.08359962406015038,0.7359398556688417,0.7607696223158119,0.7578442579797248,0.7565212823128449,0.7650659459475012,0.7607696223158119,0.8291032148900169,373.63009445712373,-inf,0.3851209236516306,1.0024384232303716,0.14917799530005932,0.8672666318641443,1.336245801642475,0.12064799228019492,0.274730470348161,591
0.5405397789541042,-1.882401560583397,2.0,0.0,0.4224681094108121,733.3543957716515,0.8173226442275375,0.6821693694624357,0.08359962406015038,0.7362927296892156,0.7609980083120191,0.7580803264005533,0.7566412766067235,0.7654052026016668,0.7609980083120191,0.8293918918918919,374.23773685799284,-inf,0.38519987982284065,1.0023456870568772,0.1492236601323649,0.86742138679408,1.3370086553165974,0.12069192525130736,0.27479950479105114,592
0.4275118296634812,0.2994345692240474,3.0,0.0,0.4216338898986929,731.8180607110733,0.8183111017976544,0.6799768935345932,0.0835940783636109,0.7344892900660168,0.7600121201326007,0.757087344457916,0.755539635460484,0.7645378706654898,0.7600121201326008,0.8279932546374368,374.8407390904601,-inf,0.3852802493535228,1.0022512611546115,0.1492687985517364,0.8675817796001246,1.3377189155938605,0.12073629823589295,0.27486926175451476,593
-0.6951173913800236,1.4148778477553643,6.0,2.0,0.42232390870478526,734.7630176312528,0.8179711669652704,0.6811663232396972,0.0835940783636109,0.7354998434303585,0.760386125993336,0.757470546029589,0.7559183729279196,0.7649070051509423,0.7603861259933361,0.8282828282828283,375.4466688523133,-inf,0.38536012375967643,1.0021571531846767,0.14931378498989786,0.8677378870887162,1.3384405241652573,0.12078037814043473,0.27493791357058567,594
-0.7189417890162925,-0.8187653108491614,5.0,5.0,0.4208689469424058,735.3512368333685,0.8209259248851913,0.6811817850890712,0.08411712511091393,0.7354874469425876,0.7605299396593955,0.7576214956303378,0.7561560910327629,0.7649546821505799,0.7605299396593955,0.8285714285714286,376.05155047917214,-inf,0.3854445174324309,1.0020526510957066,0.14935997172074061,0.8678949214533459,1.339166203486783,0.12083065417236014,0.27501362859192807,595
-0.5462716420532431,1.6039006950713397,6.0,2.0,0.42152548519401617,738.4704623755015,0.8206868419974284,0.6823678516488834,0.08411712511091393,0.7364961415982993,0.7609006897927405,0.7580013286682155,0.756531444999835,0.7653206957115176,0.7609006897927404,0.8288590604026845,376.65963590181707,-inf,0.38552845671676855,1.0019484996848875,0.14940600346255373,0.8680473434209702,1.3399018656264707,0.12088061046189687,0.275088271343294,596
0.2327809342935005,-0.9067427358149116,2.0,0.0,0.4214655219366805,738.6992429195061,0.8191234634634216,0.6827562147319787,0.08411712511091393,0.7368377870497859,0.7611236549868595,0.758231788273215,0.7566453201471736,0.7656553170353384,0.7611236549868594,0.8291457286432161,377.26606740435926,-inf,0.3856087394841607,1.001849000140521,0.1494526903102756,0.8682014784620937,1.340593178209431,0.12092925112578505,0.2751628150893221,597
0.3636418583832711,-0.2923450313895161,2.0,0.0,0.42189007299597103,739.7833953550671,0.8175904606702087,0.6831505220855214,0.08411712511091393,0.7371858376107951,0.7613456948986842,0.7584612630340094,0.7567596176780911,0.7659876956612315,0.7613456948986843,0.8294314381270903,377.8722836718353,-inf,0.38568632123050167,1.0017606609332068,0.14950125750587973,0.8683554577337222,1.3412367759781523,0.12097647836135143,0.27523641756203354,598
-1.40873168564435,-0.2740914765167763,4.0,1.0,0.4221896049353761,741.5182872745254,0.8170224603712573,0.683312805734489,0.08411712511091393,0.7373396423193441,0.7614943940721978,0.7586164344910301,0.7568476038086829,0.7661985962910423,0.7614943940721978,0.8297161936560935,378.47937215865113,-inf,0.38576242738284466,1.0016751234049457,0.14954966254056362,0.8685078737713726,1.3418923900349424,0.12102153742197867,0.2753078408322004,599
1.205327839011351,0.8198167714112606,1.0,3.0,0.422564022343472,743.9267176515303,0.8163657198632577,0.6837083091608492,0.08411164787976382,0.7376346134353589,0.7617800734855981,0.7589109939259185,0.7572420564931868,0.7663728094568979,0.7617800734855981,0.83,379.088451067806,-inf,0.3858375689571642,1.0015898710017785,0.14959790622513192,0.8686572921361754,1.3425572444330862,0.12106596037576284,0.27537833178962595,600
-1.0369615889922137,0.2939378504348297,4.0,1.0,0.42240103683579117,743.4605529799031,0.8151463374258235,0.6838764778851745,0.08411164787976382,0.7377943211774965,0.7619285964944486,0.7590659226688533,0.7573305346666712,0.7665828327888125,0.7619285964944486,0.8302828618968386,379.69472744369966,-inf,0.3859102296246894,1.0015146141980584,0.14964598936499282,0.8688098985569455,1.3432461016605115,0.12111057245568585,0.27544283793577806,601
-0.2495323288507988,0.7915309202058884,6.0,2.0,0.4220078928278942,742.171745279001,0.8156556011739148,0.685038453877602,0.08411164787976382,0.7387818227579542,0.7622939196566045,0.7594401061712907,0.7577006698121346,0.7669431985444071,0.7622939196566045,0.8305647840531561,380.29684873578486,-inf,0.3859831904819643,1.0014396074169418,0.14969391276020302,0.8689674541253082,1.3439487432488766,0.12115574472495388,0.27550808114977754,602
0.9070673692479776,-1.0194402550419457,2.0,0.0,0.42172745527369,742.4636448231902,0.8159350472405125,0.6854279036236745,0.08411164787976382,0.7391256077067544,0.7625135733027478,0.7596670394580247,0.7578144935195497,0.7672712931042116,0.7625135733027477,0.8308457711442786,380.89745702117034,-inf,0.38605573546404015,1.0013659521267082,0.14974188301656932,0.8691265391586526,1.3445973894201575,0.12119957066193109,0.27557363669434254,603
1.271383299517245,0.2195478368220392,3.0,0.0,0.41985067495299067,740.0320820928025,0.8194990679571165,0.6832729629977291,0.08410623785390389,0.7373551264393615,0.7615593884547953,0.7587061431846098,0.7567403148276424,0.7664402331009099,0.7615593884547954,0.8294701986754967,381.49205077128886,-inf,0.3861345772427395,1.0012814451713905,0.1497876235476839,0.8692930311297735,1.3451830417471244,0.12125024678850103,0.2756410354673602,604
1.3627680891050582,0.9167329265513092,1.0,3.0,0.4202117535078928,742.3313486454107,0.8190568995977158,0.6836717110410838,0.0841008938039691,0.7376531644283999,0.7618436123166973,0.7589990980644529,0.7571314508834011,0.7666147952707991,0.7618436123166972,0.8297520661157025,382.0884793628164,-inf,0.3862124209273611,1.0011972175779091,0.14983321287043116,0.8694566802482172,1.3457770845692336,0.12129990712064777,0.2757078234703848,605
-0.5501550089872758,-0.4097043026425328,5.0,1.0,0.42017365674295576,742.9702388140958,0.8191138146022601,0.6818004259178154,0.08338339541030879,0.7361199134368793,0.7611445689201654,0.7582962591365535,0.7563789887581589,0.7659705810915554,0.7611445689201655,0.8283828382838284,382.68399381735645,-inf,0.3862898878585058,1.0011125796652127,0.14987865173336734,0.8696210804979446,1.3463832589908376,0.12134886380618934,0.27577457206067546,606
-1.5817313012543437,-0.6089945337061708,4.0,1.0,0.4199614564736089,744.2824831235398,0.8199349242149099,0.6819668729509715,0.08338339541030879,0.7362788300030533,0.76129046147769,0.7584484211808787,0.7564635823891541,0.7661793353081885,0.7612904614776901,0.828665568369028,383.27970796777845,-inf,0.3863684541017479,1.0010263284606256,0.14992394088011593,0.8697847804183497,1.3469942547279659,0.12139641368039461,0.275842730032322,607
-0.9343590563216132,1.2506331945522462,6.0,2.0,0.42040820243557886,746.4947682017823,0.8197709410379939,0.6831220542269701,0.08338339541030879,0.737259884918515,0.761653549249078,0.7588202277333653,0.7568316669381621,0.7665372673219629,0.761653549249078,0.8289473684210527,383.87710115895277,-inf,0.38644658411672983,1.000940360977106,0.14996908104940812,0.8699458626713816,1.3476174504652887,0.12144366951223641,0.27591024642930384,608
0.6941173595364736,-1.6664982048486383,1.0,0.0,0.4196403764682257,742.462312679181,0.8205208282609143,0.6802285052207134,0.08338339541030879,0.7348843258014242,0.7598067933534249,0.7569560051383808,0.7549168254102079,0.7647605237772722,0.759806793353425,0.8275862068965517,384.46591103008615,-inf,0.38652647727242795,1.0008308432250062,0.15000961750125405,0.8701177002078586,1.3481942984436823,0.12148966241105852,0.27598128809087735,609
-0.7525917940430276,0.926306544958734,6.0,2.0,0.41972954916709543,743.1911696605811,0.8206122908839325,0.6813903092173054,0.08338339541030879,0.7358716576071541,0.7601698738889809,0.757327775730441,0.7552849170062818,0.765118430998263,0.7601698738889809,0.8278688524590164,385.0539852245624,-inf,0.38660617601890906,1.0007216845475035,0.15005002104670048,0.8702900544425977,1.348784741291555,0.12153557141017456,0.27605214123244776,610
-0.45534266379689,1.8302301889976904,6.0,2.0,0.42018699731255416,746.0133730065976,0.8205937168162016,0.6825519578411026,0.08338339541030879,0.7368599349713636,0.7605303655886437,0.7576968807239896,0.7556503911222769,0.7654737792909316,0.7605303655886437,0.8281505728314239,385.64475345333824,-inf,0.3866855695264163,1.0006128831815477,0.15009029233831567,0.8704584388103729,1.3493835347855474,0.12158117298046038,0.27612242481833776,611
-0.4946086908565275,1.237400321836469,6.0,2.0,0.4207308067533144,748.147827638747,0.8205041597845099,0.6837133579778876,0.08338339541030879,0.7378490544438823,0.7608883016596086,0.7580633544610808,0.7560132812734156,0.7658266015377496,0.7608883016596086,0.8284313725490197,386.2370787379549,-inf,0.3867646438020189,1.0005044373756111,0.1501304320244027,0.8706243570744223,1.3499937850688775,0.12162664108352828,0.27619181332390713,612
-0.3204619543959901,0.9725214792347804,6.0,2.0,0.42079642631224257,748.4887267259456,0.8207703165806058,0.6848744177687901,0.08338339541030879,0.7388389139607288,0.7612437146751135,0.7584272306254434,0.7563736203358179,0.7661769299926966,0.7612437146751135,0.8287112561174551,386.82802759274773,-inf,0.38684370448721567,1.000396345389596,0.15017044074903432,0.8707916272089052,1.3506165246641058,0.12167232180520812,0.27626108084424167,613
-0.9844736790896654,1.8475920050671693,6.0,2.0,0.4212305412068559,751.2541312919099,0.8206486701410419,0.6860350466182633,0.08338339541030879,0.7398294128499724,0.7615966365907985,0.7587885422595632,0.7567314405629824,0.7665247962974899,0.7615966365907985,0.8289902280130294,387.4215554489353,-inf,0.3869223515541903,1.0002886054947406,0.15021031915208732,0.8709551197112985,1.3512481644510883,0.1217178186016858,0.27633016701922775,614
-0.5773414377221079,-1.0287423197952814,5.0,5.0,0.42075372692869145,752.5745837046675,0.8221012994230629,0.6860353749594842,0.08389916316745585,0.7398016348070507,0.7617366054098581,0.7589352309597255,0.7569655242275991,0.7665682114094917,0.7617366054098582,0.8292682926829268,388.0153002103267,-inf,0.3870027729458609,1.000175755758132,0.15025020969689448,0.8711179025148031,1.351888412661004,0.12176495962831532,0.2764024987242966,615
-1.0833854920683774,-1.0562443735604312,4.0,1.0,0.419243656957564,753.3147022505964,0.8243277873887459,0.686192687226268,0.08389916316745585,0.7399506016289573,0.7618830419995926,0.759087798245104,0.7570520576147199,0.7667760783820957,0.7618830419995926,0.8295454545454546,388.60831872013233,-inf,0.38708677564263744,1.0000551035466243,0.15028997072694578,0.8712811939842392,1.3525268665378727,0.12181699193688621,0.27648072883004693,616
-1.0876960423660471,-0.3403060054636023,4.0,1.0,0.41971262223813094,755.422608158163,0.8231221155826113,0.6863569187558284,0.08389916316745585,0.7401065751968416,0.7620296057087731,0.759240454592816,0.7571394303767962,0.7669833605381496,0.7620296057087732,0.8298217179902755,389.20283134482935,-inf,0.3871689005303915,0.9999358724627199,0.15032960287197258,0.8714421362115062,1.3531765694643483,0.12186740664502833,0.27655717689306586,617
-1.477196367754795,-0.2471848555504325,4.0,1.0,0.4199441715561646,756.9353109663097,0.8226500312268232,0.6865279820346016,0.08389916316745585,0.7402694661952202,0.762176273862683,0.7593931776133774,0.7572276059261055,0.7671900488044149,0.7621762738626832,0.8300970873786407,389.7978677196213,-inf,0.3872497535738423,0.9998197738012593,0.1503691067576304,0.8716019842447791,1.3538378964772255,0.12191572838256484,0.27663141193458074,618
0.3895278727305016,0.6594075504387656,1.0,3.0,0.4195757219788396,756.5940278422373,0.8238928340584897,0.6868965553813994,0.0838938838938839,0.7405414917226347,0.7624518638398489,0.7596770948870656,0.7576103168569643,0.7673556891162162,0.7624518638398488,0.8303715670436187,390.3904301753929,-inf,0.3873318874632209,0.9997040502566371,0.15040848300553164,0.871764585118346,1.3545126460689016,0.12196530024379654,0.27670572640092944,619
2.0262272758184983,0.1098681288151818,3.0,4.0,0.4200797181232525,759.7356582920963,0.8228472413674331,0.6869317371551376,0.08388866822601762,0.7405323080887872,0.7626097645245694,0.7598420631671513,0.7578164557727455,0.7674640961251097,0.7626097645245694,0.8306451612903226,390.9861482852586,-inf,0.3874110764686547,0.9995887000137718,0.15044792342688118,0.8719227245003635,1.3552052317773766,0.12201379184268417,0.27677954521141696,620
1.4313935402664113,-0.9414250762533366,3.0,0.0,0.41873256191725755,758.137905794716,0.825384058791951,0.6848770626405456,0.08388351502123959,0.738843104798471,0.7617005650590258,0.7589267565643109,0.7567930344289759,0.7666721582538231,0.7617005650590258,0.8293075684380032,391.57737494791473,-inf,0.38749426874273896,0.999463162338681,0.1504852476242935,0.8720861946292573,1.3558377043788308,0.12206416530342126,0.27685519888687915,621
1.4856199296681851,0.6809259348192434,1.0,3.0,0.4185086196860805,759.6770428662137,0.8255235141459781,0.6852555400182142,0.08387842316413745,0.7391246049734372,0.7619758120153148,0.7592102459192618,0.7571735899401885,0.7668393371592284,0.761975812015315,0.8295819935691319,392.1691750571081,-inf,0.38757715900225304,0.9993380283217097,0.15052245180820933,0.8722485079308482,1.3564770099826415,0.12211452270160678,0.2769306716236094,622
-1.490963118050686,-0.2053963041302046,4.0,1.0,0.4187352604595039,761.0913933126739,0.8250054009175743,0.6854370819280043,0.08387842316413745,0.739296340831938,0.7621232410037441,0.7593636486995297,0.7572634288337592,0.7670458327080227,0.7621232410037441,0.8298555377207063,392.7613455519003,-inf,0.3876587186910282,0.9992165127486777,0.15055953655654275,0.8724099285015133,1.3571284710505653,0.12216287136736965,0.2770036671877984,623
1.5188022145448743,-0.1683746836032683,3.0,4.0,0.41922145501319275,763.8527350941602,0.8245755314034376,0.685470072169923,0.08387339156569927,0.7392868694712149,0.7622770687087286,0.7595243876299212,0.7574684165322108,0.7671471646792416,0.7622770687087287,0.8301282051282052,393.35604329155143,-inf,0.38774010085818494,0.9990953866486362,0.15059499099632423,0.8725677135007063,1.3577880162438367,0.12221083538268578,0.2770756628666424,624
-1.1437236275780276,-0.2747488080036037,5.0,1.0,0.4196985208500009,765.9022439357261,0.8234369482957268,0.6836362568910646,0.08316976374342737,0.7377858454057399,0.7615925774549656,0.7588362369485329,0.7567228059862882,0.7665254321940919,0.7615925774549656,0.8288,393.9521172125821,-inf,0.38781950914459623,0.9989764661492927,0.15063033198189843,0.8727233436602131,1.358459423927886,0.12225711876199882,0.2771454546650056,625
-0.6825274039722043,-0.6688588201245402,5.0,1.0,0.41935134828778825,766.9739926594041,0.8240677469884338,0.6818229193525417,0.08247796159884072,0.736303230776905,0.7609252229803481,0.7581654128376524,0.755995135720346,0.7659200336899131,0.7609252229803483,0.8274760383386581,394.5479988027528,-inf,0.38789955669391124,0.998854316633461,0.15066556005697557,0.8728788110505424,1.3591372198893459,0.12230457211158925,0.2772172049886682,626
-0.4080694383401888,1.070375134097974,6.0,2.0,0.4196611352819763,768.1471589104514,0.8241810856083006,0.6829587405665292,0.08247796159884072,0.7372703470940122,0.7612740103673391,0.7585223151034813,0.7563488125608068,0.7662637724834225,0.7612740103673392,0.8277511961722488,395.1438507327491,-inf,0.3879794423608839,0.9987325567492585,0.15070067576179727,0.8730339112099035,1.3598265107873277,0.12235206195681912,0.2772884549387485,627
-1.602039035162945,-0.730705593953174,4.0,1.0,0.41924988069501146,769.24819664338,0.8253713341422063,0.683125970802243,0.08247796159884072,0.737432131877252,0.7614146955176474,0.7586688059931245,0.7564279625600128,0.7664676146375823,0.7614146955176474,0.8280254777070064,395.7395582899316,-inf,0.3880611285328048,0.9986082490364594,0.15073567963316412,0.8731887903596981,1.3605184563697648,0.12239891033819145,0.27736208484641,628
1.1623848472053098,0.6581118978401795,1.0,3.0,0.4193855834983808,771.3016971675032,0.8250347952848543,0.6835104899276084,0.08247298919567826,0.7377186486932231,0.7616890035043319,0.7589512017732045,0.7568053815671961,0.7666360622629705,0.7616890035043319,0.8282988871224165,396.33663641215355,-inf,0.38814226934592533,0.9984843365787085,0.15077057220446305,0.8733415435129772,1.3612188764814401,0.12244591389566374,0.27743489666079657,629
-0.3552858621141933,-0.9831340334677616,5.0,5.0,0.41871159485758636,771.3384094018672,0.8274414599585885,0.6835018601095122,0.08298319327731092,0.7376833008350748,0.7618210978589762,0.7590896466224781,0.7570348706242177,0.7666682304109969,0.7618210978589762,0.8285714285714286,396.93187732166103,-inf,0.38822675854495875,0.998355466025019,0.15080750200681134,0.873496207933188,1.3619290885693385,0.12249410509520174,0.27751160011014336,630
2.1159456628614954,0.3758646001112793,1.0,4.0,0.418845933980712,773.5885491444278,0.8267821368907778,0.6816593802110237,0.08298319327731092,0.7361259829395216,0.7606878050817358,0.757948213572723,0.7560033474405479,0.7654306777147203,0.7606878050817358,0.8272583201267829,397.5287975622676,-inf,0.38830857583637163,0.998227003935842,0.15084679509829518,0.8736483654940981,1.362657817132088,0.12254178533732135,0.2775885146777983,631
0.8173063392737999,-1.468198003028352,1.0,0.0,0.4184226755158205,771.4328918664182,0.8273679839547402,0.6789257979746852,0.08298319327731092,0.7338805004093871,0.7589630683386279,0.7562079224374675,0.7542231933362284,0.7637628950824172,0.7589630683386279,0.8259493670886076,398.1204179646476,-inf,0.38839104265929164,0.9980867910005081,0.15088363651261055,0.8738067894792341,1.3633386931208498,0.12258788053836295,0.27766749613916614,632
-0.5550354404573139,-0.5423672172966115,4.0,1.0,0.4181850856493048,772.0404610647571,0.8278651956207601,0.6791133668168512,0.08298319327731092,0.7340592703087317,0.7591079080627539,0.7563585711434921,0.7543074565401475,0.7639698515651994,0.7591079080627539,0.8262243285939969,398.71112893321015,-inf,0.38847387511812853,0.9979448186485258,0.15092036152435304,0.8739659577763752,1.3640283162707934,0.12263429031107134,0.27774762162241373,633
0.7260112558521896,0.7125098108210165,1.0,3.0,0.41842576811749854,773.5261608324188,0.8278477989944896,0.6794842992359671,0.0829782790309106,0.734336526208568,0.759374480163021,0.7566330463877541,0.7546809980759305,0.764126706625537,0.759374480163021,0.8264984227129337,399.30231983525937,-inf,0.3885565811725791,0.9978032941588524,0.15095697068432345,0.8741241184674349,1.3647288775906978,0.12268097820920901,0.2778269283537193,634
1.3829367654551514,0.8757766765555292,1.0,3.0,0.4187262750718382,775.7516436355992,0.8274828380431546,0.6798608938278444,0.08297342192691029,0.7346201589124068,0.7596397368826142,0.7569061367552963,0.7550518525595622,0.7642837163240266,0.7596397368826141,0.8267716535433071,399.8951534160473,-inf,0.3886384396484715,0.9976622154156032,0.15099346453985302,0.8742798156278762,1.3654367473942932,0.12272685127678463,0.27790565099672276,635
-0.505474629757075,-1.435840984464376,5.0,5.0,0.4190767795501252,777.9411801609276,0.8268557724561713,0.6798719686817721,0.0834751928832267,0.7346019531653577,0.7597770330845671,0.7570497675260484,0.7552839855307115,0.7643238571967164,0.7597770330845671,0.8270440251572327,400.48956540778454,-inf,0.38871866848861525,0.9975244544739065,0.1510295682998155,0.8744331427048762,1.3661594382634257,0.12277114663675343,0.2779816758295141,636
0.9068980456090462,0.7921898709750896,1.0,3.0,0.41950376908169423,780.0983234859423,0.8261251577377702,0.6802533776812553,0.08347039193071773,0.734891281806398,0.7600406351831279,0.757321110810037,0.7556515913484322,0.7644809625693507,0.7600406351831278,0.8273155416012559,401.0854975240768,-inf,0.3887982675304721,0.9973871260626389,0.15106555870417374,0.8745841846710354,1.3668919761439928,0.12281518551888113,0.2780566885593788,637
0.93527860642587,0.6962256919426082,1.0,3.0,0.41982308509961286,782.0939296253094,0.8256603015835727,0.6806402950241366,0.08346564616157093,0.7351868176910998,0.760302933399366,0.7575910830824036,0.7560165841169826,0.7646381640206109,0.760302933399366,0.8275862068965517,401.682689423922,-inf,0.38887740908954493,0.9972502281479584,0.15110143628594777,0.8747332760683993,1.3676340340021218,0.12285932750630789,0.27813075278522686,638
0.5969564549113197,0.1109780723954443,2.0,0.0,0.41947404751680384,781.9004958956674,0.8261702285907863,0.6809646758516359,0.08346564616157093,0.7354696393096379,0.7605083224921065,0.7578030452891917,0.7561129219211608,0.7649551241429271,0.7605083224921066,0.8278560250391236,402.27770946534883,-inf,0.3889569654549061,0.9971175357204777,0.15113792355108496,0.8748846780037154,1.3683273469380872,0.12290382053646716,0.2782047252780285,639
-1.0123235174258027,-0.5574951037888193,4.0,1.0,0.4196904408043844,784.0218279094433,0.8256710288045609,0.6811510370523873,0.08346564616157093,0.7356466017804167,0.7606517284580119,0.7579521089768986,0.756196371221006,0.7651598969897059,0.760651728458012,0.828125,402.8741846504177,-inf,0.38903581213029625,0.9969836219579257,0.15117429679351863,0.8750338912352469,1.36902772574679,0.12294791939814713,0.2782789000401116,640
-0.2725796370716642,0.9451884785494574,6.0,2.0,0.4196586760719612,784.0409238007253,0.825982987420736,0.6822530691213217,0.08346564616157093,0.7365831165416022,0.7609960876743257,0.7583042975669584,0.7565450889060514,0.7654997697179906,0.7609960876743257,0.828393135725429,403.46882854924814,-inf,0.38911469611409605,0.9968501260230261,0.15121055654689636,0.8751849897578019,1.3697394987621023,0.12299227607137324,0.27835309297719296,641
-1.3907782835672984,0.0958806899445944,4.0,1.0,0.4198148689942613,784.5909098551942,0.8250341782791102,0.6824415970894805,0.08346564616157093,0.7367625485023829,0.7611391626015315,0.7584529762585361,0.7566289348485921,0.7657034832900447,0.7611391626015315,0.8286604361370716,404.0624766509708,-inf,0.38919163495498105,0.9967233709952987,0.15124670334154078,0.8753369387227073,1.3704126079625796,0.12303591045615579,0.2784229295084982,642
0.4792996674446236,-0.8553776091776443,2.0,0.0,0.4200845472075133,785.6959083697454,0.8236145729390539,0.6827643288536355,0.08346564616157093,0.7370442653108401,0.7613429385370943,0.7586632203204479,0.756725518972155,0.7660170535782704,0.7613429385370944,0.8289269051321928,404.65599676250855,-inf,0.3892656808807445,0.996604169536284,0.15128410170202217,0.8754886627412777,1.3710978639549127,0.12307790073049055,0.2784922279709484,643
1.1830613124596865,0.0154491143637032,3.0,0.0,0.4185809208434484,784.89976944875,0.8259396083597815,0.6808265814968553,0.08346095462978578,0.7354497452259351,0.7604802425687059,0.7577950548813661,0.755749684806028,0.7652703944906808,0.7604802425687059,0.827639751552795,405.2464374033257,-inf,0.38934315315986356,0.996483571315972,0.15132104727724333,0.8756438219091912,1.3717274649350322,0.12312385349057675,0.2785621780845738,644
-0.6189546201199991,0.0023087059100359,4.0,1.0,0.41867248170108756,784.836575879517,0.8253196121037147,0.6810261859253655,0.08346095462978578,0.7356390095299647,0.7606245169301632,0.7579449018653915,0.7558359345881214,0.7654741620554715,0.7606245169301632,0.827906976744186,405.83494924592446,-inf,0.3894191269986269,0.9963673563670209,0.15135787829254135,0.875800992240936,1.3723740742050636,0.1231683373867971,0.2786291882060629,645
-1.530219316434722,-0.4435394669286241,4.0,1.0,0.41875309188876964,786.4764237300724,0.8253807871928661,0.6812318583507794,0.08346095462978578,0.7358344384664737,0.7607687988308497,0.7580947231497691,0.7559228321667563,0.765677298090442,0.7607687988308499,0.8281733746130031,406.42417753459955,-inf,0.3894948248078724,0.9962518885861775,0.1513945952799282,0.875956884419127,1.3729744308396288,0.12321114961501713,0.27869572962740397,646
1.46911399508684,0.2910854197620557,2.0,4.0,0.418476738643577,788.4872290982197,0.8256324151043267,0.6790913248515463,0.08346095462978578,0.7340226978223863,0.7576082824665324,0.7549037232453604,0.7528417428680529,0.7624355643530721,0.7576082824665323,0.8268933539412674,407.0146922974491,-inf,0.3895703548967052,0.9961367777381962,0.1514309637624333,0.8761107979601814,1.3735810242554616,0.12325413398166855,0.27876171317411497,647
-1.4966302075938558,-0.3274666183646628,4.0,1.0,0.4186784442897371,790.1560984471225,0.8253351509545835,0.6793100701432087,0.08346095462978578,0.7342299758110747,0.7577571484504457,0.7550581854433644,0.7529340758165618,0.7626424097957181,0.7577571484504457,0.8271604938271605,407.60595989953185,-inf,0.38964501052174744,0.9960236438684243,0.15146721999653562,0.8762634004645949,1.374144116972399,0.12329537488577931,0.27882628232370776,648
-0.5188099323962108,1.595102291907556,6.0,2.0,0.4192726890740893,793.1652692452576,0.8251360121540259,0.6803994172754364,0.08346095462978578,0.7351543163626663,0.7581024498383503,0.7554112418569741,0.7532840137763384,0.7629829256969138,0.7581024498383502,0.827426810477658,408.20004204028027,-inf,0.3897193021988893,0.9959108586392371,0.15150336450110294,0.8764121642969546,1.3747158206344834,0.12333636043008926,0.2788899768112636,649
0.5469006481861516,-1.2863553776143577,2.0,0.0,0.41906357779340736,792.3783307283677,0.8246324269443744,0.680704233238857,0.08346095462978578,0.7354222073161594,0.758300961058181,0.7556160829916723,0.7533792917375935,0.7632873577011331,0.758300961058181,0.8276923076923077,408.79108556133895,-inf,0.38979206088727275,0.9957948717092574,0.1515387251168054,0.8765642866416749,1.3752999760395495,0.12337589181146187,0.27895456138508384,650
0.2918552529311812,0.7420785870655165,1.0,3.0,0.4185758226690455,791.6013807253487,0.82594436502678,0.6810849498697563,0.08345631641086186,0.7357105226244961,0.7585644957539355,0.7558871191974543,0.7537428726988636,0.7634482029036869,0.7585644957539356,0.8279569892473119,409.3791198089028,-inf,0.3898661656116678,0.9956792411139319,0.1515739770977438,0.8767197406457953,1.3758970328533089,0.12341632407587302,0.2790194856483483,651
-0.5513987264776584,-1.5405617891753964,5.0,5.0,0.4190553424302087,794.0584223969798,0.8248858374705215,0.6811041228583326,0.08394986161379604,0.7356973193412458,0.7587063305417439,0.7560351221651805,0.7539765090017786,0.763495868626805,0.7587063305417437,0.8282208588957055,409.9691187392525,-inf,0.38993809111531585,0.9955685316606219,0.1516088379912588,0.87687239531623,1.3765094799506072,0.1234553265077191,0.2790806788883405,652
0.8519182284183165,1.2184696802319412,1.0,3.0,0.41947006203688736,796.0890307177169,0.824539191204415,0.6814892513056263,0.08394527580412547,0.735990905669274,0.7589682072961894,0.75630441357129,0.7543369683719856,0.7636566643344628,0.7589682072961895,0.8284839203675345,410.56042028898975,-inf,0.39000923152568706,0.9954581612868013,0.15164359211327758,0.8770230774107296,1.3771321374953385,0.12349370538513028,0.27914130644614044,653
-1.2028895245105973,1.4970038987063836,6.0,2.0,0.4197200119418953,798.1195880461702,0.8244207082348819,0.6825637603453591,0.08394527580412547,0.7369029624668529,0.7593090360633018,0.7566528346624409,0.7546822291740525,0.7639929249797037,0.7593090360633019,0.8287461773700305,411.1530184048265,-inf,0.39008001738289444,0.9953481284370598,0.1516782399535776,0.8771718037195804,1.3777644925651595,0.12353191360362888,0.27920193261119863,654
1.9195769149091595,-0.2163385076143323,3.0,4.0,0.42036387750308085,801.4278298451668,0.8235889099204906,0.6825780281099738,0.08394074152040629,0.7368772514768608,0.7594527957269036,0.7568029246020689,0.7548695083165083,0.7640920791636178,0.7594527957269036,0.8290076335877863,411.74885781160566,-inf,0.3901490471765209,0.9952384315654854,0.15171215608608116,0.8773162217369295,1.3784111512225112,0.12356896357442268,0.279261914498997,655
2.02473776343272,-0.0868212465238432,3.0,4.0,0.42096612677745987,804.7586499944542,0.8226091956098652,0.6825993604880826,0.08393625789907501,0.736858870201296,0.759597580859521,0.7569540023725011,0.7550572305691186,0.7641928660389348,0.7595975808595211,0.8292682926829268,412.3479581045673,-inf,0.3902157744123399,0.9951290691355927,0.1517457547821404,0.8774563413519486,1.3790736640716748,0.12360494759378886,0.2793213765555948,656
-0.914622581680107,-1.2121669193172009,5.0,5.0,0.4210576655712946,807.6227982299739,0.8219575360727404,0.6826225595004911,0.08442177797675822,0.7368503883417644,0.7597390049914754,0.7571014732231196,0.755288592242096,0.7642421752435518,0.7597390049914753,0.8295281582952816,412.94959408649333,-inf,0.39028196596575065,0.995017814444167,0.1517778407844924,0.877593064186652,1.3797430805196529,0.12364126660158062,0.27938149888395036,657
-0.8373970393675566,-0.802299249403231,5.0,1.0,0.420451528543012,808.9277367808721,0.8228675501981463,0.6808571811227245,0.08374739335272766,0.7354072323674207,0.759083711603794,0.7564428383564534,0.7545709802370237,0.763650744738245,0.759083711603794,0.8282674772036475,413.5513845769104,-inf,0.3903492875220898,0.9949024091589221,0.15180982926100142,0.8777292545085127,1.3803636693282497,0.12367955918942103,0.27944430517078567,658
-1.2235995840741722,-0.665416646811222,5.0,1.0,0.4204491103079702,811.0149879304564,0.823055185894111,0.6791106131471395,0.08308379888268157,0.7339809979008995,0.7584439166480829,0.7557998648952331,0.7538696429217636,0.7630740401260048,0.7584439166480827,0.8270106221547799,414.1545159932283,-inf,0.3904166762869307,0.9947849774991078,0.1518417206556394,0.8778634994847495,1.3809374894008581,0.12371777647262326,0.2795081445581858,659
0.5417726276973933,0.9868296202180672,1.0,3.0,0.4205361569340901,812.1182032359422,0.8232993934231847,0.6795023013816416,0.08307936507936507,0.7342805961658131,0.7587047988970781,0.7560680228626286,0.7542268987918881,0.7632361878082209,0.7587047988970779,0.8272727272727273,414.75749127692933,-inf,0.39048406226271937,0.9946679016928077,0.15187351540968755,0.8779975878026473,1.381522695130544,0.12375583266961063,0.2795715648213221,660
1.502802248742701,0.0259375657796046,3.0,4.0,0.42084134230322945,814.8051245372037,0.8228745708871027,0.6795393803386207,0.08307498026835043,0.7342759063599474,0.7588524083183695,0.7562218724193933,0.7544164955678047,0.7633407952859512,0.7588524083183694,0.8275340393343419,415.3627070609842,-inf,0.39055110610289084,0.9945511801249537,0.15190390979474905,0.8781286774365619,1.382114608925468,0.12379367927933899,0.2796341257499655,661
0.7147925767050597,0.92759193130707,1.0,3.0,0.4212370031979498,816.642391149017,0.8225728302064268,0.6799352542389552,0.0830706436420722,0.7345805095277423,0.7591116290866927,0.7564882848299775,0.7547707477539323,0.7635027303043173,0.7591116290866926,0.8277945619335347,415.9688697257698,-inf,0.39061773070345157,0.9944348111902351,0.1519342123538738,0.8782583123963121,1.3827168265203815,0.12383119080520241,0.2796959345207488,662
0.1234466350961952,0.1706050141191537,2.0,0.0,0.4208720324432054,814.7701353482908,0.8227263119763467,0.6802409819236658,0.0830706436420722,0.7348469228349533,0.7593082667988797,0.7566910244780125,0.7548663738539252,0.7638027444167399,0.7593082667988797,0.8280542986425339,416.5703799303286,-inf,0.39068433198343344,0.9943167585044345,0.15196404213460651,0.8783931186783194,1.3833327301081826,0.12386822059169367,0.27975842944133805,663
-0.7854033974398935,-0.8095309968703464,4.0,1.0,0.4202058977272847,815.9110868878599,0.8237218072954886,0.6804322190076507,0.0830706436420722,0.7350295887175842,0.7594485749699169,0.7568365935380954,0.7549469617887822,0.7640041948052877,0.7594485749699169,0.8283132530120482,417.17179665767435,-inf,0.3907521861215268,0.9941945756293251,0.1519937820666021,0.8785276960706931,1.3839014040006326,0.12390737175260204,0.2798237059560345,664
-0.8727311801580501,-1.5266545501222195,5.0,5.0,0.42080687332324385,819.2408936070997,0.8220692655224817,0.6804443459760123,0.08355136926565498,0.7350131319194105,0.7595823706562626,0.7569762059518262,0.7551743893787521,0.7640421131706456,0.7595823706562626,0.8285714285714286,417.776411841057,-inf,0.39081762536522685,0.9940760738336295,0.15202225492724153,0.8786581564454594,1.3844816455059896,0.12394519470728653,0.2798858209384662,665
-1.4885261265372929,0.0436156276966898,4.0,1.0,0.4209185741344109,819.8254459391969,0.8213204501476716,0.6806410817032795,0.08355136926565498,0.7352011336871559,0.7597225769223336,0.7571216282651304,0.755255474164261,0.7642428371554314,0.7597225769223336,0.8288288288288288,418.3800890694325,-inf,0.3908816113827384,0.993963361556163,0.15205064228379495,0.8787893894002847,1.3850265113908908,0.1239821675334678,0.2799443798041447,666
-0.4273791976502292,-1.104015243883831,5.0,5.0,0.4206472423501079,820.8511661021564,0.822492625808192,0.6806598801147209,0.0840245244069766,0.7351913642385021,0.7598569818394333,0.757261801619802,0.7554823075390021,0.7642826149489299,0.7598569818394334,0.8290854572713643,418.98349398252503,-inf,0.3909468342868076,0.9938482574622323,0.15207955795008204,0.8789206107535297,1.3855813587903676,0.12401933119547738,0.2800045789187362,667
1.575985917225806,0.0559523539225841,3.0,4.0,0.4210155971992917,823.7483390708396,0.8217608016484036,0.6807020209193514,0.08402023517552108,0.7351916392694802,0.7600042667800937,0.7574151802811939,0.7556706501154651,0.7643878749466977,0.7600042667800937,0.8293413173652695,419.5894293793638,-inf,0.3910112680403144,0.993733497991337,0.15210706013765413,0.8790485322979593,1.3861440256750832,0.12405600001237904,0.28006392529022195,668
0.3629938808427317,-1.286496708579944,2.0,0.0,0.42060263969992706,822.5846808850711,0.8209552572182055,0.6810084805808446,0.08402023517552108,0.7354584905590873,0.7601992486585583,0.7576161385992379,0.7557663104644069,0.7646844963647275,0.7601992486585581,0.8295964125560538,420.1918139107625,-inf,0.39107383295638476,0.9936149271132511,0.15213370803412207,0.8791802912254241,1.386720969856644,0.12409176674648054,0.28012423859047364,669
-0.8977704333007928,1.6703126145395342,6.0,2.0,0.4211418719433976,825.6888221262714,0.8207491877220154,0.682047121642793,0.08402023517552108,0.7363382026386607,0.760533282142022,0.7579574260196802,0.756104537760405,0.7650142133227097,0.760533282142022,0.8298507462686567,420.79703332600957,-inf,0.391136010545652,0.9934967101780849,0.15216027638463042,0.8793083989374196,1.3873060623970463,0.124127309688784,0.28018398759349894,670
-0.3583128861851163,-0.9923266347326274,5.0,5.0,0.42057329796458903,825.8796311499386,0.8227454078556343,0.6820696984414584,0.08448599726775956,0.7363325269155699,0.7606675713772433,0.7580973942399428,0.7563298605879452,0.7650553245370545,0.7606675713772432,0.8301043219076006,421.40073317373526,-inf,0.39120079234208593,0.9933745967877632,0.15218838427994966,0.8794379579562965,1.3879001560120807,0.12416387738016163,0.2802467760344047,671
-1.209590939150981,-0.3749695298408436,5.0,1.0,0.42097151939894895,828.0814408085754,0.8219184924453585,0.6803328271359174,0.08383711853021804,0.7349147787632909,0.7600337338087539,0.7574603860858288,0.7556395227060757,0.7644793504667593,0.760033733808754,0.8288690476190477,422.0059127981918,-inf,0.3912642540749137,0.9932535292851064,0.15221640852081852,0.8795654646607377,1.3884538038554235,0.12419916972230513,0.2803082898805476,672
1.3478765534939183,1.2299685606105395,1.0,3.0,0.421332388771678,830.2085249955137,0.8216357727185076,0.680723629789448,0.08383287592084357,0.735214860254794,0.7602893776892313,0.7577229836479367,0.7559878706272634,0.7646401152917571,0.7602893776892313,0.8291233283803864,422.6124545696589,-inf,0.3913268833323415,0.9931328215670042,0.1522443494801395,0.8796910659539902,1.3890146062535864,0.12423352779949137,0.2803696192386639,673
-0.414859337062772,-1.392600412823852,5.0,5.0,0.421578450259608,831.9872248558696,0.8213777904580347,0.6807446470022535,0.08429288103201148,0.7352094708327537,0.7604206270253326,0.7578598132719575,0.7562114094464281,0.7646769655111125,0.7604206270253326,0.8293768545994066,423.21983553447524,-inf,0.3913885904815847,0.9930147099833474,0.15227241295408964,0.8798153764383176,1.3895890593142584,0.1242665721879275,0.28042899224735995,674
1.819225486974508,0.0667097454708233,3.0,4.0,0.42208816840212604,835.3072390688682,0.8203281725357928,0.6807942640213804,0.0842886842886843,0.7352166340933408,0.7605684913206937,0.7580136502913684,0.7563993124746747,0.7647838848860466,0.7605684913206938,0.8296296296296296,423.83033539156315,-inf,0.3914484853887559,0.9928969483599384,0.15229936838588812,0.8799357736497191,1.3901750750602067,0.12429864053053669,0.2804876118089026,675
0.8059337295458231,0.8977162686670842,1.0,3.0,0.4225351129618861,837.4183664178943,0.8197738187098715,0.6811881569875563,0.08428453267162946,0.7355207582537352,0.7608222069761148,0.7582742208075985,0.7567442498552992,0.7649443529610782,0.7608222069761147,0.8298816568047337,424.4421520055075,-inf,0.3915078698715372,0.9927795351436991,0.15232624406788836,0.8800543502909745,1.3907704910491416,0.12433037090982886,0.2805454218320904,676
-0.1908600628493249,1.5669629209857194,6.0,2.0,0.42277156306398306,839.3835850767754,0.819909872530939,0.6822144366521404,0.08428453267162946,0.7363900688772016,0.7611523176251356,0.7586114209988055,0.757078191788799,0.7652705295483362,0.7611523176251355,0.8301329394387001,425.0550640189067,-inf,0.3915671804904273,0.9926624687907282,0.15235304035348687,0.8801713680468471,1.3913734334907384,0.12436202248922679,0.2806028567063606,677
-0.1654895001330967,1.504828918849618,6.0,2.0,0.42296895180269,841.1606618398964,0.8200682434323016,0.6832408452070409,0.08428453267162946,0.737260407298738,0.7614802763605628,0.7589464121317983,0.7574099617261495,0.7655945750366685,0.7614802763605628,0.8303834808259587,425.66878908943914,-inf,0.3916264379958141,0.9925457477662317,0.1523797575939951,0.8802871556450595,1.3919841125408967,0.12439364048644669,0.280659939239102,678
-1.0531846501294655,-1.4937951653945905,5.0,5.0,0.42348736461596187,844.5409603014258,0.8189289993454528,0.6832627275186761,0.0847375148040009,0.7372567938299387,0.7616108839258587,0.7590824912719423,0.7576311841061992,0.7656326138110984,0.7616108839258587,0.8306332842415317,426.2856847760547,-inf,0.3916840048009231,0.9924314681630239,0.15240552464379936,0.8803990436710997,1.3926035663000325,0.12442409921007902,0.28071486581369853,679
1.2871224413909597,0.1683631047183447,3.0,0.0,0.42179573401424847,842.286612999404,0.8220803184803561,0.6814383482752029,0.08473340758926749,0.7357519808138384,0.760787494520396,0.7582541455840676,0.7567094843263091,0.7649096967731854,0.7607874945203961,0.8294117647058824,426.89745084697137,-inf,0.391746473272426,0.9923101898606583,0.15242985407830023,0.8805164615610023,1.3932199029584327,0.12445995714406836,0.2807711824052266,680
1.7475787321354388,0.7585836084453611,1.0,3.0,0.4212870814005097,842.8380776733455,0.8225894049691541,0.6818325977278759,0.08472934406830786,0.7360570691271289,0.7610397303576112,0.7585131282433175,0.7570513624024148,0.7650703446562434,0.7610397303576112,0.8296622613803231,427.5082300346753,-inf,0.39180918442982865,0.9921892677353922,0.15245411206071735,0.8806347027151984,1.3938408885819695,0.12449557372238719,0.28082818800918946,681
-0.8890748375848235,-1.337300786260331,5.0,5.0,0.421643801470905,845.9948189545671,0.8211268560216355,0.6818652999536324,0.08517546283503731,0.7360634167606133,0.761172002299444,0.7586508390133676,0.7572728431893793,0.7651115223673892,0.761172002299444,0.8299120234604106,428.1218467339714,-inf,0.3918705787462275,0.9920687303066023,0.15247692394725912,0.8807494188703286,1.394470104774573,0.1245306194145694,0.2808843210077051,682
0.2957041154934599,-0.2141674061931656,2.0,0.0,0.4219312182423754,846.6028547315531,0.8200001408721344,0.682154391351687,0.08517546283503731,0.7363140432805921,0.761361301528523,0.7588458471774204,0.7573628056732779,0.7654022415741714,0.761361301528523,0.8301610541727672,428.7345568481698,-inf,0.3919300245462874,0.991955399207606,0.15250093438436693,0.8808648661085697,1.3951109316832226,0.1245646151191494,0.2809399571254721,683
0.3610328780477476,-0.2681950994063121,2.0,0.0,0.42228191676586446,847.5611034167808,0.8187105443393765,0.6824484044788105,0.08517546283503731,0.7365699368594987,0.7615499969417715,0.7590402121230729,0.7574532735376283,0.7656912759886499,0.7615499969417714,0.8304093567251462,429.3468763606971,-inf,0.39198745297297205,0.9918503029658652,0.15252633384979855,0.8809804595652826,1.3957625434797285,0.12459752752840964,0.28099495647889944,684
-0.0327720804119328,1.573841341038868,6.0,2.0,0.42225371303827547,848.7198383993508,0.8190114874904392,0.6834617128687855,0.08517546283503731,0.7374288399063982,0.7618745363418354,0.759371636689993,0.7577816152963406,0.7660119107612826,0.7618745363418353,0.8306569343065694,429.9590996629433,-inf,0.3920449629661184,0.9917455135744652,0.15255165915620703,0.8810958663633598,1.396421235361413,0.12463045120035819,0.28104997001191134,685
-0.4212774622304654,-0.277306836947994,5.0,1.0,0.42204950579624356,848.3098471591113,0.8192975398658972,0.6817638562176447,0.08454075919281487,0.7360419112663763,0.7612553674095129,0.7587494258089135,0.7571147792447677,0.7654414935768966,0.7612553674095129,0.8294460641399417,430.5689404027336,-inf,0.3921025681971816,0.991641392498604,0.15257691062790293,0.8812136751320836,1.3970426949935204,0.12466247351666734,0.2811047729131692,686
-0.0679224241886269,1.6241980757706644,6.0,2.0,0.42210618582062254,849.7327064498733,0.819557627692351,0.6827796898235077,0.08454075919281487,0.7369034887792171,0.761578505332204,0.7590793993599101,0.7574417357290799,0.7657607090251558,0.761578505332204,0.8296943231441049,431.179076888974,-inf,0.3921602153660135,0.9915375745408673,0.15260208858730862,0.8813308520070512,1.3976710702938615,0.12469445439301875,0.28115951825192703,687
-0.9809075339607564,-1.3904732263406632,5.0,5.0,0.42253577195207115,853.0322211246444,0.8183570273359243,0.6828053445679949,0.08498162682030577,0.7369045525288018,0.7617069833310124,0.7592131738524577,0.7576606647730227,0.7657967530094723,0.7617069833310125,0.8299418604651163,431.7922355288514,-inf,0.3922164880128138,0.991434683412779,0.15262597231197192,0.8814443261173347,1.3983073699308797,0.12472569173043599,0.28121304500816247,688
1.5456102132672664,-0.0734913075454501,3.0,4.0,0.42298698705123206,855.9216679692362,0.8177039998691593,0.6828462935584809,0.08497760629956794,0.7369048735782093,0.7618495673441161,0.759361448383559,0.7578450922968157,0.7658965867171997,0.7618495673441162,0.8301886792452831,432.40780799973726,-inf,0.39227239503307637,0.9913320909526966,0.15264849837143935,0.8815548049787428,1.398950473658768,0.12475657694436622,0.2812657670569502,689
-0.2492347903986653,-1.1302665315577969,5.0,5.0,0.4226952313157904,856.0691886876145,0.8192018217810507,0.6828784238638174,0.0854119425547997,0.7369126108389051,0.761978451958292,0.7594955837494858,0.7580631981466841,0.7659343588341281,0.761978451958292,0.8304347826086956,433.02181000073415,-inf,0.39233005724817455,0.9912282563607165,0.15267281046330208,0.8816667559958681,1.399604609046591,0.12478702889709033,0.281319712762078,690
0.3859937618035525,-0.603255278803003,2.0,0.0,0.42307310137419796,857.4013593518372,0.8174660226737167,0.6831724522268604,0.0854119425547997,0.7371678940595232,0.7621659858820442,0.7596886728968326,0.7581541483226776,0.7662205072701075,0.7621659858820442,0.8306801736613604,433.63596274943336,-inf,0.392385081385761,0.9911330253977283,0.1526985817766159,0.881778252537568,1.4002698502558797,0.12481615124891611,0.2813729738204881,691
1.1595022890646547,0.6684764061446241,1.0,3.0,0.42321241528715464,859.4887088876604,0.8171613618700491,0.6835590582802554,0.08540796435533278,0.737466425867495,0.7624144373654917,0.7599436461235176,0.7584901050388597,0.7663795888884529,0.7624144373654916,0.8309248554913294,434.2513568912516,-inf,0.3924397061600322,0.9910380696687372,0.1527242786063652,0.8818880798103323,1.4009421587500552,0.12484539588900968,0.28142559941741346,692
-1.252827309123187,-1.483956017063507,5.0,5.0,0.42357108072085997,862.5771214741561,0.8168217107410092,0.6835960111017334,0.0858359133126935,0.7374791736883035,0.762543352979473,0.7600777497998585,0.7587070142478989,0.7664186851316175,0.7625433529794728,0.8311688311688312,434.8694315876195,-inf,0.39249369335660417,0.9909447363263876,0.15274999217820828,0.8819946491443139,1.4016209753372653,0.12487359302768648,0.28147692642930305,693
-1.3618638280517368,-1.3528167175806007,5.0,5.0,0.4236668275654331,865.2252277444966,0.8172707605761597,0.6836392044041125,0.08625761484001977,0.7374983948022543,0.7626727511425283,0.7602123068372316,0.7589233944453431,0.7664593381335003,0.7626727511425284,0.8314121037463977,435.4895408039838,-inf,0.3925482577306882,0.9908508162591578,0.15277627107338596,0.8820986949133881,1.4023038996681385,0.12490147475438056,0.28152863908218273,694
-0.9048805960376144,1.9727504851023816,6.0,2.0,0.42397615031700087,867.9358213952065,0.8172058047593804,0.6846354646792616,0.08625761484001977,0.7383432859173887,0.7629909017468811,0.7605371048561945,0.759244984632207,0.7667739648902754,0.7629909017468811,0.8316546762589928,436.11176566814385,-inf,0.39260258495543465,0.9907571664655027,0.1528024743458437,0.8822001428291703,1.4029930687392689,0.12492926691517546,0.2815804033885311,695
2.07385344953608,0.1074813551746464,3.0,4.0,0.42441005681587446,871.1045464198345,0.8163349723073052,0.6846791725744236,0.08625367829709175,0.7383468679327745,0.7631328008933599,0.7606845582709906,0.7594275757433493,0.7668743586816772,0.7631328008933598,0.8318965517241379,436.73675529566066,-inf,0.39265471276960123,0.99066378578045,0.15282894784425738,0.8822982997607064,1.4036968484919758,0.1249563076201261,0.2816318786209434,696
1.757636093456156,-0.2120842641905447,3.0,4.0,0.425004589482439,874.3873690762831,0.8156164258141086,0.6847289855632618,0.08624978275981927,0.7383568060599924,0.7632753988194949,0.7608326782541819,0.759610353451426,0.7669759826250839,0.7632753988194949,0.8321377331420373,437.3646614847289,-inf,0.3927059224808137,0.9905706730457131,0.15285430750460086,0.882393024021492,1.4044104313232366,0.12498252187134454,0.2816826402153002,697
-1.5363770597043411,-0.7241501883479546,4.0,1.0,0.4247180410134503,875.7899665036252,0.8164781753533833,0.6848871488656489,0.08624978275981927,0.7385062668666406,0.7634062388776519,0.7609682372148051,0.7596799208026253,0.7671692931924322,0.7634062388776517,0.832378223495702,437.992777967564,-inf,0.3927582675890014,0.9904755843138506,0.1528795945011611,0.8824872640205625,1.4050785956808907,0.12500834722986068,0.2817350428621209,698
0.4310524150354693,0.228602637156893,3.0,0.0,0.4241941127508128,874.619042096785,0.8170965372957685,0.6830958180274648,0.08624592759080865,0.7370288628013739,0.7626022348329,0.760159471890945,0.7587828735084459,0.7664602404645062,0.7626022348329,0.8311874105865522,438.6174221222554,-inf,0.3928112855782463,0.9903809747370695,0.15290484735060775,0.8825850132363022,1.4057548270198887,0.12503431694466047,0.2817878064536428,699
1.255448208174398,-0.4908918499153348,3.0,4.0,0.4237704035623253,875.4257695576337,0.8190488293525249,0.6831443724562256,0.08624211216580846,0.7370389816652089,0.7627418769067408,0.7603045469381982,0.7589652073568921,0.7665563204220953,0.7627418769067408,0.8314285714285714,439.2414340471631,-inf,0.3928672600049398,0.9902866354733649,0.15293124297202118,0.88268318968562,1.406433494156618,0.1250617739774375,0.2818405504407002,700
-0.769320017904045,0.7480135808220316,6.0,2.0,0.4234689517140254,874.7746564328867,0.8192765804894111,0.6841335720880024,0.08624211216580846,0.737877998617849,0.763057325043085,0.7606265257671536,0.7592840921042631,0.7668682471471596,0.763057325043085,0.8316690442225392,439.8627367895108,-inf,0.39292328267417714,0.9901925653659049,0.15295756328495697,0.8827840530220217,1.407123100010182,0.1250892674388683,0.28189372137639607,701
0.3848696005311991,-0.6074630812083095,2.0,0.0,0.4238407859450808,876.1032957545386,0.8175766921913531,0.6844126106423251,0.08624211216580846,0.7381202298114128,0.7632395550192201,0.7608140996596625,0.7593696948755566,0.7671490599565501,0.7632395550192201,0.8319088319088319,440.4841620871818,-inf,0.39297675763021694,0.9901068226626022,0.15298530289776935,0.8828845205324047,1.407823424501851,0.12511547873616746,0.2819462322395941,702
-0.6482641207900887,-0.2889992377630875,4.0,1.0,0.4239752309650039,877.0005760287245,0.8172329077102972,0.6845767742791011,0.08624211216580846,0.7382746971514714,0.7633710010920433,0.7609502120277836,0.759441065191284,0.7673418216219902,0.7633710010920433,0.8321479374110953,441.1050958196733,-inf,0.3930294191506538,0.9900219473913386,0.1530129635927643,0.8829852611701529,1.4084867054067784,0.12514077050575848,0.2819978561559537,703
0.2326831415714457,0.8782569961387999,1.0,3.0,0.42333436736520996,875.9799679466729,0.8184609036083037,0.6849561227294907,0.08623833587337237,0.7385670114351461,0.7636158573700433,0.7612013650218307,0.7597711974441946,0.7674996253552385,0.7636158573700432,0.8323863636363636,441.72281580849,-inf,0.39308330448418,0.9899373132430046,0.15304054570623946,0.8830892398464527,1.409161156102884,0.12516667872785292,0.2820499531539989,704
0.7190332081966657,-0.2401794610892235,2.0,0.0,0.42335747429114573,877.2861707673176,0.8179171485680236,0.6852371237990563,0.08623833587337237,0.7388114673769417,0.7637970171940596,0.7613878027714953,0.7598569766455767,0.767778130825529,0.7637970171940595,0.8326241134751773,442.3406361701337,-inf,0.3931364113071432,0.9898607948585441,0.15306950910576855,0.8831928443655289,1.4098410262328844,0.12519232900762378,0.2821014166149824,705
0.5651665917466118,-0.4350763199875157,2.0,0.0,0.4236524683080724,878.9024319121719,0.816187054359478,0.6855226776195439,0.08623833587337237,0.7390607952172631,0.7639776142085921,0.761573642572343,0.7599432203619121,0.7680550723327065,0.7639776142085922,0.8328611898016998,442.9589956541877,-inf,0.39318770637024647,0.9897935644447278,0.15310007154844782,0.8832955988142839,1.4104821666111262,0.12521696841556026,0.28215209680807146,706
-1.351273716110923,0.9465298272966326,6.0,2.0,0.42322452608407807,877.9381577606626,0.816306395566922,0.6864947673178027,0.08623833587337237,0.7398848830181531,0.7642890057714603,0.76189142560771,0.7602582643223516,0.7683627154441212,0.7642890057714602,0.8330975954738331,443.5742419938008,-inf,0.3932390254405132,0.9897265242159575,0.1531305475344293,0.8834014806381428,1.4111339686629216,0.12524144508457763,0.2822038438914033,707
-1.1457627397420769,-1.3144586061536103,5.0,5.0,0.42345713005269286,881.0233179182774,0.8160028718380766,0.6865381618547519,0.08665392578436057,0.7399030755161535,0.7644175575516939,0.7620249420573858,0.7604717515089763,0.7684045238095238,0.7644175575516939,0.8333333333333334,444.1921079202478,-inf,0.3932899420080148,0.9896587877516796,0.15316023735012027,0.8835042481017296,1.4117910739718802,0.12526576367518297,0.2822555930948961,708
-0.930836776207888,-0.1499187832050962,5.0,1.0,0.4238231155510166,882.563071327968,0.8149703762205149,0.6848711059317926,0.0860357867552112,0.7385402043890325,0.7638063179711072,0.761410692977898,0.7598224301074504,0.7678322025354433,0.7638063179711072,0.8321579689703809,444.8104026500188,-inf,0.39333917808225544,0.9895936278964182,0.15318984341456812,0.8836062905813376,1.4124595684769454,0.12528891222884156,0.2823051197075883,709
0.8694120489047485,-0.7923698746582786,2.0,0.0,0.4237265703776117,883.7775910362632,0.8147026614843821,0.6851612655145405,0.0860357867552112,0.7387935431815208,0.7639866376201768,0.7615961989006663,0.7599097489894747,0.7681075069290919,0.7639866376201768,0.8323943661971831,445.42866629563326,-inf,0.3933875468358715,0.9895340431397255,0.15322036129393451,0.8837081079274273,1.4130869502196621,0.1253112106607886,0.2823543302758976,710
-0.4529178411199557,-1.331883250379193,5.0,5.0,0.4239050788051463,885.6280224615889,0.8146457319017251,0.68520320057556,0.08644688644688645,0.7388116223033214,0.7641125408974401,0.7617269890518846,0.7601218861018332,0.7681453188723004,0.7641125408974401,0.8326300984528833,446.0477933788485,-inf,0.3934353636827707,0.9894755788421936,0.15325075557480383,0.8838087355201563,1.4137253344524479,0.12533263782416873,0.2824025178141256,711
1.5015262630342725,0.3054642262281357,2.0,4.0,0.42368878084699196,887.7243335653625,0.8148088918308881,0.683231668736717,0.08644688644688645,0.7371456092104561,0.7615624902944169,0.7591550122814128,0.7576360142480072,0.7655298765678084,0.7615624902944169,0.8314606741573034,446.66812559821153,-inf,0.3934830057213155,0.9894172787702167,0.15328092612553715,0.8839078107763936,1.4143692030376882,0.12535413374446008,0.28245029348494777,712
1.04074908423266,0.3686188296588067,3.0,0.0,0.4222971931761888,885.167463231567,0.8174932878975995,0.6814691687546776,0.08644314868804663,0.7356937592766513,0.760780699132727,0.7583687225187775,0.7567593084790811,0.7648450571523213,0.7607806991327271,0.8302945301542777,447.28313168184883,-inf,0.393534674372678,0.9893519719942642,0.15330969040451925,0.8840123758435502,1.4149676073938073,0.12537948431189985,0.28249932239688585,713
0.5248877430678619,0.8202435494737039,1.0,3.0,0.42237046276464524,886.0502389252192,0.8178560437335656,0.6818541353366829,0.0864394488759971,0.7359902372775771,0.7610279396723364,0.7586221887136848,0.7570896673223543,0.7650073989316336,0.7610279396723364,0.8305322128851541,447.8976514398926,-inf,0.39358657934939595,0.9892868481504571,0.15333837411129136,0.8841172074013666,1.4155756276243787,0.1254050349598274,0.2825480291161015,714
-1.1360231722658032,-1.5355016612998074,5.0,5.0,0.4228517753638615,889.3833987125125,0.8169941508543385,0.6819111009313881,0.08684471736637198,0.7360215717025963,0.7611589905988668,0.7587581642644173,0.7573052168630316,0.7650521871061161,0.7611589905988668,0.8307692307692308,448.5151140234907,-inf,0.39363717223106925,0.9892242164280635,0.15336657261431755,0.8842186068469338,1.4161914419942814,0.12542954748189963,0.28259469303320206,715
1.468401442107528,-0.4796256927995012,3.0,4.0,0.42292125279570353,891.2684219070644,0.8179810275048265,0.6819482445745282,0.08684105492616132,0.7360225986069805,0.7612928946906855,0.7588972552132839,0.7574801078681683,0.7651442591268209,0.7612928946906855,0.8310055865921788,449.13348456522755,-inf,0.3936891675176935,0.9891617596546152,0.15339491418112988,0.8843187777455555,1.4168127469827005,0.1254543138320719,0.28264106096535435,716
0.5843816265454993,-0.6016347981602291,2.0,0.0,0.42319998643641554,892.9098678886755,0.8164869570589947,0.6822272538139091,0.08684105492616132,0.736267628194329,0.7614685171582399,0.7590779495841306,0.757565278358773,0.7654121859444277,0.7614685171582399,0.8312412831241283,449.75241954894227,-inf,0.3937392075600961,0.9891079158550864,0.15342472826339856,0.884418092663835,1.4173972580847507,0.12547790837600667,0.2826867350624075,717
-0.7971050597862177,-1.611788482853899,5.0,5.0,0.4237640038292562,896.1251887949736,0.8150996475700962,0.6822893340926843,0.08724061540962949,0.7363040841753737,0.7615996156990992,0.759213918334424,0.757779793954951,0.7654581425169777,0.7615996156990991,0.8314763231197771,450.37410864259977,-inf,0.39378715055225194,0.9890583145762865,0.15345379622647634,0.8845142209672696,1.4179929589703515,0.12550057873674791,0.28272915048193986,718
-0.7868198188015573,-0.6718807248905581,5.0,1.0,0.42356380229321583,897.5794867413417,0.8154617413836434,0.6806552975517925,0.08663558663558664,0.7349686974115509,0.7610030658983614,0.7586145307742168,0.757152802659744,0.764892687897187,0.7610030658983615,0.8303198887343533,450.9960910877997,-inf,0.3938354334093334,0.9890060452350875,0.15348278333291138,0.8846097927611313,1.4185932287965102,0.1255240045541224,0.28277294538062125,719
-0.2729342494469327,0.9704409604696052,6.0,2.0,0.42354932318546756,897.778916068718,0.8157311782747126,0.6816168022521601,0.08663558663558664,0.7357824489263919,0.7613146242373723,0.7589323643829666,0.7574677805995357,0.7652007401545424,0.7613146242373724,0.8305555555555556,451.616622789162,-inf,0.3938838003049186,0.988953921086503,0.1535116899196063,0.8847066614178771,1.4192025457659971,0.12554770364547882,0.2828167586885337,720
0.3207159887541702,-1.2460103419433983,2.0,0.0,0.42314538015317915,896.6132432194757,0.8149356428523408,0.6819002825150923,0.08663558663558664,0.7360313406703902,0.7614900152835546,0.75911277388143,0.757553975574015,0.7654671697486165,0.7614900152835546,0.8307905686546463,452.23381643747035,-inf,0.39393052444200594,0.9888983817426764,0.15353986422532856,0.8848068384999859,1.4197803353731957,0.1255707060082176,0.2828613670783393,721
-0.8231503740833734,1.49577994793131,6.0,2.0,0.42368962961450696,899.7077064782055,0.8146777810593676,0.6828585786527999,0.08663558663558664,0.7368429197023916,0.7617992678734751,0.7594282377897179,0.757866708873589,0.7657728517302143,0.7617992678734752,0.8310249307479224,452.8535863682747,-inf,0.3939769274481789,0.9888429962474474,0.15356796048588262,0.8849040268331446,1.4203657316426386,0.1255935121087791,0.28290535260813016,722
-1.3027085138466006,-0.5928205908004771,5.0,1.0,0.4237901196112169,901.8433111721267,0.8146856127772991,0.6812489525295642,0.08603896103896104,0.7355280675155685,0.7612173222134598,0.7588435921285438,0.7572549207332757,0.765221409028594,0.7612173222134598,0.8298755186721992,453.4745956695249,-inf,0.3940231721341661,0.988786493439873,0.15359597902510735,0.8849996588789523,1.4209557093571654,0.12561577213222025,0.28294972434577775,723
-1.1854987231054686,1.4877804663051204,6.0,2.0,0.4240332226659941,903.9751131622672,0.8145612349558947,0.6822095551357993,0.08603896103896104,0.7363420907392083,0.7615252926519055,0.759157731236595,0.7575663740824811,0.7655258059166178,0.7615252926519055,0.830110497237569,454.0968339533546,-inf,0.3940691583291825,0.9887301467174024,0.15362392016505247,0.8850937526986324,1.4215536649214466,0.12563791444264333,0.28299409053133995,724
-1.051007052446229,-0.8170120490517346,4.0,1.0,0.42360473899135787,905.6792980150329,0.8152865927925097,0.6823493351267044,0.08603896103896104,0.7364740951282583,0.7616510728595823,0.7592879276533022,0.757628745614595,0.7657163379460512,0.7616510728595822,0.8303448275862069,454.7197063175776,-inf,0.3941159911004476,0.9886702831983213,0.15365178422599082,0.8851869407604971,1.4221537891324232,0.12566131272178005,0.2830405451964475,725
0.3812049476310843,-1.1589992399270477,2.0,0.0,0.42341849763834755,905.256323872615,0.8144219169901513,0.6826334036878734,0.08603896103896104,0.736723340793095,0.761825854068925,0.7594676599593678,0.757715819294172,0.7659807196722006,0.761825854068925,0.8305785123966942,455.34028017095915,-inf,0.3941610220442728,0.9886099900630362,0.15367946220545037,0.8852823111035439,1.422721858042141,0.12568374776307573,0.2830874220833176,726
-0.4835188505654949,-0.439175662859424,4.0,1.0,0.4232368289325429,905.413705323291,0.814811822083778,0.6827772554944002,0.08603896103896104,0.7368594469231253,0.7619515663066445,0.7595977537948715,0.757778951476564,0.7661703875277106,0.7619515663066445,0.8308115543328748,455.95936328671206,-inf,0.3942063290211514,0.9885488969866293,0.15370706404191278,0.8853790139354928,1.423298077358094,0.12570597919388318,0.28313481014813713,727
0.0130018437661229,1.934437163025852,6.0,2.0,0.4230394496380155,906.014304085226,0.81521168027562,0.6837285791103227,0.08603896103896104,0.7376655371681254,0.7622566657189502,0.7599089312957908,0.7580877008909469,0.7664717370221101,0.7622566657189503,0.8310439560439561,456.57757062297384,-inf,0.3942518748025392,0.9884879717483446,0.15373459004915416,0.885476400307659,1.4238792265715836,0.12572810837710133,0.28318284311342606,728
0.8918503952669261,1.0755474458564211,1.0,3.0,0.42349867803020624,908.3882794034297,0.8146141792796717,0.6841011964014982,0.0860353354071947,0.7379504890981148,0.7624998707419173,0.760158119171745,0.7584119472522058,0.7666321017650793,0.7624998707419173,0.831275720164609,457.19733839907866,-inf,0.3942967704048411,0.98842721365749,0.15376204053922887,0.8855719034462982,1.4244682398918838,0.12574969885077114,0.2832302468089664,729
-0.5712816951888421,1.4337974782397505,6.0,2.0,0.4240435008740581,911.326728477011,0.8143304930973767,0.6850494348003899,0.0860353354071947,0.7387546704055812,0.7628026143966563,0.7604668762895904,0.7587182529051155,0.7669311880789916,0.7628026143966564,0.8315068493150685,457.8194334539799,-inf,0.39434141300041553,0.9883666220271584,0.15378941582248148,0.8856647301069727,1.4250646554146444,0.1257711412239695,0.2832769281614078,730
0.6760571681189594,-0.6845883024042687,2.0,0.0,0.424230104912753,912.9496708852387,0.8132355512420051,0.6853285156224507,0.0860353354071947,0.7389996278083678,0.7629756633314967,0.7606447866474626,0.7588048277994369,0.7671926029861211,0.7629756633314966,0.8317373461012312,458.4420466378804,-inf,0.39438447040696273,0.98831367939704,0.15381809323197565,0.885756782529267,1.4256248140854049,0.12579152460995485,0.2833230142382451,731
-0.6578898524415397,1.1434522465163326,6.0,2.0,0.4246458424262766,914.9564365688262,0.8131465483271599,0.6862734840175214,0.0860353354071947,0.7398015319446902,0.7632762148034591,0.7609512916007537,0.7591089981934837,0.7674894368000698,0.763276214803459,0.8319672131147541,459.06570017603747,-inf,0.39442734093852794,0.9882608814189163,0.15384669228789197,0.8858475198221994,1.4261935350423562,0.12581182626499737,0.28336858361547057,732
0.4087873445838937,0.3324223954295676,3.0,0.0,0.42384808091326326,912.9360241986262,0.8141419664988003,0.6845585920621795,0.08603174603174603,0.7383895630787691,0.7625180895745602,0.7601889132286694,0.7582547666222332,0.7668296250702747,0.7625180895745604,0.8308321964529332,459.68489570676405,-inf,0.39447149838812623,0.9882053494918345,0.1538746837144216,0.8859426776075934,1.4267272965877098,0.12583251395965855,0.2834148516430077,733
1.6681002129582545,0.8959540684309538,1.0,3.0,0.4237478338968111,914.108852623026,0.8143523529473248,0.6849306642647942,0.08602819237147595,0.7386743985949898,0.7627598435132349,0.7604365613797949,0.7585764221175763,0.7669896625148016,0.7627598435132348,0.8310626702997275,460.3040019150968,-inf,0.39451554288248764,0.9881499688779057,0.15390259887003427,0.8860376942185049,1.4272655561842935,0.1258526238378665,0.28346146705542463,734
-0.9223809949762344,-1.0159778406989548,5.0,1.0,0.42254558106197077,914.8516825286146,0.8160128034342997,0.6833568794748934,0.08543979609342449,0.7373889303852212,0.7621928205484452,0.759866972228431,0.7579769125248771,0.7664558890920111,0.7621928205484452,0.8299319727891157,460.92243413361865,-inf,0.39456181130245394,0.9880892130975778,0.15393043806603982,0.8861331811282963,1.4278037791058864,0.12587606995408157,0.2835118787960241,735
1.3553745328883973,0.9273665919719296,1.0,3.0,0.42285506503193004,917.1955784844138,0.8156574862006991,0.6837357918919782,0.08543627761790958,0.7376803237395089,0.7624341942479018,0.7601142014583674,0.7582971794870994,0.7666165969566006,0.7624341942479018,0.8301630434782609,461.54237047105164,-inf,0.39460746001603114,0.9880286224144789,0.15395820161205623,0.8862268660513277,1.428347826565936,0.12589888041689634,0.2835618879210213,736
-0.0974158979046157,0.0254233788546226,2.0,0.0,0.42235415706438145,914.8758077000552,0.8153783915193626,0.684010578801403,0.08543627761790958,0.7379222148716355,0.7626044428700582,0.7602892175831655,0.7583805849814557,0.766875614466335,0.7626044428700581,0.830393487109905,462.1574768987709,-inf,0.39465255251240283,0.9879649456123343,0.15398528909260478,0.8863253623855405,1.428863979343107,0.12592143252142293,0.28361263829013894,737
0.6390593549713172,-1.3278065126892231,2.0,0.0,0.4221503953093708,913.7525914062653,0.8152595772824435,0.6842894780984188,0.08543627761790958,0.7381684900309055,0.7627742047989415,0.7604637172950681,0.7584643817215276,0.7671332872085327,0.7627742047989414,0.8306233062330624,462.76939439810343,-inf,0.39469706834283746,0.987897024026987,0.15401148680820015,0.8864269683216108,1.4293473448652674,0.1259428913759119,0.283664283553548,738
0.3383913017159926,0.5890261221593958,1.0,3.0,0.4216649172364669,912.8390199876366,0.8164665797894717,0.684669156564815,0.08543279380717804,0.7384612072012766,0.7630137955792771,0.7607090883695014,0.7587820021883986,0.7672930558586256,0.7630137955792772,0.8308525033829499,463.37841960187825,-inf,0.3947427747738995,0.9878292862618976,0.15403761362334736,0.8865313800087617,1.4298404105316176,0.12596552910744815,0.28371621315549517,739
1.4212235912066622,0.0570934654499779,3.0,4.0,0.4217805696222073,915.1853564704962,0.8165200610674349,0.6846986128672338,0.08542934415145367,0.7384542931135055,0.7631430390318197,0.7608431916799349,0.7589538732836747,0.7673787069798961,0.7631430390318198,0.831081081081081,463.98896951656553,-inf,0.39478865172603184,0.9877617315718491,0.15406288400348034,0.886633942990651,1.430337809736322,0.1259883707399414,0.2837675413151431,740
-0.9219293439307432,-0.605197899481224,4.0,1.0,0.4218629779715972,917.1331277383663,0.8163355219588831,0.6848296714682767,0.08542934415145367,0.7385782042697957,0.7632651726023101,0.7609695276037421,0.759013233948781,0.7675650177460793,0.76326517260231,0.8313090418353576,464.6005000944627,-inf,0.3948343027763928,0.9876926026133048,0.15408808617745912,0.8867352365156222,1.4308403470559428,0.12601127913540724,0.28381943829208434,741
-0.7047436430672208,1.714076149615506,6.0,2.0,0.42236628590709235,920.3968008794417,0.816150889944118,0.6857586768348932,0.08542934415145367,0.739365658816511,0.7635624436407857,0.7612726054006984,0.7593141605498132,0.7678585315915986,0.7635624436407857,0.8315363881401617,465.2147808232835,-inf,0.394879682752943,0.987623659986185,0.1541132204210498,0.8868334183065915,1.4313492955505933,0.12603400697266548,0.28387078136298355,742
2.1506625992267248,0.3534029027839344,1.0,4.0,0.4224995490276706,922.7108634934987,0.8155666362047488,0.6841278978172772,0.08542934415145367,0.7379890019854649,0.7625169887627616,0.7602204542832562,0.7583586151411834,0.7667212177692223,0.7625169887627616,0.8304172274562585,465.83052252270505,-inf,0.3949232808003179,0.9875549029381423,0.15414014814850246,0.8869298472176564,1.431872266186127,0.12605651204529914,0.2839223267426689,743
1.3400948425963657,1.0225000791466428,1.0,3.0,0.42285500516674296,925.0842393688123,0.8151717633322585,0.6844994216090029,0.08542592815090712,0.7382761484692104,0.7627521007756141,0.7604612291221559,0.7586726512050417,0.7668756586386087,0.762752100775614,0.8306451612903226,466.44779902384226,-inf,0.3949662091025797,0.987486330720874,0.15416700348959103,0.8870244552493927,1.4324010584904725,0.1260782922432726,0.28397349348612366,744
-1.095849318804192,-0.2958604610374259,4.0,1.0,0.42325559841956817,927.1817804831796,0.8141538293493551,0.684635892595919,0.08542592815090712,0.7384047043084082,0.7628751828698218,0.760588483977125,0.7587336709371924,0.7670621554420389,0.7628751828698218,0.8308724832214766,467.06623389828434,-inf,0.395007813261906,0.9874191437595388,0.15419378673580417,0.8871176395367765,1.4329383732368377,0.12609900028557533,0.28402316941970407,745
0.9038754678437524,-1.0839478012815886,2.0,0.0,0.42305827486165615,927.2952120835502,0.8143244310132629,0.6849143799866799,0.08542592815090712,0.7386499371590256,0.7630443818887266,0.7607623309207483,0.7588183799325301,0.76731771825501,0.7630443818887268,0.8310991957104558,467.68316282346564,-inf,0.39504914725128987,0.987352151551918,0.15422050089406722,0.887212151867222,1.4334397457729764,0.1261187744218763,0.284073167085203,746
-0.2241644651200929,1.5480791090274424,6.0,2.0,0.42333264368962753,929.4324126778741,0.814403416808496,0.6858371393800735,0.08542592815090712,0.7394321385659826,0.7633398819686634,0.7610635633246601,0.7591174864269701,0.7676095122170751,0.7633398819686633,0.8313253012048193,468.3013010428156,-inf,0.39509042391454086,0.9872853387076377,0.15424714352847949,0.8873051917211024,1.433947543571578,0.1261384942221981,0.28412278771066873,747
-0.9855137765836612,-1.3638005366217352,5.0,5.0,0.42368754363893857,932.7124265563252,0.8133602982092505,0.6858674555400538,0.085824065677056,0.7394394383222893,0.7634602907266586,0.7611884198095369,0.7593244675941673,0.7676414138861264,0.7634602907266586,0.8315508021390374,468.92217153147,-inf,0.3951306960629464,0.987218835635664,0.15427263729069982,0.8873952049379424,1.434461902072567,0.1261577542347499,0.2841716451443067,748
1.3209521967733355,-0.0639810289873596,3.0,4.0,0.4237167723725859,934.6699417613385,0.8139397590771452,0.6858908649013299,0.08582068284156329,0.7394285297213068,0.7635854425699903,0.7613182748730558,0.7594883274946931,0.7677270017734801,0.7635854425699903,0.8317757009345794,469.5439976599478,-inf,0.3951718580919782,0.9871525101419867,0.15429757009990364,0.8874840225877344,1.4349792061705062,0.12617767949873904,0.2842200067449008,749
-0.5905612664238212,-0.9458317589197952,5.0,5.0,0.4230898477744829,935.6942767779642,0.8155264730639132,0.6859265970904145,0.08621340353062168,0.7394414202126353,0.7637061297641657,0.7614433743561523,0.75969451070031,0.7677603409991336,0.7637061297641659,0.832,470.16553136543854,-inf,0.39521478975279606,0.9870817724619586,0.15432279554110764,0.8875729209681578,1.435501593417927,0.12619956472110874,0.2842712855448415,750
-1.1908128773634703,0.8031371778031351,6.0,2.0,0.4226264319721507,934.5311800348495,0.8156890182531208,0.6868432738967741,0.08621340353062168,0.7402189505683089,0.7639988831267163,0.7617417741392072,0.7599906722447815,0.7680495969906518,0.7639988831267163,0.8322237017310253,470.78386112398636,-inf,0.395257783904533,0.987011223164567,0.15434795380403948,0.8876648736670274,1.4360339130708628,0.12622133131868837,0.28432340815590285,751
-0.9958402786814552,-1.570436301059668,5.0,5.0,0.42316622858774017,937.9531883943107,0.8144661263754313,0.6868821250183986,0.08660081718334145,0.7402353834267175,0.7641196193697076,0.7618668853667916,0.7601959244577131,0.7680840281441471,0.7641196193697075,0.8324468085106383,471.40509693152666,-inf,0.39529911922937866,0.9869437006922256,0.15437239202584627,0.8877536419641754,1.4365747384986682,0.12624212334496943,0.2843730174573778,752
0.4491001477052633,-0.2002998009025368,3.0,0.0,0.42342133572482404,938.9292715820176,0.8136094624784059,0.6852141654319835,0.08659746703224964,0.738861599887414,0.7633842007582231,0.7611274516201194,0.7593668176188995,0.7674443174101474,0.7633842007582231,0.8313413014608234,472.0259789695752,-inf,0.39533925991462127,0.9868828981524633,0.15439797200953911,0.8878425541251651,1.4370830656506128,0.12626224734051317,0.2844221038986621,753
1.2969517017480394,-0.2761882927197683,3.0,4.0,0.42334183149892024,940.5874036398263,0.8146358803945447,0.6852351094340704,0.08659414909414909,0.7388497323259291,0.763506426777417,0.7612542821747766,0.7595295704413003,0.7675251475288757,0.7635064267774169,0.8315649867374005,472.64741321980097,-inf,0.39538088019841766,0.986822256892647,0.1544234077890485,0.8879306903651153,1.4375941522143336,0.12628321450991611,0.28447082209403635,754
-1.1769823108781443,1.3885641030878912,6.0,2.0,0.423558783993494,942.5557399047592,0.8145290598085341,0.6861503890651062,0.08659414909414909,0.739626409666132,0.7637975601548982,0.7615509993075327,0.7598240594629018,0.7678128381732883,0.7637975601548982,0.8317880794701987,473.269808354483,-inf,0.3954222769054739,0.9867617762719296,0.15444877618900954,0.8880176398576355,1.4381130057982108,0.126304055068479,0.28451949927364273,755
-1.220428415153952,-0.2046742168527101,4.0,1.0,0.42392238251250725,944.4671247252354,0.8136323902090418,0.6862859600546477,0.08659414909414909,0.7397527265231638,0.7639202297362585,0.761677731793283,0.759885845722972,0.7679976810853674,0.7639202297362585,0.832010582010582,473.8930852279893,-inf,0.39546228468216627,0.9867035769580307,0.15447407747680136,0.8881034872820238,1.4386410340826052,0.12632378183524193,0.28456623206019727,756
-1.6301589472769882,-1.024505591844718,5.0,1.0,0.4230069136036135,944.4852580879452,0.8156206977668982,0.6847488752936313,0.08601758979275757,0.7384966150292516,0.7633640154575244,0.7611190336473932,0.7592988586040794,0.7674729349243296,0.7633640154575245,0.8309114927344782,474.5147393532997,-inf,0.3955053885792615,0.9866412046785825,0.15449931191839028,0.8881907621082762,1.4391677411528887,0.12634477545106082,0.2846167761276649,757
0.6758585164865499,-1.946848838163704,2.0,0.0,0.42203771855063343,937.392172586791,0.8165238192328106,0.685016357420009,0.08601758979275757,0.7387316900341895,0.7635295231662129,0.7612890346557143,0.7593799619488761,0.7677246833379343,0.7635295231662128,0.8311345646437994,475.125395597671,-inf,0.39555114767306565,0.9865525649473784,0.15451959628816267,0.8882890206311499,1.4396638661477115,0.12636551405412041,0.28467109853759237,758
-1.2485455258406628,-1.3212107480652886,4.0,5.0,0.4221905518716904,940.2834884389239,0.8166175958852465,0.6833116652552166,0.08544871794871796,0.7372955249058498,0.7622925865547235,0.760043649412274,0.758207645139351,0.7664217826949162,0.7622925865547235,0.8300395256916996,475.73825210997836,-inf,0.39559698148168776,0.9864632330526083,0.1545396809568197,0.8883848016027043,1.440164150005922,0.12638619489286432,0.28472567001730203,759
-0.7495646585662262,1.14667591972712,6.0,2.0,0.42257036347806626,942.3247223050497,0.8165156319410385,0.6842261814764303,0.08544871794871796,0.7380713883831941,0.762583292364405,0.7603398940989603,0.7585017639890898,0.7667089841200012,0.7625832923644049,0.8302631578947368,476.3521816760245,-inf,0.39564261175836885,0.9863741362417718,0.1545597127710855,0.8884792670813798,1.4406725295083744,0.12640677335458686,0.2847797445539919,760
0.3134838220943524,0.3412891418780491,3.0,0.0,0.4218325983955224,939.9617595846637,0.8174066252474441,0.6825886035214087,0.08544543176122124,0.736723542610428,0.7618676822974864,0.7596204770587985,0.7576954882472342,0.7660860785111672,0.7618676822974862,0.8291721419185283,476.96139268510285,-inf,0.39568939227318894,0.9862819177323628,0.15457907185416253,0.8885783337457553,1.4411495123917486,0.1264275474445081,0.28483458538293255,761
2.048127155211396,0.5032551623225217,1.0,4.0,0.42175086361338726,941.8112298143916,0.8170563911871659,0.6810257494580934,0.08544543176122124,0.7354036275552629,0.7608748831772919,0.7586215896885341,0.7567856644787461,0.7650085333585643,0.7608748831772918,0.8280839895013123,477.57143184144047,-inf,0.395734765191704,0.9861899412662856,0.15460042256142428,0.8886763285222672,1.4416384946119907,0.12644811223354915,0.2848897041906264,762
1.6739717232632505,0.9211800586019416,1.0,3.0,0.4216782311514274,943.0474608955575,0.8171989046037917,0.6813859732057522,0.0854421768707483,0.7356803740104447,0.7611066441006685,0.7588587977441004,0.7570956993135696,0.765160313635516,0.7611066441006686,0.8283093053735255,478.1814921678548,-inf,0.39577997956980515,0.9860982058918626,0.1546217173035294,0.8887740792175556,1.4421312764823142,0.12646809949209395,0.28494511322364086,763
-0.08985700637655,1.912764569644912,6.0,2.0,0.42165254363614524,944.2881826199394,0.8174824189894684,0.6823026258070076,0.0854421768707483,0.7364583736312709,0.7613969663596615,0.7591546210877607,0.7573893422204954,0.7654472277193902,0.7613969663596616,0.8285340314136126,478.79157945902244,-inf,0.3958253037412769,0.9860067106623989,0.1546429563002363,0.8888715807606616,1.442628858340901,0.12648796923067054,0.2850008185618365,764
-1.1997880434835102,-0.4905958628080696,5.0,1.0,0.4219289098950219,946.5578282863504,0.8169608924033013,0.6808160122416276,0.08488083975311979,0.7352435801933753,0.7608608284912742,0.7586162206416128,0.7568230304183109,0.7649419425395717,0.7608608284912743,0.8274509803921568,479.40303860781637,-inf,0.3958699341960576,0.9859151323585339,0.15466413977015445,0.8889674653648765,1.4431321726084638,0.12650710167537482,0.28505613219819337,765
-0.1573579479009497,-1.1754972384349185,5.0,5.0,0.42163076303973274,946.1594789224205,0.8185013820891894,0.6808474580950556,0.08526673827425706,0.7352541642328991,0.7609762379225429,0.7587358518697468,0.7570218352056527,0.7649721702559661,0.7609762379225429,0.8276762402088773,480.0123812191931,-inf,0.39591634044752916,0.985823246202982,0.15468749489321146,0.8890652842098657,1.4436456654822736,0.12652550005718513,0.285112177143846,766
0.2700200754872269,0.7571765696690324,1.0,3.0,0.42117746399037825,945.2435670170737,0.8196354706246964,0.6812103167592823,0.08526351423582654,0.7355337898524547,0.7612069438416715,0.7589719405360572,0.7573296383501275,0.765124154970823,0.7612069438416715,0.8279009126466753,480.6189407834667,-inf,0.39596378815801764,0.9857315996462713,0.1547107891163387,0.8891657208678786,1.444168985394331,0.12654457751740708,0.28516852830512224,767
1.558134486698041,-0.3515914078257087,3.0,4.0,0.42150953182847256,947.7938786538392,0.81982648636618,0.68122835967485,0.0852603206128529,0.735519900974609,0.7613254843705609,0.7590949307605491,0.7574870502682415,0.7652030177985921,0.7613254843705609,0.828125,481.2272414838188,-inf,0.3960115692644557,0.9856401917524686,0.1547335074443316,0.8892641596804474,1.444698239430723,0.12656344780469345,0.2852243602867758,768
-1.0025807674595668,-0.981524056855028,4.0,1.0,0.42052931145642825,948.8877761131004,0.821232522811977,0.6813522672527352,0.0852603206128529,0.7356365864155011,0.7614427884866883,0.7592161558626539,0.7575437247528616,0.7653821966926166,0.7614427884866884,0.8283485045513654,481.8353826211781,-inf,0.396061099757435,0.9855445028989993,0.15475616668694608,0.889362540700839,1.4452277999714,0.12658486806975536,0.2852833681670924,769
1.5025003908469203,0.8917372244781026,1.0,3.0,0.4206523520602304,950.7909276030681,0.8211075809846466,0.6817169826435329,0.0852571569769494,0.735918644702391,0.761671957962484,0.7594506423608453,0.7578490268181393,0.7655336538196634,0.7616719579624838,0.8285714285714286,482.4444157964792,-inf,0.3961102051297505,0.9854490625880062,0.15477876707438493,0.8894597969339483,1.4457621164957475,0.12660575521070563,0.28534222861106745,770
1.9819543293405115,0.2995096045931126,3.0,4.0,0.4208511680232128,953.5599320293813,0.8204735830756142,0.6817394265065666,0.08525402290773662,0.7359093115963907,0.7617908602518815,0.7595739483833,0.7580062630029362,0.7656134388450047,0.7617908602518816,0.8287937743190662,483.0554605646153,-inf,0.39615768562778164,0.9853538698523988,0.1548017659049014,0.8895548013943602,1.4463057861958,0.12662610572832458,0.285400870426674,771
-1.4408713636625168,-0.9013481113026276,4.0,1.0,0.4202904218574286,954.8111812767178,0.821712632900396,0.6818666973484553,0.08525402290773662,0.736029253243085,0.7619079465359986,0.7596949144114652,0.7580633082397251,0.7657917810076471,0.7619079465359986,0.8290155440414507,483.6665431043978,-inf,0.39620676489709744,0.9852557029376308,0.15482470515295543,0.8896495535050146,1.4468500425991506,0.12664721701957876,0.28546196722734213,772
0.978437863680687,1.1504000996917028,1.0,3.0,0.4207180239118761,957.2232181940064,0.8211773041679163,0.6822331857072775,0.08525091799265605,0.7363136536493439,0.7621355945162079,0.7599278148997497,0.7583661439787289,0.7659427042628459,0.7621355945162079,0.8292367399741267,484.2791649350441,-inf,0.3962551849222663,0.9851577900122931,0.1548475850497855,0.8897425440060486,1.4474026429566862,0.1266678205281451,0.28552250338578394,773
-0.8775180475246643,0.1696904979637136,4.0,1.0,0.420727683289815,957.1437066237177,0.8203129891335581,0.682363858809984,0.08525091799265605,0.7364370353525176,0.7622525452227428,0.7600486143953219,0.7584236009943409,0.7661203469059987,0.7622525452227428,0.8294573643410853,484.89010103541705,-inf,0.39630214123891416,0.9850646736685515,0.1548704058254351,0.8898370172270778,1.4479688435337281,0.12668801863082102,0.285579766752213,774
0.7611592785584594,0.1377615364522106,3.0,0.0,0.42024489049752767,956.7413443565451,0.8212472073017781,0.6807772653789491,0.0852478418267892,0.7351300914108847,0.7615603538217413,0.7593528568778253,0.7576473538654446,0.7655139823325905,0.7615603538217411,0.8283870967741935,485.49894134937983,-inf,0.3963500894720181,0.9849733228585128,0.15489345587375175,0.8899333875430417,1.4484995475996814,0.12670913838905135,0.28563711736690345,775
0.7632636859458153,0.1152408610970205,2.0,0.0,0.4198325966640015,956.4948678743968,0.8220880000375583,0.6810335253209863,0.0852478418267892,0.7353545099415993,0.7617223993822522,0.7595192253301777,0.7577242588706257,0.7657629561699274,0.7617223993822521,0.8286082474226805,486.105894862943,-inf,0.3963989026499398,0.984884158826911,0.15491681518442368,0.8900314465001875,1.4489953422203308,0.12673110535977042,0.28569449437274724,776
-0.9047075809676206,-0.922086325191762,5.0,1.0,0.41901130321911884,957.6559870627001,0.8232662059208858,0.6795654988378933,0.08469498910675381,0.7341557507666282,0.7611942498549727,0.7589888688898384,0.7571634501865165,0.765268195564053,0.7611942498549729,0.8275418275418276,486.7127804384897,-inf,0.3964491173715437,0.9847911814488555,0.1549401143681698,0.8901293583180612,1.4494923999905942,0.12675528328625602,0.2857546096789542,777
1.6203169146346992,0.3398911160596693,2.0,4.0,0.4189284051843169,959.9933498179853,0.8231033610991777,0.677788554474523,0.08469498910675381,0.7326537064548128,0.7590442750951002,0.7568222875032843,0.7550702560720124,0.7630603468576824,0.7590442750951003,0.8264781491002571,487.3211102191831,-inf,0.39649868470388644,0.9846984430871956,0.1549632350982758,0.890225601668378,1.4499957125201333,0.12677921748390103,0.28581432518086874,778
-1.302276816567955,-0.7881883805723302,4.0,1.0,0.4186887356081638,961.8437500149099,0.8237336192393311,0.6779265323014014,0.08469498910675381,0.7327839872699263,0.7591627241649612,0.7569445856139327,0.7551288290798471,0.7632399488182066,0.7591627241649613,0.8267008985879333,487.9302535308592,-inf,0.3965489141965124,0.9846035206242806,0.15498629646835588,0.8903208163051097,1.4505012171327083,0.12680348313965117,0.28587552807841715,779
0.6625422150568351,-0.5724236363026189,2.0,0.0,0.4188869325654614,963.525024515264,0.822525760159324,0.6781843384949187,0.08469498910675381,0.7330104482762646,0.7593237857090672,0.7571099406660844,0.7552085323973289,0.7634841341116321,0.7593237857090672,0.8269230769230769,488.53999041673677,-inf,0.3965977479754446,0.9845157625885852,0.15501061282827114,0.8904152260703188,1.4509748268082105,0.12682693085645802,0.28593606485711,780
0.9541162161229816,0.5867136817835692,1.0,3.0,0.41893500661415584,965.1977800341249,0.822439460102813,0.6785583223741755,0.0846919412926461,0.7333005472682786,0.759553808788757,0.7573451873668766,0.7555123478954733,0.7636387401781957,0.7595538087887571,0.8271446862996159,489.1503076889742,-inf,0.39664648387269263,0.9844282292853757,0.15503486691837867,0.8905088468955323,1.451453972310214,0.1268508837828714,0.2859960607172297,781
1.994192178453648,0.7490915952669883,1.0,4.0,0.4183932064095156,965.6789926244064,0.8225518918936064,0.6770179046105199,0.0846919412926461,0.7320015917837907,0.7585940830624898,0.7563797532236542,0.7546345046852887,0.7625954325456004,0.7585940830624899,0.8260869565217391,489.75967940884044,-inf,0.39669465594735576,0.9843409198525068,0.15506268249194666,0.8906032033525352,1.4519355976143151,0.12687502913315063,0.28605684159196243,782
2.0152175973149635,0.6796886693203388,1.0,4.0,0.41801122919634587,966.6762972395267,0.8224938648998585,0.6754898078632507,0.0846919412926461,0.7307137834626855,0.7576654498579031,0.7554456992320628,0.7537865821399051,0.76158444415277,0.7576654498579031,0.8250319284802043,490.36876832050154,-inf,0.39674196162912906,0.9842538334322377,0.15509337412168456,0.8906976336352668,1.4524206579056356,0.12689922784124782,0.286118200343807,783
0.4235604795030959,0.6823598073080085,1.0,3.0,0.4178194312772424,966.6280768461288,0.8232726689615296,0.675854799695234,0.08468892144013569,0.7309982083837413,0.7578901980628772,0.7556755877000063,0.7540878608825207,0.7617310746194482,0.7578901980628772,0.8252551020408163,490.9762419283147,-inf,0.3967899026901036,0.9841669691712042,0.15512398745644865,0.8907934678524858,1.4529155314044262,0.12692401317132845,0.2861795095143442,784
-0.1396238821130432,-0.7338191252359019,4.0,1.0,0.4168028473396608,963.9711133622698,0.8252797370887045,0.6760022214002652,0.08468892144013569,0.7311361555127239,0.7580105600704389,0.7557997774061523,0.7541491349751048,0.7619117315285894,0.7580105600704388,0.8254777070063695,491.5787831658103,-inf,0.39684089049995247,0.9840768587796362,0.15515452279545539,0.8908940349025661,1.4534149314840041,0.1269509101408215,0.286244308614143,785
-0.8458888537637952,-1.6417020088107304,5.0,5.0,0.41735723327365765,967.2130715232776,0.8239022187692445,0.6760434689177868,0.08507089241034195,0.7311538405301684,0.7581284787192051,0.7559218065030896,0.7543491195086525,0.7619458984986691,0.758128478719205,0.8256997455470738,492.18391584819886,-inf,0.3968899103177356,0.9839907049328812,0.1551844688018197,0.8909917891289155,1.453923842008248,0.12697693358612228,0.2863058466195765,786
-0.980669015037568,-1.2664514621100924,5.0,5.0,0.4175280412331609,970.2364994124222,0.8232846880151747,0.6760896548272898,0.08544793472286813,0.7311766638688075,0.7582467595055363,0.7560441772943902,0.7545486300711416,0.7619813173935366,0.7582467595055364,0.8259212198221093,492.7913524219781,-inf,0.3969384415858068,0.9839037201144097,0.15521337536410248,0.8910870347018529,1.4544378160377918,0.1270030277960229,0.28636749236341524,787
-0.3415654535664587,-0.1435437590637484,4.0,1.0,0.4171290487867649,968.9318012415287,0.823515272224216,0.6762408647855723,0.08544793472286813,0.7313181061378923,0.7583669904281872,0.7561681995209021,0.754610270046804,0.7621613025557379,0.7583669904281873,0.8261421319796954,493.3955915702262,-inf,0.39698712952174486,0.9838183451510722,0.15524220855947587,0.8911852608195419,1.4549250032693348,0.1270280811497058,0.2864284303749319,788
-1.0547035205779467,-0.6295934852381276,4.0,1.0,0.41723145141194556,971.0733356612187,0.8233248149170432,0.6763963422493929,0.08544793472286813,0.7314639066191271,0.7584872469862101,0.7562922287902265,0.7546724769651122,0.7623407792659337,0.7584872469862101,0.826362484157161,494.00101329911223,-inf,0.39703558076715467,0.9837317319840665,0.15527096866690157,0.8912820971503936,1.455379495111898,0.12705307297875532,0.28648982017915336,789
-1.080603357186063,0.1443806019254038,4.0,1.0,0.41734027480190217,971.4802247618535,0.8223758725121987,0.6765560434118298,0.08544793472286813,0.731614020196098,0.7586075191697025,0.7564162552054456,0.7547352325163593,0.7625197454791662,0.7586075191697025,0.8265822784810126,494.60541736425483,-inf,0.3970824624918337,0.9836497672469693,0.15529965596392872,0.8913797389197268,1.4558100305499966,0.12707775329948054,0.28654793691428293,790
0.4563876832995258,-1.2456788236865184,2.0,0.0,0.4171494712806208,970.7872979853217,0.8217716017231246,0.6768175487472845,0.08544793472286813,0.7318422819271788,0.7587691667400948,0.7565821177972735,0.7548171386773728,0.7627627962185377,0.7587691667400948,0.8268015170670038,495.20741721333343,-inf,0.3971280897855165,0.9835662180470073,0.1553279238143948,0.8914795704020595,1.4562481248578698,0.1271015954608503,0.28660656216815944,791
-0.9520459999638058,-0.961789750299406,5.0,1.0,0.4162622535304445,971.9115340466793,0.823012749457433,0.6753617273712736,0.08490439224384179,0.730655421864497,0.7582466846148417,0.756057487732541,0.7542586220763501,0.762277144239581,0.7582466846148417,0.8257575757575758,495.8093163507492,-inf,0.3971752160091544,0.9834788330200321,0.1553561202814001,0.8915792915202929,1.4566510613532544,0.12712771611470794,0.28666800208038773,792
1.4545658844240608,-0.1586711527077789,3.0,4.0,0.4165479606666876,974.3611796028227,0.8230576654003358,0.6753702555079321,0.08490139996989313,0.7306349057464472,0.7583560119060833,0.7561709595767604,0.7543995536362303,0.7623541883611995,0.7583560119060833,0.8259773013871374,496.41278654400537,-inf,0.3972226305699328,0.9833916683840456,0.15538348663154805,0.891677237480415,1.4570598836319515,0.12715385131386472,0.28672885016758093,793
1.4325028885168496,0.4068844014164346,1.0,4.0,0.4160202139589489,975.8925527325438,0.8234922866945257,0.6738774432594181,0.08490139996989313,0.7293769667466905,0.7574618006231969,0.7552716694228208,0.7535836253241395,0.7613800989963222,0.757461800623197,0.8249370277078085,497.01666534273147,-inf,0.3972702178993148,0.9833047233063361,0.15541115536154074,0.8917745698402114,1.4574693959469454,0.12718047918439146,0.2867894678403039,794
1.0482983733239943,0.2130737010590125,3.0,0.0,0.4150251293802731,974.4434160846849,0.8254842256366021,0.6723647035975713,0.08489843489843489,0.7281307347607912,0.7567991952663037,0.7546058476228181,0.752837815395752,0.7608024846688807,0.7567991952663037,0.8238993710691824,497.6172021361176,-inf,0.39732026692925754,0.9832155038811468,0.1554382709172597,0.8918750189147697,1.4578824699959232,0.12720955640956755,0.28685068747931525,795
-1.367175235089177,-0.333124453206351,4.0,1.0,0.41529440442465043,976.4165427347826,0.8249506621002335,0.6725302658553887,0.08489843489843489,0.728286289444323,0.756919299286847,0.7547296699459906,0.7528999606798149,0.7609817825082857,0.756919299286847,0.8241206030150754,498.2187088454123,-inf,0.39736940174430113,0.9831276543342778,0.1554653183434417,0.8919742928991918,1.4582668686514342,0.12723752055999496,0.28691064987987874,796
-0.6364111787961555,-0.4042511361869698,5.0,1.0,0.41535575671961666,977.3950969762527,0.8248249503202358,0.6711017242505865,0.08436181652742161,0.7271228370740106,0.7564091131676703,0.7542174582293589,0.7523528601930063,0.7605093411865501,0.7564091131676705,0.823086574654956,498.819933924623,-inf,0.3974181399750916,0.9830397852130562,0.15549229789653418,0.8920736385984513,1.4586233613634036,0.1272649895067158,0.2869703652402382,797
-0.6916898126869256,-0.0684239856123985,4.0,1.0,0.4155057000420211,977.8493296616348,0.8242425485205377,0.6712663530532752,0.08436181652742161,0.7272788332300355,0.7565273057468662,0.7543393291879393,0.7524122137078602,0.760687657835655,0.7565273057468661,0.8233082706766918,499.42022138795255,-inf,0.39746580163634526,0.9829544068424042,0.1555192098316991,0.8921737078184125,1.4589557686020649,0.12729149139143137,0.2870281705777693,798
1.45788854424099,0.0820781729703976,3.0,4.0,0.4156595167627211,980.306957643457,0.8240891181443857,0.6712720979809643,0.08435887828918927,0.7272569991162983,0.7566324932411586,0.7544485721517509,0.7525483721064173,0.7607611857643706,0.7566324932411587,0.8235294117647058,500.02208213420477,-inf,0.3975134022172883,0.9828692421848201,0.15554528715183863,0.8922720090080783,1.4592920667888991,0.1273180440616284,0.2870853960005531,799
-1.0850169602040516,-0.6571985645928189,4.0,1.0,0.41572365022094454,982.4297498790436,0.8240334615788801,0.6714407020120156,0.08435887828918927,0.7274169128964604,0.7567506260896953,0.7545703571744614,0.7526082325039213,0.7609388719341222,0.7567506260896953,0.82375,500.62509171888576,-inf,0.39756089573977527,0.9827827332983656,0.1555712992786778,0.8923689694184479,1.4595979992629982,0.12734461865592592,0.28714320243231595,800
-0.1688246868831677,-0.9483602891341384,4.0,5.0,0.4151032146489837,981.1853426207524,0.826549416838859,0.6698301179662012,0.08382905255578375,0.7260601838945313,0.7555902835020091,0.7534026043737723,0.7515228842356051,0.7597019495832936,0.7555902835020091,0.8227215980024969,501.2250420945434,-inf,0.3976115325005542,0.9826932764013221,0.15559982699376898,0.8924687501889168,1.4599113855991155,0.1273717463789369,0.28720381844623855,801
-1.5922182862606689,-0.1050556229466974,4.0,1.0,0.41516020443911517,981.982419695139,0.8261246661835786,0.6699983820411299,0.08382905255578375,0.726220849990478,0.7557066187012997,0.7535225578545334,0.7515834796224766,0.759875245881474,0.7557066187012998,0.8229426433915212,501.8244901962899,-inf,0.3976614492490499,0.9826070523963905,0.15562828356742595,0.8925688217870817,1.460199760748693,0.12739801310140542,0.287262391182222,802
-1.0477901789308397,-0.55429670461659,4.0,1.0,0.4153794125763389,984.1582969960845,0.8256538225479669,0.6701707181263077,0.08382905255578375,0.7263856629803767,0.7558229721492394,0.7536425124788161,0.7516445853614185,0.7600480738686037,0.7558229721492397,0.8231631382316313,502.4251549619185,-inf,0.39771087874906946,0.9825201952207501,0.15565666926543253,0.8926674843825699,1.4604597102058536,0.1274239437059341,0.28732095313239236,803
0.488161226464633,0.2885704717191317,3.0,0.0,0.41475135015509335,982.7220587810145,0.8265364338622413,0.6687006462459815,0.0838261407881661,0.7251749134018689,0.7551808909355602,0.7529974207059356,0.7509238900421239,0.7594864330375866,0.7551808909355603,0.822139303482587,503.0225391706487,-inf,0.3977612715963092,0.9824326511051509,0.15568480785706382,0.8927691868302144,1.460726352053103,0.12745027296404707,0.2873798999231135,804
1.4808390256629913,-0.5188455163758781,3.0,4.0,0.4147834772372227,984.3429346660174,0.8275380175885055,0.668709201577963,0.08382325513505624,0.7251558752256023,0.7552856528374602,0.7531061874684168,0.7510614560545166,0.7595576346987177,0.7552856528374601,0.822360248447205,503.6204527054255,-inf,0.3978129299739671,0.9823453244904602,0.1557133392425561,0.8928701577492435,1.4610022960516245,0.12747673184065678,0.2874386611112312,805
-0.7947043613991134,-0.2096989872943768,4.0,1.0,0.4150428049567748,985.6176030505201,0.8268582832649615,0.6688892014978592,0.08382325513505624,0.7253275147290812,0.7554027558369032,0.7532268747080314,0.7511240332250962,0.7597305045774913,0.7554027558369032,0.8225806451612904,504.21846405821105,-inf,0.397863502061901,0.9822594974421982,0.15574179983056577,0.8929708257644442,1.4612539759200809,0.1275022967405601,0.2874959899676908,806
-0.7077316436320404,1.6231280413694422,6.0,2.0,0.41554691537172084,988.8673278593325,0.8266342051657835,0.6697567251663511,0.08382325513505624,0.7260571063912842,0.7556923019907573,0.7535216102778725,0.7514169776289407,0.7600165552225382,0.7556923019907574,0.8228004956629492,504.81902027109965,-inf,0.39791380601908205,0.9821738831003757,0.15577018988428049,0.8930687816101615,1.4615116711123333,0.12752769698094563,0.28755273889687505,807
1.437120688703463,1.2122895489651844,1.0,3.0,0.41580996652889096,990.8476459139813,0.826417715530784,0.6701136974598386,0.08382039524670627,0.7263323119194314,0.755914417755787,0.753748652795205,0.7517148545429735,0.7601611675114925,0.7559144177557869,0.823019801980198,505.4205408473904,-inf,0.39796355737310624,0.9820884806752408,0.15579850966558506,0.8931655895366503,1.4617744130425803,0.1275523682245312,0.287609445875847,808
0.4806662065891501,-1.2100859585946784,2.0,0.0,0.4156816211181589,990.375376183932,0.8257951004625553,0.6703713182481907,0.08382039524670627,0.7265562452298976,0.7560740867151269,0.7539124085348733,0.7517946850733784,0.760402486093289,0.7560740867151269,0.823238566131026,506.01999058204615,-inf,0.39801203191599627,0.9820023347500644,0.15582657267082828,0.8932642283833233,1.4620444725939516,0.12757615392600333,0.287666544945782,809
-0.6135372107349806,-0.2817088585375736,4.0,1.0,0.4157766562134915,991.0806691220279,0.8255603412301792,0.6705504911490373,0.08382039524670627,0.7267271870750417,0.7561906141758936,0.7540324743395413,0.7518573241512518,0.7605741431268586,0.7561906141758936,0.8234567901234567,506.6188309259227,-inf,0.39805994082080376,0.981916959664434,0.15585456638470058,0.8933632636758551,1.4622900822981248,0.1275992084892916,0.28772289894651676,810
0.8631348687474583,0.5673069873882627,1.0,3.0,0.41579713017924036,992.5059732511935,0.8256128329460882,0.6709083215625373,0.0838175607795861,0.7270036912242495,0.7564113185322309,0.7542580495162159,0.7521530066516768,0.7607181217851635,0.7564113185322309,0.8236744759556104,507.21795193988726,-inf,0.3981078696787167,0.9818317951215548,0.15588249106352015,0.893461821785317,1.462541013069218,0.12762288291424642,0.28777879537784173,811
1.5245355406054677,-0.2944437850966271,3.0,4.0,0.4161184347365953,995.0023262398465,0.8257464632085942,0.6709181881510907,0.08381475139624574,0.7269861570878567,0.7565158347335088,0.7543664904496953,0.7522898465605744,0.7607895701029895,0.7565158347335089,0.8238916256157636,507.8186716126704,-inf,0.398156087810121,0.9817468403435597,0.15590977454474633,0.8935586151438379,1.4627995693560139,0.1276463842697502,0.28783419049251946,812
1.7482785693442895,0.046706792278931,3.0,4.0,0.4165381445465129,998.2439161484963,0.8248356925800104,0.6709328607716033,0.08381196676518152,0.7269735759397545,0.7566211093950058,0.7544756730184893,0.7524271065159746,0.7608621287988709,0.7566211093950057,0.8241082410824109,508.42190069574036,-inf,0.398203280716838,0.9816620945564085,0.1559360923173674,0.8936527663961049,1.4630647402653287,0.1276692773367909,0.2878889811419092,813
-0.4415689858688498,-1.5887784517634005,5.0,5.0,0.4168827559399809,1000.2559282277836,0.8241817054594677,0.6709722206558215,0.08418727810299584,0.7269888158063701,0.7567334667435127,0.7545918717984336,0.7526188981914893,0.7608932713047318,0.7567334667435127,0.8243243243243243,509.0261194027822,-inf,0.398249212122541,0.9815811986279851,0.1559626572027394,0.8937457628937537,1.4633411269606411,0.12769141963440164,0.2879409163621029,814
-1.054656109797236,-0.7410041563240678,5.0,1.0,0.4167696151741459,1002.2027446853155,0.8244579779766229,0.6695600028671834,0.08366504090623035,0.7258399660790622,0.7562286601422687,0.7540850706007239,0.7520713015511538,0.7604322369664245,0.7562286601422686,0.8233128834355828,509.6312440963803,-inf,0.3982953981205414,0.9814984061009323,0.1559891568982087,0.8938376899030984,1.4635882285830668,0.12771403654088143,0.28799392129281715,815
1.897470177978384,0.3364835620753438,3.0,4.0,0.41690042763236435,1004.9539331217045,0.8239026220875657,0.6695826997919908,0.0836622807017544,0.7258346927955259,0.7563353389016225,0.7541956382874899,0.7522095035596097,0.7605066839051682,0.7563353389016226,0.8235294117647058,510.2382571956761,-inf,0.3983402929865329,0.98141581649674,0.1560157457492267,0.89392760512835,1.4638407650476006,0.12773617240747748,0.28804666589945116,816
-0.6899577666234178,-0.2438648378670677,4.0,1.0,0.4170794894163459,1005.9372127098904,0.8234618730334774,0.66975887834379,0.0836622807017544,0.7260033108944006,0.7564495949387242,0.7543133545329663,0.7522690685811371,0.7606768451789537,0.7564495949387242,0.8237454100367197,510.84498786338025,-inf,0.39838440167341443,0.9813343229298751,0.1560422695112581,0.8940176031733503,1.464069728388955,0.12775751700378885,0.28809837073943934,817
-0.0331812231851813,-1.0009969719019896,5.0,5.0,0.4163734261783218,1003.9652236390772,0.8259596616490111,0.6697976074899279,0.0840338423698999,0.7260188551120512,0.7565599656881584,0.7544275071850349,0.7524596233040971,0.7607052405213661,0.7565599656881584,0.823960880195599,511.4478243374336,-inf,0.398431812097111,0.9812509035681432,0.15607199732563007,0.894111165450726,1.4643072588782946,0.12777880024754346,0.28815235904137493,818
-1.0052674471720775,-1.18902768627545,5.0,5.0,0.4163474699183312,1006.7342357009962,0.8258399104586295,0.6698409894497803,0.08440081685695722,0.7260392414313077,0.7566707215358872,0.7545420272640343,0.7526497782869997,0.7607348583777919,0.7566707215358872,0.8241758241758241,512.0525696504538,-inf,0.39847919139451904,0.9811658401513198,0.15610091026328812,0.8942026951963171,1.4645488820941235,0.12780059939849558,0.28820714875490994,819
-0.3654894544450733,-1.043130979473511,5.0,5.0,0.4160131948160198,1007.2884460401687,0.82715217763315,0.6698889916913935,0.08476328858957209,0.726064435818854,0.7567818409314379,0.7546568932810216,0.7528395252376101,0.7607656625965303,0.7567818409314379,0.824390243902439,512.656515841173,-inf,0.3985278204230361,0.9810788125401073,0.15613044567690398,0.8942948042991048,1.464797336630074,0.1278227858173843,0.28826344605662857,820
0.4690683911957795,-1.317877103201007,2.0,0.0,0.4157488549514516,1006.1271045325009,0.826660882054564,0.6701468955516833,0.08476328858957209,0.7262872916227335,0.756940319473543,0.7548193480934485,0.7529195592050589,0.7610042538348673,0.7569403194735429,0.8246041412911084,513.2575762415278,-inf,0.39857544613772944,0.9809888806519593,0.15615929150423127,0.8943895051266045,1.4650530145857772,0.12784423270666317,0.2883204247029553,821
-0.6914813534341774,1.479642671145586,6.0,2.0,0.4162623858449047,1009.2408367183724,0.8263834776541573,0.6709883220984406,0.08476328858957209,0.7269937228449627,0.7572246193991663,0.7551086466295632,0.7532070287419159,0.7612852993843455,0.7572246193991663,0.8248175182481752,513.8609622031786,-inf,0.3986228194203882,0.9808991675761911,0.15618806714706385,0.8944817736409977,1.465314899212613,0.12786554022904237,0.28837678129215766,822
-0.3807755949117508,-1.056184343098984,5.0,5.0,0.4159717082525975,1009.9583300254769,0.8275417049642062,0.6710385216723348,0.08512133993520386,0.7270213568827741,0.7573356614604049,0.7552233973712329,0.7533958752371256,0.7613168694980177,0.7573356614604049,0.8250303766707169,514.4637536586126,-inf,0.39867125261463615,0.9808076900860759,0.156217310450954,0.8945744241216673,1.4655835732820446,0.12788717238945468,0.28843446906368464,823
-0.5094769171804342,0.0100827566014923,4.0,1.0,0.4158624961725116,1009.2101873995543,0.827298991188285,0.6712137609584997,0.08512133993520386,0.7271884719372851,0.7574492852214212,0.7553404177920973,0.75345536477311,0.7614857733045807,0.7574492852214213,0.8252427184466019,515.0641740879099,-inf,0.3987191426852693,0.9807187471756482,0.15624648277595118,0.8946691660667506,1.4658314650419546,0.12790792554366545,0.2884905701690017,824
1.497073755891595,-0.4545962125901604,3.0,4.0,0.4159982105982463,1011.1402461518328,0.8280224319454786,0.6712388291774196,0.08511860383731722,0.7271854034177349,0.7575557449675688,0.7554506772632886,0.7535926413129661,0.7615607524954533,0.757555744967569,0.8254545454545454,515.6654784176843,-inf,0.39876791509945314,0.9806300198843975,0.1562756547962881,0.8947628664627278,1.4660877782986583,0.12792870368155845,0.2885463857740548,825
-1.2287646091054223,-0.304194500129535,4.0,1.0,0.4163350062858717,1013.2124380670593,0.8272915797221817,0.6714176089913284,0.08511860383731722,0.7273560030007613,0.7576692930659784,0.7555675987260354,0.7536525485014515,0.7617290831649153,0.7576692930659783,0.8256658595641646,516.2678355116909,-inf,0.3988156494591762,0.980542576976377,0.15630475618219322,0.8948553672253503,1.46631975307134,0.12794858975461781,0.2886009077281075,826
0.867496530231293,0.2134300338629205,3.0,0.0,0.4156113012824687,1012.2143254146151,0.8287073313035466,0.6699761357855983,0.08511589153158612,0.7261684825540476,0.7570376773973799,0.7549330453543968,0.7529519775037097,0.7611679591987156,0.7570376773973798,0.8246674727932285,516.8675289698565,-inf,0.39886497099463997,0.9804548289150664,0.15633368464266556,0.8949502357712924,1.4665561198644965,0.127969902720862,0.28865575931875787,827
1.2178814244840108,0.6096630059555778,1.0,3.0,0.4155467140411862,1014.0752367913456,0.8285897013749134,0.6703288563652915,0.08511320270902152,0.7264402034144722,0.7572555425279504,0.7551556014144633,0.7532425859282399,0.7613114868047116,0.7572555425279504,0.8248792270531401,517.4680213706071,-inf,0.39891408393693595,0.9803672928055949,0.15636254322762946,0.8950441471918776,1.4667951775493642,0.12799156739838335,0.28871021192128027,828
-1.3126556301883552,-0.3546004931068492,4.0,1.0,0.41583539420422444,1016.1477058540156,0.828049910711799,0.6705138475283327,0.08511320270902152,0.7266163270919296,0.7573696533671608,0.7552730682963165,0.7533036712147964,0.7614797662702995,0.7573696533671609,0.8250904704463209,518.0695650189585,-inf,0.398962356527714,0.980280793850081,0.1563913321899517,0.8951368634782851,1.4670096456191999,0.1280123383819674,0.288763620034801,829
0.2842830732588242,-0.2555516762171335,2.0,0.0,0.41609389221503373,1016.8190994442141,0.8270610586418163,0.6707627891868589,0.08511320270902152,0.7268316439635145,0.7575248220932179,0.7554321084046636,0.7533804000351212,0.7617150941497143,0.7575248220932179,0.8253012048192772,518.670468072483,-inf,0.39900925440148693,0.9801993161787941,0.15642100638922166,0.8952300050422616,1.4672317306737084,0.12803241683534713,0.2888166392676495,830
0.777518599566595,-0.9098450480883884,2.0,0.0,0.41612085960361955,1017.822539578499,0.8266165235740949,0.6710151760452827,0.08511320270902152,0.7270506407715012,0.7576796175376206,0.7555907536967651,0.7534574787541615,0.7619493420527071,0.7576796175376205,0.825511432009627,519.2711324184589,-inf,0.39905521498589047,0.9801213999685976,0.15645127667571096,0.8953231875221779,1.4674591206758703,0.12805163393684738,0.288869462698327,831
1.1742486209688934,-0.818524342302296,2.0,0.0,0.4155436332085911,1018.0332251713425,0.8274227646693518,0.6712709711189231,0.08511320270902152,0.727273278033913,0.7578340372371815,0.7557490019002322,0.7535348937833,0.7621825179909153,0.7578340372371815,0.8257211538461539,519.8706060876331,-inf,0.39910179319769534,0.9800439574987679,0.15648153101153978,0.8954173208219137,1.4676897450544457,0.12807104291945962,0.2889225013772028,832
1.1339370337656332,0.1724161970126993,3.0,0.0,0.41445522403127155,1016.5540098608727,0.829479394006341,0.6698327772869073,0.08511053706596179,0.726090291594985,0.7572124703242611,0.7551245723411856,0.7528415005335328,0.7616344918962599,0.7572124703242612,0.8247298919567827,520.4668646755961,-inf,0.3991508286207441,0.9799640577245283,0.15651118843289363,0.8955143460365261,1.4679234118067765,0.12809301546548726,0.28897615020788275,833
1.5487612268941766,0.09482319829804,3.0,4.0,0.41469647881949284,1019.2983185688827,0.8290043477070658,0.6698503247492902,0.08510789430395836,0.7260813704469065,0.7573139261212289,0.75522970618546,0.7529776556792074,0.7617004295365195,0.7573139261212289,0.8249400479616307,521.0649839248686,-inf,0.39919944850560707,0.979884349556462,0.15653994630969195,0.8956093986507175,1.4681613903418935,0.12811479686627356,0.2890292349668286,834
-1.4951599836497391,-0.1297761915503725,4.0,1.0,0.4148462758129421,1020.5196494708078,0.8284875926050432,0.6700395153278794,0.08510789430395836,0.7262607866599243,0.7574283714802869,0.7553474700784681,0.7530401475166637,0.7618680386018023,0.7574283714802867,0.8251497005988024,521.6631332249235,-inf,0.3992471952431632,0.9798073297192863,0.15656863530534826,0.8957042346967113,1.468376920615436,0.12813581608273342,0.2890804608520319,835
-1.185033141455211,-0.5486434765240277,4.0,1.0,0.4150625630295404,1022.7599070377042,0.8281674118974293,0.6702323024128528,0.08510789430395836,0.7264438771035296,0.7575427831346362,0.7554651850238212,0.7531030410813048,0.7620351825294608,0.7575427831346362,0.8253588516746412,522.2625312797236,-inf,0.399294525208697,0.9797298942420413,0.15659725566704366,0.8957976932586122,1.468566816297888,0.1281563946975942,0.28913160732969156,836
0.1195069518240281,0.4301278760870465,1.0,0.0,0.4142893685257868,1019.0164113147181,0.8291079926040698,0.6681583772244718,0.08510789430395836,0.724738549907807,0.7561198765332937,0.754032477768558,0.7516404928868301,0.7606529698217717,0.7561198765332937,0.8243727598566308,522.856024565309,-inf,0.39934318527796775,0.9796463334407117,0.15662456294082394,0.8958966096542742,1.4687647974699738,0.12817710260774537,0.28918386665709483,837
-1.2678249415725231,-0.9876291169493,5.0,1.0,0.41352797361788335,1020.1622318072727,0.8303571285188155,0.6667612930068966,0.08459580476747859,0.7236035315657379,0.7556164168660289,0.7535270175362041,0.7510948993263402,0.7601927022861711,0.755616416866029,0.8233890214797136,523.4494687266955,-inf,0.3993933424310383,0.979559695758383,0.15665180504211307,0.8959953820431262,1.46893338746556,0.12819922489945104,0.2892385914730096,838
0.758100287412776,1.185386851337529,1.0,3.0,0.41380796920953417,1022.0249914172823,0.8301661561856309,0.6671098602397834,0.08459318459318459,0.7238710410287738,0.7558319774151587,0.7537471702851724,0.7513837193123513,0.760333217338155,0.7558319774151586,0.8235995232419547,524.0437184557666,-inf,0.3994431243474814,0.9794732646021147,0.1566789822039474,0.8960931924040878,1.4691116399181996,0.1282210352622444,0.289292959049163,839
-0.3235941591735327,1.2143942979782991,6.0,2.0,0.41407113582487004,1023.6895329358362,0.8302301436677824,0.6679299660962823,0.08459318459318459,0.7245571008041689,0.7561139918137088,0.7540340369334521,0.7516691834341281,0.7606116794145532,0.7561139918137085,0.8238095238095238,524.6385349015762,-inf,0.39949282815075987,0.9793870392343138,0.15670609465825358,0.8961902721288469,1.4692964267434707,0.1282428786501501,0.2893469553612225,840
-0.6883803632898526,-1.0545635944459224,5.0,5.0,0.4138054911355116,1025.595365399267,0.8307213231686571,0.6679846147767808,0.08494785000809098,0.7245866941608535,0.7562252167985852,0.7541488627512466,0.7518579740859297,0.7606434910708594,0.7562252167985853,0.8240190249702735,525.2342029521085,-inf,0.39954297568852964,0.9792985435869882,0.15673268513712704,0.8962863520603409,1.4694859814035994,0.128265563015661,0.28940233911352653,841
0.7448190031951769,-0.1839272803941642,2.0,0.0,0.41377581407133196,1026.704292672371,0.8304955665446451,0.6682323316803132,0.08494785000809098,0.7248028917908781,0.7563764613397241,0.7543038475197955,0.7519311106430017,0.7608746856666234,0.7563764613397241,0.8242280285035629,525.8297731299235,-inf,0.39959277487690875,0.9792151963964881,0.15676018960874424,0.8963823386344179,1.469680655007385,0.1282882137014055,0.2894572879342851,842
-0.1951560652493354,1.8437441734589817,6.0,2.0,0.4139197763272031,1028.690385948282,0.8306642651015684,0.6690487912636646,0.08494785000809098,0.7254863169836776,0.7566563436075501,0.7545885274884114,0.7522144268510897,0.7611510320939282,0.7566563436075502,0.8244365361803084,526.4262863123889,-inf,0.3996425622892042,0.9791320469454672,0.15678762882657352,0.8964772434259548,1.4698798199583536,0.1283107471833175,0.289512197177797,843
-0.7056912871976073,1.259899322289184,6.0,2.0,0.4143684860662246,1031.2040906329003,0.8304927072402948,0.6698657664427309,0.08494785000809098,0.726170877697212,0.7569347032019212,0.7548716526055356,0.7524962054984061,0.7614258713389037,0.7569347032019211,0.8246445497630331,527.0243642795934,-inf,0.39969213298523565,0.97904909453106,0.1568150030225596,0.8965704821014521,1.4700856118418348,0.1283331732170204,0.2895665779358576,844
-0.8382335897751858,-0.2594004595718489,5.0,1.0,0.4146490600485213,1032.7318905786562,0.8298073693281877,0.6684854116855732,0.08444283593984192,0.7250494257230974,0.75644063362987,0.7543756505878552,0.7519621256911094,0.7609728070480639,0.7564406336298701,0.8236686390532545,527.6228347249178,-inf,0.3997407515425873,0.9789671813841684,0.15684231242754926,0.8966631679296939,1.4702693579391946,0.12835485565964275,0.2896198324285239,845
-1.4438431497793394,-0.313438513278098,4.0,1.0,0.4148564434613857,1034.5257792184007,0.829409331614161,0.6686682867065024,0.08444283593984192,0.7252241382212025,0.7565522412417298,0.7544904822280307,0.7520206126912359,0.7611388155044825,0.7565522412417298,0.8238770685579196,528.2220107822387,-inf,0.39978866311496003,0.9788866820927672,0.1568695572712978,0.8967550075417435,1.470430250166917,0.1283756227770278,0.28967193982543016,846
-0.0270772642529233,1.5986719455303715,6.0,2.0,0.41484498079642257,1035.7224901323386,0.82967476314349,0.6694847211865458,0.08444283593984192,0.7259084099309849,0.7568293105559613,0.7547722786686764,0.7523011508968797,0.7614123110026572,0.7568293105559613,0.8240850059031877,528.8211849018963,-inf,0.3998366401421316,0.9788063728823375,0.15689673778247554,0.8968466690220304,1.4705962213240547,0.12839639614967668,0.28972406400486955,847
-1.4360261463379227,-0.911506424870558,4.0,1.0,0.41433780210688836,1036.9235780217978,0.8307510202098466,0.66966869220499,0.08444283593984192,0.726084418454978,0.7569406592253914,0.754886827679046,0.7523598565427546,0.7615775847777688,0.7569406592253914,0.8242924528301887,529.4203622522737,-inf,0.3998858977298398,0.9787237473943202,0.15692385418867405,0.8969381480610266,1.47073434408631,0.12841775273426684,0.289778143065793,848
-0.3843791419280788,0.7391236835861916,6.0,2.0,0.4141599632596621,1035.882715587432,0.831081213833226,0.6704831550204537,0.08444283593984192,0.7267674577879932,0.7572160011353832,0.7551668562273477,0.7526386918789814,0.761849326543709,0.7572160011353832,0.8244994110718492,530.0169021266379,-inf,0.39993528822519636,0.9786413165482063,0.15695090671641274,0.8970319293136596,1.4708803260205303,0.12843936465968103,0.28983253851467033,849
-1.1749495882499013,-0.0707735889206772,4.0,1.0,0.4144467729746689,1037.351494454799,0.8302332543870053,0.6706681777762549,0.08444283593984192,0.726944714464579,0.7573270883430606,0.7552811203533297,0.7526976068382921,0.7620138697066979,0.7573270883430606,0.8247058823529412,530.6137663529063,-inf,0.39998338970456676,0.9785614669079267,0.15697789559114497,0.8971252241276984,1.471006507063205,0.1284603028563049,0.28988483732071374,850
-0.3028135224300976,-0.6277082873302423,5.0,1.0,0.41381624493370206,1036.2035059456052,0.8314198936125692,0.6692894213892303,0.08394383394383395,0.7258260822980294,0.7568376638965064,0.7547897869307144,0.7521650257977776,0.7615687201066729,0.7568376638965064,0.8237367802585194,531.2078788553654,-inf,0.4000329003783944,0.9784797213404179,0.15700482103726446,0.8972209315653844,1.471109167273313,0.12848218339794332,0.28993897724416945,851
0.5270808656626857,-0.7716564146678605,2.0,0.0,0.4140559920786829,1037.5211562096608,0.8302742986965491,0.6695339033056922,0.08394383394383395,0.7260384995705587,0.7569882395630317,0.754944029133458,0.7522392009399427,0.7617976224394116,0.7569882395630317,0.823943661971831,531.8021432654057,-inf,0.4000808342760758,0.9784030163730388,0.15703264284374982,0.897316313184757,1.4712182300195662,0.12850313698706264,0.2899926964599398,852
-0.5088712956235513,-1.752804605834402,4.0,5.0,0.41449547194299713,1039.6665708896205,0.8292360025189183,0.6679902607996314,0.08345073729689113,0.7247400423551689,0.7558852325805923,0.7538343466854921,0.7512167745531387,0.7606120779886658,0.7558852325805921,0.8229777256740914,532.3975294642618,-inf,0.4001271500405384,0.9783314831462702,0.15706095884712196,0.8974104571580966,1.4713386316283568,0.12852389798051664,0.2900426599337146,853
-1.6725630280587351,-0.8970418174501359,4.0,1.0,0.41395750795600156,1040.1355894022563,0.8304820599617365,0.6681698052548694,0.08345073729689113,0.7249138141826438,0.755993101686211,0.753945342427102,0.7512735642488231,0.7607723107155346,0.7559931016862109,0.8231850117096019,532.9920705180532,-inf,0.4001751587171856,0.978258049806541,0.15708920853666886,0.8975052153917875,1.4714320875337652,0.12854471049203442,0.29009463704757743,854
0.6217824488133945,-1.662893489321123,1.0,0.0,0.4133843432212969,1036.2886870702682,0.8307186107233543,0.666176904777644,0.08345073729689113,0.7232753727313358,0.7546420394410001,0.7525852584792082,0.7498836541198096,0.7594611990556228,0.7546420394410001,0.8222222222222222,533.5807215315647,-inf,0.40022368894596244,0.9781734532303339,0.1571151491308222,0.8976053540060535,1.4715318065813194,0.1285650083207932,0.2901483972852083,855
-0.4568108193005935,-1.7687238043771516,5.0,5.0,0.4138032868496624,1038.1932914342067,0.8297541340661961,0.6662177196801012,0.08380377792142499,0.7232931076228182,0.7547474719287531,0.7526941510105226,0.7500660225228839,0.759487725794307,0.7547474719287531,0.822429906542056,534.1702221973386,-inf,0.40027070375406354,0.9780941664529632,0.15714180227980318,0.8977045019657635,1.4716431672522954,0.12858519632322957,0.2901983505775523,856
1.8457322381571075,-0.0291339101342249,3.0,4.0,0.41426830235167583,1041.5619679596794,0.828912797362003,0.6662501097721292,0.08380118004648669,0.7232942780268342,0.7548545297373105,0.7528048190997784,0.7502068762164718,0.7595601281741056,0.7548545297373105,0.822637106184364,534.7622779100135,-inf,0.40031665315861187,0.978015064708912,0.15716769198527622,0.8978010551091269,1.4717619842856193,0.12860476161963963,0.29024780284388396,857
-0.3201997744624747,1.5518970366284848,6.0,2.0,0.414614921786662,1044.1081536117165,0.8288947769496687,0.667061242731182,0.08380118004648669,0.7239737861145209,0.7551300253282324,0.7530849546725636,0.7504858684019473,0.7598320181015186,0.7551300253282325,0.8228438228438228,535.355921121787,-inf,0.4003624846451217,0.9779361473512106,0.1571935213417854,0.8978959360510469,1.4718861424248146,0.12862424759375177,0.2902968382953449,858
-1.2518558149785226,-0.9628473122500588,4.0,1.0,0.4139653601464939,1045.3959762149805,0.8299739504720981,0.6672462425104309,0.08380118004648669,0.7241519483978913,0.7552390399223783,0.7531970806275021,0.7505444429371049,0.7599927352395043,0.7552390399223782,0.8230500582072177,535.9496813721865,-inf,0.4004095393633721,0.9778545275143676,0.15721929056009554,0.8979905281009045,1.4719835153009553,0.12864491860990646,0.29034797498427223,859
-0.8634333294963529,-0.9893039274279511,5.0,1.0,0.41302890634361844,1046.1811160380103,0.8312398087671955,0.6658894025335514,0.08331466965285554,0.7230522420065906,0.7547586647074344,0.7527148820728067,0.7500208912666448,0.7595566743098635,0.7547586647074344,0.8220930232558139,536.5429737380771,-inf,0.4004580295091659,0.9777696217644173,0.15724499984999096,0.898085379465006,1.4720546085337272,0.12866775188841867,0.2904016470262886,860
-0.3119723199997104,1.588600174515738,6.0,2.0,0.4133702741166704,1048.740961902059,0.831233000872086,0.6666999106512947,0.08331466965285554,0.7237313668407824,0.7550329029182132,0.7529937235651549,0.7502986746808696,0.7598272545080321,0.7550329029182133,0.8222996515679443,537.1378610646323,-inf,0.4005064007718181,0.977684913240367,0.15727064942028154,0.8981785624621875,1.472130965165684,0.12869049226252982,0.29045491226990827,861
1.0261564868862998,0.2995900930949833,3.0,0.0,0.41238647114789495,1046.8481831783986,0.8332505387627239,0.6653368465757186,0.08331209379380655,0.7226100804812637,0.7544357726330502,0.7523939876352425,0.7496320775245982,0.75930142963028,0.7544357726330502,0.8213457076566125,537.7291723431865,-inf,0.4005571649935029,0.9775972497529106,0.15729561488274071,0.8982749111199254,1.4722107993127398,0.12871548632662516,0.29050885127609194,862
0.6996729649806274,1.0795932496961242,1.0,3.0,0.412648964573015,1048.6388464411002,0.8330865007504046,0.6656696303185563,0.08330953967196472,0.722862374237489,0.7546481398458262,0.7526107575259627,0.7499170322341091,0.7594393220738076,0.7546481398458262,0.8215527230590962,538.3211881880277,-inf,0.40060764435455787,0.9775097894253322,0.15732052248781292,0.8983704209433188,1.4722996508452502,0.1287402021483546,0.2905624012963359,863
-1.0949131542115274,1.458932205427772,6.0,2.0,0.41293996011418743,1051.0283870149906,0.8329522480673098,0.666479849178331,0.08330953967196472,0.7235416844790633,0.7549210716009396,0.7528882538854424,0.7501934847635533,0.759708621147196,0.7549210716009395,0.8217592592592593,538.914599297781,-inf,0.4006578916140542,0.977422531552216,0.15734537243639193,0.8984644505263973,1.4723947157141068,0.12876480349815078,0.2906157630696068,864
1.152179588918717,0.6044875696469664,1.0,3.0,0.4129284824546576,1052.900771188368,0.8328168515141608,0.6668133498414591,0.08330700701333164,0.7237954387086292,0.7551321912004898,0.7531037350604081,0.7504764518039069,0.759846056924133,0.7551321912004898,0.8219653179190751,539.5088029647065,-inf,0.40070795140199417,0.9773354754314074,0.15737016492844244,0.8985575663469358,1.4724928033025266,0.12878975822677333,0.290668717564809,865
1.6784906194240194,-0.079673555928376,3.0,4.0,0.41338055631836423,1056.065690930166,0.8319598825820124,0.6668423109623886,0.08330449554849466,0.7237941868163917,0.7552368549394488,0.753211915954242,0.7506161984220555,0.7599147516558846,0.7552368549394489,0.8221709006928406,540.1052889785235,-inf,0.4007573952607278,0.9772486203639956,0.15739401845985582,0.8986483912559311,1.4725973186501047,0.12881422976262968,0.2907211063071687,866
0.992862364241593,-0.3920471835597979,2.0,0.0,0.4129853771546415,1057.2160535923522,0.8321645489076287,0.6670763278220259,0.08330449554849466,0.7239972718872689,0.7553846569446977,0.7533632778558162,0.7506868517830604,0.7601416301958309,0.7553846569446977,0.8223760092272203,540.7017258465902,-inf,0.40080688066070735,0.9771658473584538,0.15741858299492742,0.8987390894025121,1.4727056788284336,0.1288389755754102,0.2907731971924102,867
-0.2559265163395093,1.1683852739532652,6.0,2.0,0.41314242485634084,1058.4710471292974,0.8322946473651703,0.6678809040341452,0.08330449554849466,0.7246722242947561,0.7556551970226653,0.7536383202397868,0.7509608746065303,0.7604085778620456,0.7556551970226651,0.8225806451612904,541.2982342812477,-inf,0.4008563320787554,0.977083265074123,0.15744309092968775,0.8988295497403862,1.4728202931691574,0.12886379279612445,0.2908250343156641,868
-0.8477335942421438,-1.0235935493405657,5.0,1.0,0.4121244709691005,1059.0917685998056,0.8336880290238947,0.666556003546332,0.08282364225246389,0.7235979491230459,0.7551878842218104,0.7531692911277079,0.7504510602949146,0.7599848853582057,0.7551878842218102,0.8216340621403913,541.8940841481275,-inf,0.4009073823982471,0.9769972484075519,0.15746754245953498,0.898920446632442,1.4729086016954986,0.12889101238941048,0.2908796008988143,869
0.2847113829435794,-0.2979086692833911,2.0,0.0,0.4123873032917025,1059.8378541213115,0.8326574639777061,0.666793636136116,0.08282364225246389,0.7238043872605775,0.7553356265073068,0.7533205690048722,0.7505225685255303,0.7602108146531976,0.7553356265073067,0.8218390804597702,542.4894218147633,-inf,0.4009570659751747,0.9769158691094656,0.15749281696910272,0.8990116447975461,1.473004051197821,0.12891754372639003,0.2909337822848818,870
0.3666807628561195,-0.6985095772698485,2.0,0.0,0.41264152346014715,1060.9640450822967,0.8313580017508969,0.6670344324828755,0.08282364225246389,0.7240141995197231,0.7554830359274376,0.7534714953655363,0.7505944133233732,0.7604357552067923,0.7554830359274375,0.8220436280137773,543.0846854465285,-inf,0.401005029674567,0.9768392435689236,0.1575189378356709,0.8991027399145383,1.4731063759666558,0.12894323483408637,0.29098756058100045,871
0.3121256543768217,-0.6787491293173169,2.0,0.0,0.412867260051298,1061.9615443068517,0.8300599084551877,0.66727836023426,0.08282364225246389,0.7242273513458936,0.7556301102584041,0.7536220681421989,0.7506665826601069,0.7606597140409193,0.7556301102584041,0.8222477064220184,543.6797277158638,-inf,0.4010512598457431,0.9767671538870902,0.15754586223519765,0.8991938680889021,1.4732157828380872,0.12896813754197026,0.2910409640039024,872
-0.6002150273407851,1.6223530421616368,6.0,2.0,0.41333005967793957,1065.1668538756744,0.829868928335368,0.668077680441918,0.08282364225246389,0.7248977073250933,0.7558987993193955,0.7538952034309288,0.750938930381689,0.7609246226548879,0.7558987993193955,0.8224513172966781,544.2770783758407,-inf,0.40109727980097315,0.9766952293591671,0.15757272495225128,0.8992827048734316,1.4733304115702093,0.1289929002627134,0.29109385382956104,873
-1.5715608280249331,-0.7396186588138185,4.0,1.0,0.41312187028282127,1066.5222979276743,0.8304935856903303,0.6682459566852156,0.08282364225246389,0.7250607976957654,0.7560037356916486,0.7540031291403044,0.7509923915851341,0.7610824101139634,0.7560037356916485,0.8226544622425629,544.8746129519869,-inf,0.4011439773506205,0.976622379407583,0.15759952619855652,0.8993712054204407,1.4734207441308298,0.12901725942571082,0.2911476268415456,874
1.9879605519318624,0.4333103072256566,3.0,4.0,0.41315704719108975,1068.9139528420471,0.8300638504028518,0.6682771795980409,0.08282115171650055,0.725061245104334,0.7561085450054799,0.7541113877397976,0.7511320917524187,0.7611513787446006,0.7561085450054797,0.8228571428571428,545.4735150547185,-inf,0.4011895185649402,0.976549695970174,0.15762705852722295,0.899458289345498,1.4735159395334014,0.1290413037590406,0.29120137177270705,875
-0.5664715735795733,0.2492248878870948,4.0,1.0,0.4128069621867488,1067.0448989262907,0.8296972931603057,0.6684485706706921,0.08282115171650055,0.725227385389894,0.7562134203405081,0.7542192331960806,0.7511859245835305,0.7613086650167767,0.7562134203405081,0.8230593607305936,546.0689161778596,-inf,0.4012345674880338,0.9764806249689472,0.15765452799669152,0.8995484089528353,1.4735961741410317,0.12906490954085978,0.29125306120959776,876
-1.283399603783251,0.8978831980707606,6.0,2.0,0.4124941139444332,1066.2365455473944,0.8298058269761305,0.6692422561215455,0.08282115171650055,0.7258931088590169,0.75648000898578,0.7544902130834699,0.7514562040275505,0.7615714385977351,0.7564800089857802,0.8232611174458381,546.6620377620893,-inf,0.40127962367305253,0.9764117114842568,0.157681934821988,0.8996404521384839,1.4736840932567588,0.12908840257868082,0.291305371777807,877
0.4876168009881732,-0.0686539389071764,3.0,0.0,0.4125930139546379,1066.801238768824,0.8294904439967398,0.6678871531686276,0.08281868184888545,0.724779577949503,0.7558906803587776,0.7538983247241099,0.7507979820648972,0.761052938508212,0.7558906803587776,0.8223234624145785,547.254451430662,-inf,0.4013241655083225,0.9763468099404127,0.15771004381987763,0.8997329758277705,1.4737779685908503,0.12911158148926355,0.2913573789893263,878
0.9791614318784562,-0.5118094653085473,2.0,0.0,0.4123197147871744,1068.0632694969675,0.8295450833624595,0.6681232062955036,0.08281868184888545,0.7249864009539072,0.7560350496801914,0.7540461194826719,0.7508674235469714,0.7612742980934372,0.7560350496801915,0.8225255972696246,547.8469529301685,-inf,0.4013685681175409,0.976285935929534,0.1577388584022761,0.8998252486315118,1.4738757227348422,0.12913477806429832,0.2914090785025342,879
-0.5974332233546588,-1.746923182862565,5.0,5.0,0.41279787651713046,1070.5780360513113,0.8283741507559154,0.6681516412658286,0.08316915138204084,0.7249921712478854,0.7561355969771936,0.7541499283898976,0.7510459154453172,0.7612947326054852,0.7561355969771935,0.8227272727272728,548.4409655246244,-inf,0.4014112598691873,0.9762297098027092,0.15776782726963942,0.8999159673087681,1.4739835762314077,0.12915757383498877,0.29145730519360236,880
0.1006344604713984,0.152055097513803,2.0,0.0,0.4125557054975591,1068.773979957976,0.8284863048121064,0.6683903531548147,0.08316915138204084,0.725201721273626,0.756279538485464,0.7542972704429665,0.7511155698680931,0.7615150038911962,0.756279538485464,0.8229284903518729,549.0315818860697,-inf,0.4014539288097465,0.9761723367735978,0.15779647839369446,0.9000096314742477,1.474098980275675,0.12918012962317854,0.29150592063257214,881
-1.2354873290130293,-1.313490210900868,5.0,5.0,0.4126308422372908,1071.483154741496,0.828697292671431,0.6684224228482375,0.08351559252975764,0.7252111706138631,0.7563803478009055,0.7544013203229022,0.7512936089668865,0.7615364371407993,0.7563803478009055,0.8231292517006803,549.623930608128,-inf,0.4014967924579791,0.9761141073781697,0.15782499424965002,0.9001015366766031,1.4742174710342701,0.12920272356475876,0.2915549646069588,882
2.095987138069411,0.419825189437237,1.0,4.0,0.41270914633314426,1073.8363880336337,0.8282242804611605,0.6671250730857835,0.08351559252975764,0.724113928649454,0.7555585736280371,0.7535753493032703,0.7505363251998706,0.7606484880602673,0.755558573628037,0.8221970554926388,550.2176027003427,-inf,0.40153844410043593,0.976056009872652,0.15785455005006738,0.9001920644561199,1.4743416067312523,0.12922507729291904,0.29160409074671273,883
-0.4800751714636116,1.7993389136088451,6.0,2.0,0.4130608287377785,1076.7995644069292,0.8281768615810298,0.6679147183259695,0.08351559252975764,0.7247761191710909,0.7558240052166184,0.753845117277874,0.750805411647727,0.7609101416296555,0.7558240052166184,0.8223981900452488,550.8132836524994,-inf,0.4015799591067102,0.9759980438094544,0.15788403898215797,0.9002805972749987,1.4744702445173812,0.12924729880904312,0.29165289885631934,884
0.8942184622599845,0.7280527645063478,1.0,3.0,0.41329900098118383,1078.8137435371907,0.8277827444620985,0.6682307114105217,0.0835131430742716,0.7250143643336272,0.7560296196664147,0.7540548968367734,0.7510827050691364,0.7610421308061595,0.7560296196664147,0.8225988700564971,551.4098943416346,-inf,0.4016212452512318,0.9759402087430098,0.15791346127259415,0.9003681227050595,1.4746041605768934,0.1292695652570271,0.29170120841729374,885
-0.873918141052675,1.649022696051076,6.0,2.0,0.41372271095112256,1081.95522831838,0.8276073213014481,0.6690185980174729,0.0835131430742716,0.7256756577379964,0.756293315023732,0.7543228896826407,0.7513499887698021,0.7613021189205608,0.756293315023732,0.8227990970654627,552.0087039736626,-inf,0.40166231115962897,0.9758825042297626,0.1579428171470248,0.9004534981998985,1.4747432513485847,0.12929171817207408,0.29174915581871175,886
-0.5741489671871253,-1.725090544649856,5.0,5.0,0.41417710678808894,1084.4457814708462,0.8265058390310162,0.669053839622801,0.08385562489458594,0.7256883947998084,0.756394811052324,0.7544275957771869,0.7515275417530253,0.7613255370837024,0.756394811052324,0.8229988726042841,552.6089712538172,-inf,0.4017017724416567,0.9758291281241351,0.1579722761717352,0.9005374016373761,1.4748921366766026,0.1293134202428999,0.2917938841969196,887
-1.448584805181139,-0.3023428209102013,4.0,1.0,0.41438065669851126,1086.2066020642935,0.8260742593478211,0.6692246809215178,0.08385562489458594,0.7258524701433312,0.756500105693819,0.7545358021296847,0.7515826826499064,0.7614822995278058,0.756500105693819,0.8231981981981982,553.2098694867119,-inf,0.40174054359146133,0.9757771421237162,0.15800166884729086,0.9006205805366301,1.4750207461695164,0.12933428727963855,0.2918374998727027,888
-1.173886506763564,1.4673205133100191,6.0,2.0,0.4145999923230882,1088.3517276982373,0.8259705915858021,0.6700091451828503,0.08385562489458594,0.7265111844016489,0.7567619953777058,0.7548019452598066,0.7518481262690418,0.7617405183950254,0.7567619953777058,0.8233970753655793,553.8118288322817,-inf,0.40177913703475326,0.975725273077179,0.15803099539759213,0.9007026522345347,1.475155188229619,0.12935507178822941,0.29188107432992105,889
-0.7777026660754115,-0.313910122097368,4.0,1.0,0.4148141084001589,1089.7483463504927,0.8254801868627949,0.6701809598310761,0.08385562489458594,0.7266764050721837,0.7568670658702836,0.7549099072580456,0.7519034716816608,0.7618966286007176,0.7568670658702837,0.8235955056179776,554.4140046946617,-inf,0.4018170587527961,0.9756739302216303,0.1580602560455332,0.9007843748174886,1.475270091271719,0.12937528329716275,0.2919239457677162,890
0.7196112841274698,-0.9335359664603964,2.0,0.0,0.41488861248482395,1090.706104271753,0.8249599512514121,0.6704151649095182,0.08385562489458594,0.7268812009325932,0.7570101561675796,0.7550563273250713,0.7519734003890172,0.7621148398191577,0.7570101561675797,0.8237934904601572,555.0159037963194,-inf,0.40185406353378594,0.9756255427301492,0.1580900131331377,0.9008661894068201,1.4753900373482678,0.12939469437937062,0.29196666941002036,891
-0.5960813740592497,-0.5968002116665613,4.0,1.0,0.4146933252666004,1091.4492639460354,0.8253625986257233,0.6705893210382025,0.08385562489458594,0.7270487738678092,0.7571151179978961,0.7551641624728372,0.7520291467170103,0.7622703505150329,0.7571151179978961,0.8239910313901345,555.6172864870703,-inf,0.401891378954297,0.9755758661857294,0.1581197035008148,0.9009483098864625,1.4754885965893176,0.12941444870842583,0.29201016658006357,892
0.808389368969055,0.2283141226686602,3.0,0.0,0.41405187715919317,1090.5241500314676,0.8265236487932683,0.669262608421603,0.08385319559922734,0.7259587768217864,0.7565414139804362,0.754588027602678,0.7513844033033197,0.7617697025532361,0.7565414139804362,0.8230683090705487,556.2162863342645,-inf,0.40192987836797306,0.9755260043235087,0.15814926859547251,0.9010324040628968,1.4755913802929337,0.12943522097869972,0.2920539224297014,893
0.2763437438756113,-0.3679818706011322,2.0,0.0,0.4143064276576423,1091.3803695122535,0.8254368309787047,0.6694947645889427,0.08385319559922734,0.7261627912420394,0.7566826403472716,0.7547325462063367,0.7514521724758219,0.7619864317202639,0.7566826403472716,0.8232662192393736,556.8149038769692,-inf,0.40196704609998085,0.9754806685103888,0.15817964244328758,0.9011166834759794,1.4757009184905545,0.12945534084828242,0.2920973169647807,894
-0.3682769390851051,-1.2227319739515412,5.0,5.0,0.4143029153663762,1092.649785886273,0.8258005746936491,0.6695335372196194,0.08419178558067446,0.7261779760908481,0.7567845748426366,0.7548376437734445,0.7516292723151742,0.7620110845259418,0.7567845748426365,0.823463687150838,557.4136020691583,-inf,0.4020043151790648,0.975435250783354,0.158210136417699,0.9012007342344868,1.4758176202827626,0.1294750560211897,0.29214065780010895,895
0.3350568264584133,0.9102356455968312,1.0,3.0,0.4140405754414151,1092.501725505501,0.8265326274188128,0.6698441754747461,0.08418937619757291,0.7264114361918634,0.7569879675378726,0.7550450986727738,0.751903165764619,0.7621420102680171,0.7569879675378726,0.8236607142857143,558.0107986354935,-inf,0.4020420938782496,0.9753899344351742,0.1582405623252032,0.9012859709448513,1.4759442229792978,0.12949495305807537,0.29218408227476245,896
-1.0018008298731125,1.6291553331311546,6.0,2.0,0.4144066168385945,1095.4071194843555,0.8263816225662137,0.6706180421503155,0.08418937619757291,0.7270607055652717,0.7572474724566287,0.7553087806183636,0.7521663228642227,0.7623977388836449,0.7572474724566287,0.8238573021181717,558.6099026721143,-inf,0.40207966920709176,0.9753447191267895,0.15827092039344876,0.9013693482934769,1.4760760057961728,0.1295147606793604,0.29222727129217213,897
-0.6662320114006275,-1.1028198733252454,4.0,5.0,0.41425701311895596,1097.4336719652615,0.8266188122695556,0.6691542146700143,0.0837170378015057,0.7258293132348278,0.7562056032483744,0.7542609328611992,0.7512019459966364,0.7612763648777836,0.7562056032483742,0.8229398663697105,559.2099291412604,-inf,0.4021174478100777,0.9752977597747798,0.1583007115020298,0.9014517504266797,1.4762123731886378,0.12953505470249443,0.2922713764717373,898
-0.9665271793363944,-1.1196231848425666,5.0,5.0,0.414057067792343,1099.9000081798358,0.8268482744450624,0.6691910590502611,0.08405257479672656,0.7258441330116744,0.7563054349975668,0.7543638799012816,0.7513738986408549,0.7613021339229278,0.7563054349975666,0.8231368186874305,559.8113641568762,-inf,0.4021555405138402,0.9752486757095767,0.1583298851409644,0.9015327500157174,1.4763517962467516,0.12955616591670066,0.29231665899605463,899
-0.9264950841641518,1.5779204923924068,6.0,2.0,0.41447208326106166,1102.9475785318568,0.8266712779651019,0.6699657763367269,0.08405257479672656,0.7264945719748488,0.756564362774599,0.7546269606533679,0.7516363455190715,0.761557426456292,0.7565643627745992,0.8233333333333334,560.414848839515,-inf,0.40219342298680216,0.975199700720074,0.15835899394959022,0.9016117873536149,1.4764964290222213,0.1295771676459651,0.2923615986259862,900
0.7570891298501068,-0.966587264836225,2.0,0.0,0.4145068650754817,1103.7568780980996,0.8262849759330525,0.6701977421589883,0.08405257479672656,0.7266979833257479,0.7567054574699955,0.7547713042767458,0.751704799400606,0.7617730940915125,0.7567054574699955,0.8235294117647058,561.017892157227,-inf,0.40223053372674505,0.9751530741152333,0.1583884819738707,0.9016910643588214,1.4766458110938003,0.1295974032725607,0.2924064555552837,901
2.281158775518593,0.3736282023822987,1.0,4.0,0.4146000514513731,1105.8923837392135,0.825785810571897,0.6689447491544293,0.08405257479672656,0.7256374044647909,0.755919670269159,0.7539816497317523,0.7509846501771098,0.7609199793777209,0.755919670269159,0.8226164079822617,561.6219658729499,-inf,0.40226644470063794,0.975106550895326,0.15841969287388658,0.9017692854631706,1.4768022855168739,0.12961767781555567,0.29245162419176135,902
-0.3563690186220962,-1.1992423999164563,5.0,5.0,0.4145729843851261,1107.055219121457,0.8262169477338833,0.6689861627344599,0.08438436277524106,0.7256565083079917,0.7560204423651062,0.7540855186403712,0.7511566405274102,0.7609476417515659,0.7560204423651062,0.82281284606866,562.2259894092163,-inf,0.4023025555071481,0.975059820762102,0.15845107045524756,0.9018474027805651,1.4769656479668454,0.12963759808603326,0.29249684652170416,903
1.5755488020646018,0.7263857948492602,1.0,3.0,0.41435762233433976,1108.412040170963,0.8263594147769772,0.6692909199060558,0.084381973060573,0.7258859122199954,0.7562211983300685,0.7542902602715823,0.7514280214444314,0.7610759167974426,0.7562211983300685,0.8230088495575221,562.830177518466,-inf,0.40233860511499,0.9750131940141281,0.1584823786171807,0.9019252282609714,1.4771294490015505,0.1296575130331111,0.2925421290777419,904
-1.2368140502296048,-0.8156693952729119,5.0,1.0,0.4141363308444435,1110.2320739006884,0.8268733676511161,0.6680020690493134,0.08391642371234209,0.7248397622611399,0.7557599481563565,0.7538273280441578,0.7509292311661954,0.7606532194237228,0.7557599481563566,0.8220994475138121,563.435041492369,-inf,0.4023751434479646,0.9749648203221063,0.15851361758980573,0.9020023150093017,1.4772697144732714,0.12967782084943116,0.29258851554161536,905
0.0905140322359076,-0.0575868152182897,2.0,0.0,0.41408773125092163,1109.4293620891876,0.8264818770606257,0.6682406246010815,0.08391642371234209,0.7250486465845305,0.7559017714389623,0.7539723811032232,0.7509992652266201,0.7608687051317127,0.7559017714389621,0.8222958057395143,564.0376842303345,-inf,0.4024110323688339,0.974917544218032,0.15854498630183417,0.9020812014432661,1.4774171848023465,0.12969774992622735,0.2926349767069991,906
-0.4487310270877059,1.813834887559738,6.0,2.0,0.41441054740280614,1112.3236202448888,0.826459094636263,0.6690105972144295,0.08391642371234209,0.725694923526395,0.7561593722740284,0.7542340808549753,0.751260337282389,0.7611227207389832,0.7561593722740283,0.8224917309812569,564.6421891211995,-inf,0.4024468175449084,0.974870372361155,0.15857628584360453,0.9021583106764871,1.477568862958428,0.12971756080196334,0.2926811664496167,907
-0.566029125009704,-1.7761087323935263,5.0,5.0,0.414857334384155,1114.7075115392088,0.8253748431151463,0.6690492655846682,0.08424528453844048,0.7257123619618823,0.7562581489644277,0.7543359001422016,0.751430879221948,0.7611478414781634,0.7562581489644278,0.8226872246696035,565.2479879344352,-inf,0.4024810806507278,0.9748277688556234,0.1586078768772687,0.9022341462930082,1.477730164359861,0.1297371062223381,0.2927240436329267,908
1.546592156997037,-0.0371193599988759,3.0,4.0,0.4151800561932132,1117.556830687362,0.824906816333889,0.6690593240756709,0.08424291425234694,0.7256950172492507,0.7563527364088107,0.7544336451039159,0.7515582857826381,0.7612087506933305,0.7563527364088105,0.8228822882288229,565.8555884215122,-inf,0.40251515757612255,0.9747852590871774,0.15863859935483318,0.9023082727762483,1.477895983227901,0.12975646911460703,0.29276644131974305,909
-0.5032777373020225,1.5904570812054195,6.0,2.0,0.41560761331777424,1120.621532086017,0.8247612023221272,0.6698268381571502,0.08424291425234694,0.726339706492973,0.7566085715839067,0.7546935366033456,0.7518175033378575,0.7614610950445507,0.7566085715839067,0.823076923076923,566.465221326638,-inf,0.4025490904288014,0.9747428427467939,0.15866925431046897,0.9023804991009708,1.4780665564227586,0.12977572861371167,0.2928083930876364,910
2.025847379204331,0.7173694474526299,1.0,4.0,0.41525863744459723,1121.5793505096733,0.8247484359174949,0.6685904264952744,0.08424291425234694,0.725293799518878,0.7558464304977605,0.7539277235258294,0.7511189824539635,0.7606337633713725,0.7558464304977605,0.8221734357848518,567.0745672423164,-inf,0.402582466550001,0.9747005195268065,0.15870216757488786,0.9024528338503766,1.4782399182968124,0.12979508682991692,0.29285083722189215,911
-1.243635745951286,0.0040900304562892,4.0,1.0,0.4154681476953967,1122.6823099483172,0.8239607382220568,0.6687552619969507,0.08424291425234694,0.725451587483304,0.755949215951532,0.7540332783286687,0.7511740418007747,0.7607854895737871,0.755949215951532,0.8223684210526315,567.6837862584415,-inf,0.4026147302435879,0.9746609848419964,0.15873500866109524,0.9025251389200735,1.4783962663686396,0.12981399134435473,0.2928912411776708,912
-0.7364562847397368,-1.2043289684403566,4.0,5.0,0.4155205108999803,1125.237271595772,0.8235449478771057,0.6673216804084036,0.08378323186685556,0.7242465767219544,0.7549475129619515,0.7530259778552796,0.7502429050284963,0.7597114963450485,0.7549475129619516,0.8214676889375685,568.2944691558536,-inf,0.4026467149344061,0.9746205494789111,0.15876703677888,0.9025960452992963,1.4785573366631928,0.12983297037239477,0.2929318876969352,913
0.4439600099884312,0.0819619368700729,2.0,0.0,0.4154177653972998,1125.04538712928,0.8236409798985006,0.6675626852046063,0.08378323186685556,0.7244569721052243,0.7550900856673954,0.7531717482854047,0.7503147331860772,0.7599266126269801,0.7550900856673954,0.8216630196936543,568.903605827597,-inf,0.40267864301625483,0.9745822273997604,0.15879940069815,0.9026681440027867,1.4787239308768154,0.12985183379149592,0.2929724831900974,914
1.2732769509800672,0.9573878051318752,1.0,3.0,0.415726775814197,1127.5570943009127,0.8231959749064911,0.6678617921405442,0.08378088077336199,0.7246818959517238,0.7552883616893241,0.7533739224130143,0.750583652103794,0.7600524221722249,0.755288361689324,0.8218579234972677,569.5141560882236,-inf,0.40271010416920433,0.9745439890847173,0.15883169387661283,0.9027388904286248,1.4788941297543428,0.12987022867213013,0.29301273543567363,915
-1.17498264132886,-1.255827014012192,5.0,5.0,0.41573285433048585,1130.2468411701066,0.8234387149968594,0.6679005873648727,0.08410686236398057,0.724700164388864,0.7553858372003024,0.7534743866222214,0.7507496920536069,0.7600795978182899,0.7553858372003024,0.8220524017467249,570.1263096745574,-inf,0.402741812668527,0.9745044880143933,0.15886368462497036,0.9028081281354641,1.4790670492889122,0.129888892786809,0.29305364113338744,916
0.5309479370858549,-0.0487662420365965,2.0,0.0,0.4158042242639911,1130.8336289932026,0.8232331428300007,0.6681429425824609,0.08410686236398057,0.7249120016342923,0.7555277660356637,0.7536194824583068,0.7508214533302427,0.7602934512911785,0.7555277660356637,0.822246455834242,570.7377680380457,-inf,0.4027731927776437,0.9744686225454678,0.15889631724183068,0.9028778253290904,1.479245133647781,0.12990736603473144,0.2930942966470602,917
1.3938890194021885,-0.4715479722272224,3.0,4.0,0.41573455914584545,1132.201076295846,0.8242748479923044,0.6681530307305205,0.08410453023091838,0.7248953280274693,0.7556212739774247,0.7537160867411512,0.7509451765864751,0.7603559719118492,0.7556212739774247,0.8224400871459695,571.349383842248,-inf,0.40280576813249,0.9744328352148189,0.15892926546418246,0.9029472533555416,1.4794294992801815,0.12992613843358125,0.2931348504745938,918
-1.137074898175753,-1.545482084344525,5.0,5.0,0.416085809888555,1135.3439013143327,0.823733851072999,0.6681951402704699,0.08442696854337808,0.7249169122799701,0.7557188949955324,0.7538166716627558,0.7511106771502998,0.7603840066163832,0.7557188949955324,0.8226332970620239,571.963088431445,-inf,0.40283765657011134,0.9743983878556964,0.15896196480117714,0.9030147688073615,1.4796186889651706,0.1299442146104617,0.29317424543208553,919
-0.4547171913789649,1.706307982580466,6.0,2.0,0.41645962915105883,1138.3567248856775,0.8236619196925333,0.6689538452211842,0.08442696854337808,0.7255538452763537,0.7559732782238339,0.7540750424060051,0.7513682803643252,0.760635070534229,0.7559732782238338,0.8228260869565217,572.5787336884606,-inf,0.402869431619587,0.9743640153821369,0.15899459305265662,0.9030805072221728,1.4798121950195802,0.12996218710330115,0.2932132941385509,920
0.4138882000447283,0.0655027513299502,2.0,0.0,0.41640024562842615,1138.2103029590448,0.8236616385901122,0.6691960597545785,0.08442696854337808,0.7257657250303344,0.7561144195258426,0.7542193138032128,0.7514399237666382,0.7608474367692596,0.7561144195258426,0.8230184581976113,573.1928830579183,-inf,0.4029010509095723,0.9743318471227952,0.15902757732426917,0.903147382179794,1.4800112409851358,0.12997998588071585,0.2932522775700741,921
0.2521809251134708,-0.2883675790798137,2.0,0.0,0.4166223375765316,1138.873371443057,0.8227447897554296,0.6694409745993044,0.08442696854337808,0.7259804939904202,0.7562552351693198,0.7543632439789218,0.7515118074011259,0.7610589228724701,0.7562552351693198,0.8232104121475055,573.8064193793772,-inf,0.40293156253992346,0.9743036154290693,0.15906126514611768,0.9032146457240117,1.480216580620075,0.12999722708124842,0.293290972525393,922
-0.644111363740949,-0.3556419142941966,5.0,1.0,0.4167001111163828,1139.7930802952574,0.8225920269155774,0.6681815807032833,0.08397372026404284,0.7249575690111723,0.755803418214438,0.7539098161179317,0.7510263460971865,0.760641650640474,0.755803418214438,0.8223185265438786,574.4196226956459,-inf,0.4029617536978093,0.9742754531987817,0.1590948799716025,0.9032820604016474,1.4804026737399367,0.13001405583286607,0.29332938673706915,923
-0.6279243420924686,1.5010430868419933,6.0,2.0,0.41715727196269214,1142.9324902859007,0.822349223143006,0.6689375525528628,0.08397372026404284,0.7255921963288263,0.7560564253446233,0.7541667723635027,0.7512826739134797,0.7608912308423427,0.7560564253446233,0.8225108225108225,575.0348963618691,-inf,0.4029917840842243,0.9742473519257028,0.15912842203772476,0.9033475954609814,1.480593659694492,0.13003078804269547,0.29336733674734156,924
0.8611892271308718,0.9090061891156364,1.0,3.0,0.4174909630319998,1145.2090567926339,0.8217912796328877,0.6692328628963294,0.08397140686297314,0.725814011031179,0.7562525985048268,0.7543667535022466,0.7515483196806683,0.7610161406772742,0.7562525985048267,0.8227027027027027,575.651300859632,-inf,0.4030214963674888,0.9742193114121329,0.15916189158046082,0.9034120502591747,1.4807905647705228,0.1300472668245841,0.2934048403790874,925
-1.4868495402611543,-0.2474129699674198,4.0,1.0,0.4176597271413726,1146.7622417646498,0.821369705798154,0.6693841724011473,0.08397140686297314,0.7259596254418326,0.7563514579082914,0.7544682809351924,0.7516007249476481,0.761162629950157,0.7563514579082914,0.8228941684665226,576.2680513357714,-inf,0.4030505787398291,0.9741928851885152,0.15919528883476766,0.9034760874137499,1.4809685982389869,0.13006299929972248,0.29344116811690923,926
-1.5390019799758174,-1.1422143677248586,4.0,1.0,0.41677133379739295,1146.6458297303557,0.8230829848518084,0.6695384907023503,0.08397140686297314,0.7261082970891901,0.7564503327989598,0.7545698131005358,0.7516534976997988,0.7613087851484468,0.7564503327989598,0.8230852211434736,576.8833455950967,-inf,0.4030818855181168,0.9741632994444196,0.15922861403458835,0.9035412207867946,1.4811213063465614,0.13008011089991486,0.29348033298850784,927
1.8073352817500328,-0.0139756891982751,3.0,4.0,0.41718641017169655,1150.070801997784,0.8222656035693406,0.6695510097432444,0.08396911196911197,0.726093609754831,0.7565440254358899,0.7546665395762944,0.7517770131499146,0.761371878690817,0.7565440254358899,0.8232758620689655,577.5010044920823,-inf,0.40311240349982336,0.9741337774627031,0.15926114815684594,0.9036042450396152,1.4812800065359593,0.13009671545064194,0.2935190633581875,928
0.7812694736507242,-1.3925738581537257,1.0,0.0,0.4169599567478286,1148.3085010225932,0.8224954717482053,0.6677032432227281,0.08396911196911197,0.7245753851906626,0.7552909075188639,0.753405706666996,0.7504831379004839,0.7601606736834264,0.7552909075188641,0.8223896663078579,578.115436673493,-inf,0.4031430143047198,0.9740995325480333,0.15929265460183306,0.9036698477467077,1.4814431918302184,0.1301126806131271,0.2935586085179365,929
-0.7201856849017431,-0.7897485680130489,4.0,1.0,0.4165028066631126,1149.2949116670904,0.8231849177201864,0.6678646310925961,0.08396911196911197,0.724730254709693,0.7553910371108914,0.7535084937575885,0.7505376980169732,0.7603075528024643,0.7553910371108915,0.8225806451612904,578.7296081519808,-inf,0.4031742892745941,0.9740631474257718,0.15932409329102454,0.9037355419214996,1.481584570332598,0.13012967100678813,0.2935995320667434,930
0.9620898489502908,-0.0924551004619981,3.0,0.0,0.4160375938222381,1149.7687543207003,0.8238275290568907,0.6665886620697848,0.08396683536125768,0.7236817743299147,0.7548343533911059,0.7529495430912678,0.7499087562243671,0.7598250835938174,0.7548343533911058,0.8216970998925887,579.3429692112383,-inf,0.40320609866663176,0.9740290924199316,0.1593559159790215,0.903801788943433,1.4817292923747305,0.13014736238590596,0.29364036279628775,931
0.7764064663061275,-1.5682478744131385,1.0,0.0,0.41563322788280643,1146.5808529301476,0.8242421082497309,0.6647582476625501,0.08396683536125768,0.7221789460642746,0.7536212724108099,0.7517290797972714,0.7486545326033489,0.7586543532408182,0.7536212724108099,0.8208154506437768,579.9515935499925,-inf,0.4032384396313126,0.9739867698578369,0.15938599800752296,0.9038718967832872,1.4818785906584528,0.13016451522658984,0.29368248355899385,932
-1.026839454997143,-0.3711832071977538,5.0,1.0,0.41593927366682065,1148.6645895480447,0.8234099438661601,0.6635243156242766,0.08351846071933465,0.721177956541302,0.7531788487579951,0.751285132113089,0.748176194480701,0.7582488535219906,0.7531788487579951,0.819935691318328,580.5611466003654,-inf,0.40327003985254967,0.9739449042388476,0.15941601555150464,0.9039410897268463,1.48200918123592,0.13018111258172857,0.2937238774894768,933
0.2064928603672896,0.05516570023073,2.0,0.0,0.41587667068473305,1147.8859751477773,0.8232839558230691,0.6637619018828038,0.08351846071933465,0.7213870391291556,0.753316932519151,0.7514262678959949,0.7482438298366759,0.7584592961934454,0.753316932519151,0.8201284796573876,581.1685607636925,-inf,0.40330134658122707,0.9739040629747715,0.15944615616651311,0.9040119570839671,1.4821460405617017,0.13019742413148372,0.293765347273823,934
1.4924347291136977,0.5939442098730889,1.0,3.0,0.4154963960564241,1149.1756206849984,0.8234843751615015,0.6640527407807884,0.08351620217979665,0.7216049124878087,0.7535105797676352,0.7516236604946172,0.7485086108761886,0.7585798505266864,0.7535105797676352,0.8203208556149733,581.7760549454265,-inf,0.40333268099442715,0.9738633090716879,0.15947623230961783,0.9040826252716193,1.4822832063381732,0.1302141224292366,0.2938068152559841,935
2.1007556227578936,0.3362755729498009,1.0,4.0,0.415651703725979,1151.9106422619102,0.8229490272585013,0.6628563666824212,0.08351620217979665,0.7205927476653359,0.7527763871154454,0.7508860694170498,0.7478397005051021,0.7577786835678083,0.7527763871154454,0.8194444444444444,582.3851730942689,-inf,0.40336289774766454,0.9738226422495938,0.1595068713863478,0.9041517946349257,1.4824259928210408,0.13023053466994639,0.29384825928711783,936
1.3670599236043477,0.1149180890629611,3.0,4.0,0.4155968933326127,1153.9283733061125,0.8232249165824174,0.6628730859084381,0.08351396149432615,0.7205818150644608,0.7528698390007162,0.750982528169525,0.7479623096530137,0.757842192221266,0.752869839000716,0.8196371398078975,582.995144492574,-inf,0.40339342090084584,0.9737820622296813,0.15953708709308084,0.9042201182384836,1.4825709034811485,0.13024732745419426,0.29388937455947384,937
0.308566654960831,0.931856508698048,1.0,3.0,0.41529242663666016,1153.5614462273222,0.8239896782133292,0.6631617082135447,0.08351173845204833,0.720798929695863,0.7530610177678244,0.7511774067225825,0.7482251315332136,0.7579598206933129,0.7530610177678245,0.8198294243070362,583.6034241319501,-inf,0.4034244764529084,0.9737415687343317,0.15956723837399991,0.904289733491508,1.4827252299307463,0.13026431952955037,0.2939306292134458,938
1.4110303042052184,0.7496884000843643,1.0,3.0,0.41530927891370656,1155.5245420367478,0.8238754112795256,0.6634529622628296,0.08350953284539622,0.7210190354529814,0.7532515198724685,0.751371586678826,0.7484866508963266,0.7580774438745941,0.7532515198724686,0.820021299254526,584.2124988049051,-inf,0.4034553054264582,0.9737011614871084,0.15959732543493835,0.9043585523265656,1.4828811537741764,0.13028123391535598,0.29397169640995696,939
-0.1774441866371236,-1.1880797432032646,5.0,5.0,0.4151781372098123,1155.574112417481,0.8247488235989778,0.6634967101406944,0.08382989559460148,0.7210409358397593,0.7533488055213023,0.7514717496887703,0.7486524223557577,0.7581044825528169,0.7533488055213025,0.8202127659574469,584.8203303087483,-inf,0.40348690599141346,0.9736607871239769,0.15962842698995763,0.9044282852510589,1.4830442799858667,0.13029764347828196,0.2940129213773404,940
0.8921856377051708,0.3093363377840884,3.0,0.0,0.4143576550876684,1153.9706873493276,0.8262165394711988,0.6622427017342295,0.08382770721925134,0.7200110005845705,0.7528047229318038,0.7509255104252818,0.7480365864929563,0.7576340354507007,0.7528047229318038,0.8193411264612115,585.4251659697903,-inf,0.40352005480352154,0.9736186060922517,0.1596590805421316,0.9045004072233015,1.4832108066839609,0.13031541919101916,0.2940545913737116,941
0.0278672253461636,-0.0238412961937521,2.0,0.0,0.414222705866138,1152.7382189487855,0.8258915861704469,0.6624779988337668,0.08382770721925134,0.7202182773551858,0.7529411657814995,0.7510649498829232,0.7481023367595122,0.7578429987477414,0.7529411657814995,0.8195329087048833,586.027409125819,-inf,0.4035526971705416,0.9735765733655914,0.15968968086785967,0.9045745847160986,1.4833841723294694,0.1303329036610922,0.29409644796127116,942
0.5256260868419257,0.9238611780528532,1.0,3.0,0.41428436951434716,1153.7255470683158,0.8261321010270698,0.6627722726490531,0.08382553587405957,0.7204413112223413,0.7531312165590512,0.7512586462282622,0.7483625929427092,0.75796100197103,0.7531312165590512,0.8197242841993637,586.6294219974442,-inf,0.4035854333346255,0.9735346297857533,0.1597202162936392,0.9046488236178013,1.4835653998899843,0.13035036427747387,0.29413811309371757,943
-1.2687662870974432,1.312851016273831,6.0,2.0,0.414362043260248,1155.107258507787,0.8260901010080177,0.6635153270374815,0.08382553587405957,0.721063342043589,0.7533837987795288,0.7515150853475974,0.74861842563248,0.7582102290968203,0.7533837987795288,0.8199152542372882,587.2316230954423,-inf,0.403618062342404,0.9734927750694321,0.1597506870257201,0.9047227707985707,1.4837521702566467,0.13036774941244356,0.29417991067569715,944
0.0102754123774494,2.07886481855589,6.0,2.0,0.4141709372157277,1155.4117697656006,0.8264443098204275,0.6642587719273603,0.08382553587405957,0.7216862663550805,0.7536351572342479,0.7517702777141537,0.7488730220986034,0.7584582454655869,0.753635157234248,0.8201058201058201,587.8328719278975,-inf,0.4036508924911197,0.973451008934521,0.1597810932694791,0.9047973887483418,1.4839418774283115,0.13038504731105344,0.29422229552452367,945
2.035611575157024,0.2533092819732996,3.0,4.0,0.4144055854069958,1158.4525666908805,0.8258348883089242,0.6642713565790389,0.08382338136100106,0.7216725479468967,0.7537260721505251,0.7518641175075061,0.7489940830920185,0.7585182328088735,0.753726072150525,0.8202959830866807,588.4360639942432,-inf,0.40368263031901797,0.9734093311001064,0.15981157522342682,0.904870237935982,1.4841371596742834,0.130401953953194,0.29426450693843664,946
-0.7205726018817669,-0.0227443332319529,4.0,1.0,0.4145271408008943,1158.775948576027,0.82533481661502,0.6644350962020268,0.08382338136100106,0.721827930514184,0.7538267606607867,0.7519674076682058,0.7490492591105175,0.7586655960473354,0.7538267606607866,0.8204857444561774,589.0383236400528,-inf,0.4037136132796353,0.9733695423104103,0.15984199280154784,0.9049437398598567,1.4843164746386268,0.13041823014660345,0.2943053124367253,947
-0.4029654358005123,-0.5916776187834545,5.0,1.0,0.4141268843012729,1158.3926415646351,0.826116022511126,0.6632330315116841,0.08338045757640018,0.7208521150447715,0.7533955304444234,0.7515347373714916,0.7485828232839127,0.7582705206940521,0.7533955304444235,0.819620253164557,589.6389083636019,-inf,0.40374536047464693,0.973328371464169,0.15987234620756313,0.9050185195942028,1.4844761886666247,0.13043499525744087,0.29434722634168864,948
-0.2022968030001028,1.6797451150748814,6.0,2.0,0.41432555846190877,1160.539944833171,0.826213648376536,0.6639747217580652,0.08338045757640018,0.7214736765480902,0.7536456041130757,0.7517886091655471,0.7488361503530252,0.7585172353341662,0.7536456041130758,0.8198103266596417,590.2404900669418,-inf,0.403777092440242,0.9732872873847268,0.15990263564433496,0.905092328718905,1.484639901330565,0.130451702605773,0.2943889715661582,949
0.8569993117910931,1.2944429448688854,1.0,3.0,0.41459346550839976,1162.457111671559,0.8260297954136284,0.6642663898425145,0.08337831970050814,0.7216947652167316,0.753834157419442,0.7519807472971212,0.7490939661337341,0.7586347216465775,0.7538341574194422,0.82,590.8428233528414,-inf,0.4038084934671674,0.9732462897980835,0.1599328613138715,0.9051653763358893,1.4848110767125897,0.13046818035973068,0.2944305157726706,950
-0.5938278184787372,0.9759784986408006,6.0,2.0,0.4147592171694264,1163.4758770977035,0.8261014142435523,0.6650065637979815,0.08337831970050814,0.7223155615245629,0.7540827099293947,0.7522330662849602,0.7493457133701319,0.7588799774360581,0.7540827099293947,0.8201892744479495,591.4449611590927,-inf,0.4038398580795065,0.9732053784313913,0.15996302341733118,0.9052384576163528,1.484988072319524,0.13048467828504104,0.294471902338766,951
0.2588547066190372,0.9739756220954356,1.0,3.0,0.4143564450341248,1162.8151366735076,0.8269274603887276,0.6652988794670266,0.08337619826981528,0.7225379004123901,0.7542702792112789,0.7524241903233942,0.7496019067068809,0.7589971635179765,0.7542702792112789,0.8203781512605042,592.045139914885,-inf,0.40387181021766977,0.9731645530129482,0.15999312215502728,0.9053130511289366,1.4851745080027727,0.13050140707605246,0.2945135064260717,952
-0.7169813570118571,-1.6108314541038715,5.0,5.0,0.4147907882635266,1165.8437383648595,0.8258006955444065,0.6653372141456995,0.08369381940810512,0.722555240603779,0.7543652896961626,0.7525219877338828,0.7497653565155871,0.759022013985405,0.7543652896961626,0.8205666316894019,592.6472370801002,-inf,0.40390243440975926,0.9731262595129689,0.16002274139163258,0.9053859069994328,1.4853678627796878,0.13051753079657297,0.29455302724573557,953
-0.4054586740513931,1.0544334104322124,6.0,2.0,0.41496364741950204,1166.9795101609254,0.8258977055299507,0.6660744786475338,0.08369381940810512,0.7231740197495102,0.754612122155577,0.7527725480268627,0.7500152795601089,0.7592656603217465,0.754612122155577,0.8207547169811321,593.2492625235811,-inf,0.4039330435364228,0.9730880462928637,0.16005229853340222,0.9054586935891809,1.4855666624824913,0.13053372052327464,0.29459235839522374,954
1.970936707619864,0.2094153700113541,3.0,4.0,0.41523968696157465,1170.1779797597858,0.8252459380097771,0.6660883938937369,0.08369171423358615,0.7231616759989635,0.7547030579243476,0.7528663527289624,0.7501357622357361,0.7593263114245973,0.7547030579243476,0.8209424083769633,593.8533763636191,-inf,0.4039626379279199,0.9730499131004446,0.16008164069287686,0.9055296114942382,1.4857707628417678,0.13054947934144404,0.2946314355323091,955
-0.3496448051149466,-0.506647232808571,5.0,1.0,0.41488651889255856,1169.474674998684,0.8259562859100957,0.664900641943111,0.08325411229222482,0.7221972195705803,0.7542794359167962,0.7524413382847425,0.7496783231969083,0.7589373756016307,0.7542794359167962,0.8200836820083682,594.4554906927351,-inf,0.40399292732839026,0.9730107992756937,0.16011092146708067,0.9056020665595077,1.4859560366146491,0.13056543480055127,0.29467138764731626,956
-0.5794636684091778,-1.3627331778643237,5.0,5.0,0.41512748184847076,1172.0031577178133,0.8253096044815025,0.664937418145353,0.08356903572646487,0.7222139727918886,0.7543728553405634,0.7525375053400953,0.7498406770622856,0.7589601534517145,0.7543728553405633,0.8202716823406478,595.0589887774009,-inf,0.4040224916651044,0.972972396593284,0.16013960542658287,0.9056732425746318,1.486147288070464,0.13058091463139046,0.2947105188209298,957
0.3505004979761138,0.2180397625960485,3.0,0.0,0.41483700576445637,1170.8472474564903,0.8256568143126469,0.6637121438680454,0.08356694662198039,0.7212069705984432,0.7538418499220703,0.7520044391575725,0.7492412457062542,0.7584993018519949,0.7538418499220702,0.8194154488517745,595.6600203626609,-inf,0.40405231988027723,0.9729340606591013,0.1601682268137634,0.905746343268477,1.4863438335261918,0.1305963849678982,0.29474984167443413,958
1.155403425339767,-0.3100695167402256,3.0,4.0,0.4144284100227613,1171.335475653176,0.8271191563850192,0.6637281210643178,0.08356487340422204,0.7211969106650846,0.7539319409449768,0.7520973696962253,0.7493620748350721,0.758557886256618,0.7539319409449768,0.8196037539103233,596.260307594455,-inf,0.404083759886071,0.972895804674729,0.16019743260124647,0.9058199357078884,1.4865435545356451,0.1306128410885787,0.29478915818935075,959
0.0294464036361401,0.0540887985948554,2.0,0.0,0.4142786458180984,1169.8078867159868,0.8269450546490315,0.663951703606097,0.08356487340422204,0.7213928576617841,0.754065415650602,0.7522337276625458,0.7494252643545681,0.7587633849767564,0.754065415650602,0.8197916666666667,596.8577529893732,-inf,0.4041148984121038,0.9728570891234808,0.16022646915587802,0.9058957714286431,1.4867497899032154,0.130629062112211,0.2948287334392975,960
-0.1826368221823951,1.511802942813351,6.0,2.0,0.4144576429908288,1171.7360831821525,0.8270440863535754,0.664685869012496,0.08356487340422204,0.7220089089582505,0.7543109527849869,0.7524829451298163,0.7496738962458589,0.7590057307472745,0.7543109527849869,0.8199791883454735,597.4559614495114,-inf,0.40414602610546674,0.9728184541457001,0.16025544528063523,0.905970839240559,1.4869602086610052,0.13064527434924608,0.29486810439658073,961
1.4299668249617106,0.2207195700455302,3.0,4.0,0.41436753121287456,1173.8490536748516,0.8271683452395721,0.6647038371244387,0.08356281589265882,0.7220010573488542,0.7544012829631804,0.7525760912592351,0.7497947119755061,0.7590648073431521,0.7544012829631805,0.8201663201663202,598.0551226680408,-inf,0.404177228817598,0.9727798994901189,0.16028404472745642,0.9060449836039048,1.4871723465866538,0.13066173653665958,0.2949071721268517,962
1.5238266848927038,-0.1486752365066052,3.0,4.0,0.41467042811021354,1176.5090011622372,0.8270139763589613,0.6647252491123105,0.08356077390948477,0.7219967672541973,0.7544921476021572,0.7526697617280993,0.7499157920112914,0.7591247004891022,0.7544921476021572,0.8203530633437176,598.6558016695925,-inf,0.4042084674789933,0.9727414249065117,0.1603119700914651,0.9061177386874992,1.487389025251856,0.13067806889229813,0.2949458442005558,963
0.2960213243104187,0.7947811903690735,1.0,3.0,0.414386688152685,1175.9597033578661,0.8278407626199593,0.665016276397886,0.08355874727956766,0.7222181324173271,0.754678261506138,0.7528593480052538,0.7501691266064299,0.7592419314426456,0.754678261506138,0.8205394190871369,599.2546646381488,-inf,0.4042403041965627,0.972703030145692,0.16033983751903397,0.9061918743508677,1.4876138125755978,0.13069474904179632,0.2949846504983893,964
-1.362943943699824,-1.4218564185083942,4.0,5.0,0.41447101528320385,1178.4503668492405,0.8282340271945051,0.6636954924086169,0.08312634264232009,0.7211058958361104,0.753744473586976,0.7519206867373706,0.7492977622404873,0.7582442780767857,0.7537444735869759,0.8196891191709844,599.8548674383675,-inf,0.4042725364428494,0.9726644843442651,0.16036814672808136,0.9062647705147974,1.4878410450351274,0.13071111628765225,0.2950235732112754,965
-1.2785880673820875,-1.1497489351384211,5.0,5.0,0.41419911678247684,1180.589822710453,0.8291534260270668,0.6637327501258719,0.08343861133217945,0.721123649788603,0.7538364505499726,0.752015356023142,0.7494557400889378,0.7582686742771356,0.7538364505499725,0.8198757763975155,600.4560423403055,-inf,0.4043057212497121,0.9726238015268179,0.16039664207712134,0.9063367360125325,1.488069531896285,0.13072838050746496,0.29506395098791627,966
-0.9580161005915104,-0.0250137061843166,4.0,1.0,0.4144247481133737,1181.6375184089623,0.8283969532444564,0.6638798271828615,0.08343861133217945,0.7212638874926901,0.753932229831883,0.7521136139707577,0.7495061435162972,0.7584109017451739,0.753932229831883,0.8200620475698035,601.0570573103868,-inf,0.4043379024590696,0.9725851982411714,0.1604250784905894,0.9064087081629304,1.4882822231454316,0.1307451084594199,0.2951026827668082,967
-1.2862260365695408,-1.2352310426572617,4.0,5.0,0.4143338710422949,1184.035760651578,0.8290088722489953,0.6625612898972955,0.08301128373215808,0.7201547085266571,0.75302329504821,0.751199992188695,0.7486583548149895,0.7574394320349319,0.7530232950482099,0.8192148760330579,601.6593080369789,-inf,0.404370699236451,0.9725451656591497,0.16045361460859625,0.9064795365147431,1.4884967078905358,0.13076224384453447,0.2951423382295097,968
-1.513403022124677,0.0121924643138906,4.0,1.0,0.4144099032422195,1184.6265741612938,0.8284483465627005,0.6627081809111205,0.08301128373215808,0.7202955006838196,0.7531178430884208,0.7512969996438997,0.7487092037048654,0.7575787089572052,0.7531178430884208,0.8194014447884417,602.2609254426801,-inf,0.40440278147184744,0.9725079248716069,0.16048209182852674,0.9065507622554212,1.4886954171232452,0.13077906703880735,0.29518020614624946,969
1.391838984881954,-0.1056277187115034,3.0,4.0,0.414554762696697,1186.8113320725913,0.8286886591603442,0.6627371919369605,0.0830092722829894,0.7202977485840311,0.7532110865148416,0.7513930400075447,0.7488320064853151,0.7576416844878767,0.7532110865148416,0.8195876288659794,602.8635547278656,-inf,0.40443522227591044,0.9724707608691929,0.1605100746821136,0.9066210322266866,1.4888975445333243,0.13079606713404696,0.2952177387810201,970
-0.5674674957582796,-1.412285776748707,5.0,5.0,0.41482866781860295,1189.3407048712454,0.8280104417878094,0.6627741706600314,0.08331892826274849,0.720316000748526,0.7533015025171029,0.7514861100645429,0.7489859354345894,0.7576670893668453,0.7533015025171028,0.819773429454171,603.4675476734303,-inf,0.4044668565228286,0.9724346866542927,0.16053755306394682,0.9066900617236775,1.4891058272341768,0.13081254279697432,0.2952542171267656,971
-0.8746356590221852,-0.8204739169150016,4.0,1.0,0.4144596143884749,1190.7704407869455,0.8285825204488985,0.6629234720835033,0.08331892826274849,0.720459023039156,0.7533959924888322,0.7515830409993601,0.7490370446872635,0.7578059701945062,0.753395992488832,0.8199588477366255,604.0717687568804,-inf,0.40449901217807255,0.9723966576413365,0.16056497490589977,0.90675878324749,1.48929325541652,0.13082987417704023,0.29529191476579625,972
-0.1560580770416694,1.8344586720223028,6.0,2.0,0.41456179987181585,1192.630140536807,0.8287441829026007,0.6636475888842103,0.08331892826274849,0.7210661624397273,0.7536400330043568,0.7518306922588209,0.7492839633415912,0.7580470481158507,0.7536400330043567,0.8201438848920863,604.6766591698095,-inf,0.40453119591162146,0.9723587067969579,0.16059234038229886,0.9068268375069728,1.4894840548062027,0.13084712471555673,0.2953296236271551,973
-1.1449835892404163,1.7031986393560343,6.0,2.0,0.414792077978934,1195.0858591332499,0.8286439572728851,0.6643720487134452,0.08331892826274849,0.7216741164972622,0.7538829296163436,0.7520771788093878,0.7495297274092266,0.7582869932470699,0.7538829296163436,0.8203285420944558,605.2828287796281,-inf,0.4045632358789651,0.9723208338803911,0.16061964966675463,0.9068937302546352,1.4896791529028381,0.13086434787913587,0.2953673462520221,974
-0.2311273924733083,-0.6383700783136295,4.0,1.0,0.41417990800891313,1193.3976371109688,0.8298271978834592,0.6645204508698801,0.08331892826274849,0.7218164816545302,0.7539770899028836,0.7521737586741521,0.749580875782551,0.7584251749206893,0.7539770899028835,0.8205128205128205,605.8860234548398,-inf,0.404596609703252,0.972281287482855,0.16064690293216533,0.9069629273554596,1.4898553517765074,0.1308823171154402,0.29540668994625296,975
1.984037450804416,0.127887094426638,3.0,4.0,0.41450360667280145,1196.7124843564873,0.8291627869561943,0.6645500833858097,0.08331693182439451,0.7218195679410778,0.7540702172826984,0.7522696434015158,0.7497032150773129,0.7584883929261447,0.7540702172826986,0.8206967213114754,606.4913784352718,-inf,0.40462900730389084,0.9722418221230188,0.1606738901773189,0.9070302447543831,1.490037228757187,0.13089984759450207,0.2954457658524782,976
-0.0578959848214642,-0.0046797924812572,2.0,0.0,0.4142418369849177,1194.9649374437356,0.828878129107765,0.664770078636644,0.08331693182439451,0.7220108034937247,0.7542035296967,0.7524057646639862,0.7497677102223945,0.7586921484531853,0.7542035296967,0.8208802456499488,607.0937055171638,-inf,0.4046609982889798,0.9722015076074795,0.1607006359555522,0.9070999081391915,1.4902257695804693,0.13091719168694033,0.2954851453541553,977
-0.5896589859350766,-1.5060783612722706,5.0,5.0,0.4145847647231143,1197.648238479482,0.8280195857051601,0.6648069190655063,0.08362342804925807,0.7220289277347903,0.7542936155308744,0.7524984616828428,0.7499205976537022,0.7587179333810404,0.7542936155308744,0.8210633946830266,607.6975445079228,-inf,0.40469197172734594,0.972162941535531,0.16072693435254923,0.907168219754019,1.4904208153398502,0.13093396223233889,0.2955230104507045,978
2.0267098416563774,0.1169823370804125,3.0,4.0,0.41490893109839705,1200.9527869628198,0.8273750397452432,0.6648395562510986,0.08362144645431194,0.7220350562150804,0.7543870467331953,0.7525946293606149,0.750042945357491,0.7587817616157186,0.7543870467331953,0.8212461695607763,608.3035253480198,-inf,0.4047219700008585,0.9721244542502464,0.16075307011669876,0.9072346751592568,1.4906217853411003,0.1309503222112369,0.2955606434533073,979
0.7292290889588665,0.5543117726807938,1.0,3.0,0.41485499607689263,1201.9894558309709,0.8276059951630096,0.6651266921680844,0.08361947953784687,0.7222529635546985,0.7545721356400937,0.7527831011987337,0.7502935437499368,0.7588998052290741,0.7545721356400938,0.8214285714285714,608.9093273179003,-inf,0.4047521323441926,0.972086045510442,0.1607791525425541,0.9073011580393893,1.490827125290191,0.1309672128239781,0.2955980400638362,980
1.3159713791871055,-0.5645945423959764,3.0,4.0,0.4145829583816373,1202.5278186698426,0.8290017867361579,0.665162166157013,0.08361752713737049,0.722262123888681,0.754665838853471,0.7528795238563736,0.7504158317608995,0.7589642602788618,0.754665838853471,0.8216106014271152,609.5144430073518,-inf,0.40478380273857456,0.9720477150759175,0.16080607992847343,0.9073680788412948,1.4910379187088925,0.13098461855614926,0.2956355257481848,981
-0.3221987009382342,1.4516046459340373,6.0,2.0,0.41488083943964665,1204.9245884232262,0.828985209235277,0.6658766089174407,0.08361752713737049,0.7228616134133689,0.7549060402702806,0.7531232448134072,0.7506588194463953,0.7592015960470528,0.7549060402702805,0.8217922606924644,610.1207669843537,-inf,0.4048154041838119,0.972009462707451,0.16083295247246626,0.9074339067020256,1.4912529308250884,0.13100198963221837,0.295672690508782,982
0.6446678781664398,-0.5254111845135885,2.0,0.0,0.41506099898625376,1206.5652686200494,0.827978533707267,0.6660953783662518,0.08361752713737049,0.7230517445673877,0.7550383763471562,0.7532583466723676,0.7507229987139222,0.7594036529460264,0.7550383763471562,0.8219735503560529,610.7275263959873,-inf,0.40484616078366903,0.971975849248675,0.16086068401345974,0.9074992677959469,1.4914720863685584,0.13101884792615523,0.2957094515583803,983
0.9025151529859128,0.316565546831028,3.0,0.0,0.4142628541433643,1204.9660571254456,0.8294254348901505,0.6648796143033671,0.08361558909277997,0.7220525773165551,0.7545109030097358,0.7527288271827469,0.7501360177998387,0.7589371173108483,0.7545109030097359,0.8211382113821138,611.3314273418505,-inf,0.40487837782108566,0.9719405104828354,0.16088799989186853,0.9075668186862289,1.491694207835067,0.13103703570943903,0.2957466253811763,984
-1.2146096949149154,-0.5254556046513513,5.0,1.0,0.4144616917042754,1207.2211882194476,0.8290773067395154,0.663723875285863,0.08319381051913151,0.7211133723474956,0.7540948222036474,0.7523114040124417,0.7496879043924853,0.7585538570684954,0.7540948222036474,0.8203045685279188,611.9363915660917,-inf,0.404910218009653,0.9719050177152384,0.1609152603065648,0.9076333944577372,1.491897576563071,0.1310548222328518,0.2957836052679893,985
-0.7817399762262794,-1.6810978948211566,5.0,5.0,0.41490558003548844,1210.314855068101,0.8279987172110171,0.6637607875525696,0.08349779305661657,0.7211318356864496,0.7541837473740584,0.7524028931859015,0.7498399029622572,0.7585782130709957,0.7541837473740582,0.8204868154158215,612.5432662755259,-inf,0.40494079258165394,0.9718722544063657,0.16094221880610068,0.9076983179858171,1.4921074620714794,0.13107209371248224,0.2958184397986866,986
-0.7493064529720393,-1.747040991246016,5.0,5.0,0.4153496009520977,1213.2691543766668,0.8269366872913305,0.6638009362454903,0.08379872049322241,0.7211536589169771,0.754272958705678,0.7524946590010393,0.7499916841352098,0.758603392605861,0.7542729587056781,0.8206686930091185,613.1519044600253,-inf,0.4049700812922583,0.9718427137178126,0.16096907439364508,0.9077617149305751,1.492324324930076,0.13108895878184285,0.2958508661171422,987
0.7095859865594336,-0.1922443616797077,2.0,0.0,0.41539974878888075,1214.4706943644612,0.8266163740735005,0.6640200752676455,0.08379872049322241,0.7213445342426741,0.7544040831228855,0.7526285183684944,0.7500544600341332,0.7588044480603611,0.7544040831228856,0.8208502024291497,613.7605267170137,-inf,0.40499905329485003,0.971817148011533,0.1609966541090249,0.9078250120276067,1.49254496788501,0.13110572873733964,0.29588298401810453,988
0.4853475839991757,-0.6694567389595345,2.0,0.0,0.41564146990163303,1215.8552652903431,0.8255585566985002,0.6642416577645742,0.08379872049322241,0.7215380233132983,0.7545349381612493,0.7527620956903949,0.7501174914747095,0.7590047218038204,0.7545349381612491,0.8210313447927199,614.3693181614761,-inf,0.40502691291385595,0.9717956804873873,0.16102498265015713,0.9078880618289398,1.492770315626405,0.13112185486864075,0.29591477720881454,989
0.909735312436113,0.6669325726029445,1.0,3.0,0.41578600106609753,1217.7541555516511,0.8252943255196389,0.6645286872125709,0.08379679664676075,0.7217556944294385,0.7547190262141588,0.7529495058011036,0.7503660584271558,0.7591227929182115,0.7547190262141588,0.8212121212121212,614.9787977952036,-inf,0.40505464515903405,0.9717742563319776,0.1610532539619134,0.9079504515095779,1.4929993834484347,0.13113813639717964,0.2959462224778978,990
0.7673884951292498,-1.7172189017219983,1.0,0.0,0.4152354752215733,1212.9485963946117,0.825881497454169,0.6628090096523989,0.08379679664676075,0.7203428836953895,0.7535799243901827,0.7518038984081717,0.7491898468727796,0.7580217548253546,0.7535799243901826,0.8203834510595358,615.5821981974229,-inf,0.4050833376458879,0.9717417514246907,0.16107925633394843,0.9080175901300827,1.49323242476699,0.13115405883570996,0.2959792663638175,991
0.8997729705552595,0.7007823221179789,1.0,3.0,0.4154225570586911,1214.9199095833915,0.8255490120478796,0.6630953079354652,0.083794886842974,0.7205607126226565,0.7537624579421018,0.751989730577479,0.7494374656018526,0.758137658967387,0.7537624579421018,0.8205645161290323,616.1863692774491,-inf,0.4051118716083548,0.9717093120514911,0.16110520628184627,0.9080839951375136,1.4934693715931668,0.13117006008286633,0.29601194555456317,992
0.6827966614490645,-1.8815044415473168,2.0,0.0,0.41469014066820964,1208.4698992843114,0.8261713090759203,0.6633152679376804,0.083794886842974,0.7207534505710153,0.7538921146392961,0.7521220822757024,0.7494989999775581,0.7583370325596354,0.7538921146392961,0.8207452165156093,616.7828280186444,-inf,0.40514171319101294,0.9716625835396966,0.161128249733718,0.9081565010179868,1.4937106219461327,0.13118593140273335,0.29604669151271534,993
0.28963781819544,0.8877997717822693,1.0,3.0,0.4144153701132598,1208.0904202423708,0.8269001743864428,0.6636030083927033,0.08379299092866932,0.720973046059428,0.7540738426468873,0.7523070839508504,0.74974527277226,0.7584526837780793,0.7540738426468871,0.8209255533199196,617.3777048719883,-inf,0.4051720477291599,0.9716159490490527,0.1611512468204954,0.9082301700269384,1.4939598826453526,0.13120203607033312,0.2960815562450121,994
-0.215823602648874,-1.4493530732947926,5.0,5.0,0.41451202274837756,1208.9457064906098,0.8269453655737662,0.663647111347541,0.08409090909090909,0.720998142347512,0.7541638753838882,0.7523996424667123,0.749896964763028,0.7584796212847783,0.7541638753838881,0.821105527638191,617.9722455771324,-inf,0.4052022278300873,0.9715710814755625,0.16117491154065552,0.9083039907628659,1.494216615399982,0.1312175120661838,0.29611526782825787,995
0.7927640196163598,0.1751214805101922,3.0,0.0,0.4140752117457122,1208.4267218075122,0.8277703675120787,0.6624479057591011,0.08408902691511387,0.7200133973784084,0.753646794148891,0.7518805960419164,0.7493173841819907,0.7580265238291565,0.753646794148891,0.820281124497992,618.5650713564802,-inf,0.40523314024348317,0.9715268767715797,0.16119864286548066,0.9083790835765639,1.4944766370105758,0.13123367416959267,0.29614909118868105,996
-0.8022780302240904,-0.3128789711120106,5.0,1.0,0.4142904634593003,1209.9201363903337,0.8272549638446781,0.6613131309145557,0.08367324866351473,0.7190912836452125,0.7532376696638823,0.7514701794057752,0.7488802923958641,0.7576460506989305,0.7532376696638823,0.8194583751253761,619.1582058249194,-inf,0.405263473232685,0.9714831362396039,0.16122232658483973,0.9084538034426092,1.4947196766615254,0.1312493572098473,0.2961823138444411,997
-0.9499871209324108,-0.8743315840473158,5.0,1.0,0.41385509420066985,1211.3706813436772,0.8279156794701606,0.6601867823057537,0.08326158702826804,0.7181767718092187,0.7528346478325797,0.7510659071596845,0.7484495225394482,0.7572714603826414,0.7528346478325797,0.8186372745490982,619.7516050989864,-inf,0.40529440581176557,0.9714374148242455,0.16124596284183534,0.908528186874832,1.4949421507968024,0.1312659632438034,0.2962168398799003,998
1.459874760406218,-0.3152575701948625,3.0,4.0,0.41401354756866704,1213.4850603494463,0.828318787824747,0.660224094668814,0.08325971844218975,0.7181869641018974,0.7529269041889189,0.7511608049330888,0.7485725115362644,0.7573322516218789,0.7529269041889189,0.8188188188188188,620.3459328820197,-inf,0.40532580159551423,0.9713917849432525,0.16126932859795695,0.908601697316005,1.4951693217453106,0.13128260205504688,0.2962511112522588,999
-0.4381948402441323,1.678014269369002,6.0,2.0,0.41436348816126944,1216.4659068888225,0.8282419385796378,0.6609287271688118,0.08325971844218975,0.7187766935785099,0.7531662050246732,0.7514035482769525,0.748814622807231,0.7575686595266015,0.7531662050246732,0.819,620.9420528560266,-inf,0.4053570937954627,0.9713462463220213,0.1612926476225663,0.9086736409781975,1.4954001331812716,0.13129914888716498,0.2962850759807843,1000
1.507388921890735,0.5881957009330309,1.0,3.0,0.4139652597292542,1217.5563596723846,0.8284575303309993,0.6612207949127734,0.08325786329917677,0.7189999368591574,0.7533480536193065,0.7515886400317253,0.7490600555242699,0.7576854277012092,0.7533480536193062,0.8191808191808192,621.5380711445544,-inf,0.4053884337819661,0.9713007986870462,0.16131592005571785,0.9087455481862592,1.4956310214757829,0.13131601742882737,0.2963190917678483,1001
1.5005382816245771,-0.5988368062065099,3.0,4.0,0.41391962615357525,1218.7833375816583,0.8294575099284592,0.6612596683454248,0.08325602145468003,0.7190120397163912,0.7534403584470902,0.7516835633649223,0.7491827326712062,0.7577466532155473,0.7534403584470902,0.8193612774451098,622.1341243046712,-inf,0.4054207936867388,0.9712554417659135,0.16133976683766468,0.9088173092144758,1.4958683503049697,0.13133299457334824,0.29635312272623887,1002
-0.3711342957038339,2.0401593555813737,6.0,2.0,0.41404985423921,1221.0758126294993,0.8295520663541,0.6619618047128496,0.08325602145468003,0.7196001098677544,0.7536780559883566,0.7519246692270724,0.7494231697133527,0.7579815327834233,0.7536780559883566,0.8195413758723828,622.7312745422834,-inf,0.4054531420897711,0.9712101752872956,0.16136356606870045,0.908888071362806,1.4961085015488416,0.13134986834731288,0.2963872195919523,1003
-1.4904488967330545,-0.8254855898567601,4.0,1.0,0.4137926210472822,1222.4663922136676,0.8302385263130878,0.6620979094098048,0.08325602145468003,0.7197299772689114,0.7537688287172719,0.7520177347348689,0.7494694569282866,0.7581178122610728,0.7537688287172719,0.8197211155378487,623.3286202770156,-inf,0.4054861491899016,0.971163695582475,0.16138731789090935,0.9089585601698875,1.4963282458477867,0.1313667967007235,0.2964223025504373,1004
1.46146083165823,0.0224462518406407,3.0,4.0,0.4139694643386052,1224.9455013834045,0.8301176004944665,0.6621385740402697,0.08325419276621539,0.7197440502558908,0.7538612805071377,0.7521127845843227,0.7495920222333012,0.7581794479706303,0.7538612805071377,0.8199004975124378,623.9272440393105,-inf,0.4055191738994034,0.9711173083745793,0.16141048815684444,0.9090279106413491,1.496550827506297,0.13138375881442285,0.29645703221599023,1005
1.5478052789773886,0.7117599370625195,1.0,3.0,0.4137847868262842,1226.2892830799017,0.8302195111086368,0.6624295432509416,0.08325237709332702,0.7199668761517004,0.7540417670846845,0.7522964700484165,0.7498353586459894,0.7582956357834681,0.7540417670846846,0.820079522862823,624.5260134618162,-inf,0.4055521311793838,0.971071013387773,0.16143361235863254,0.9090970299387349,1.49677383098829,0.13140072804637204,0.29649179661296643,1006
-0.5121896140653968,-1.877247846187974,5.0,5.0,0.4141640047770625,1228.305240494363,0.829284264831327,0.6624686566858627,0.08354850100550712,0.7199880731606717,0.7541288627913918,0.7523860173098441,0.7499852168231849,0.7583185501779932,0.7541288627913918,0.82025819265144,625.1255956137851,-inf,0.40558395132444935,0.9710290410465141,0.1614573888911804,0.9091653872215821,1.4970052291256066,0.1314177741285127,0.29652358812167845,1007
1.6140414179481588,-0.046435817613225,3.0,4.0,0.41450524671646943,1231.2919872864838,0.828632368732532,0.6625119630081857,0.08354669820973142,0.7200049553996258,0.7542214903376342,0.7524812223891275,0.750107547563256,0.7583808075630591,0.7542214903376341,0.8204365079365079,625.7269511610793,-inf,0.4056154732153546,0.9709871519837099,0.16148045580206627,0.9092322223798442,1.497240681736699,0.13143456158035918,0.2965549952373037,1008
-1.1046636540910586,-1.2438339272100327,5.0,5.0,0.41451929194508025,1234.041250641944,0.8287344880730866,0.6625541667010434,0.08383991894630193,0.72002933723026,0.7543087995837607,0.7525709695568488,0.7502570498820549,0.7584045497117333,0.7543087995837606,0.8206144697720515,626.3298394658175,-inf,0.4056470970923838,0.9709442060101438,0.1615031522419952,0.9092977326291801,1.497478492896545,0.13145158066689658,0.29658693188187985,1009
-0.1151934355180992,1.7575381646959698,6.0,2.0,0.4146119938767559,1235.8254453111265,0.8288968942107102,0.6632484592597556,0.08383991894630193,0.7206108888646827,0.7545441548975917,0.7528096749014794,0.7504950026653946,0.7586372369976824,0.7545441548975919,0.8207920792079207,626.933300461704,-inf,0.4056787496307251,0.9709013450781093,0.16152580373847872,0.9093626803805956,1.4977195275738182,0.13146854685118728,0.2966188582479035,1010
-0.2992895903057744,1.6411667494621118,6.0,2.0,0.4148945848435949,1238.4173305833522,0.8289005792933207,0.6639431121876338,0.08383991894630193,0.7211932398293951,0.7547784415297952,0.7530472928745774,0.7507318774048801,0.7588688653126568,0.7547784415297951,0.820969337289812,627.538131352032,-inf,0.4057103400988761,0.9708585689352578,0.16154841042488016,0.9094264399264999,1.4979641317446513,0.13148544712471907,0.29665054148173325,1011
-0.4743590437315411,1.360094321101092,6.0,2.0,0.41525383219884043,1241.0122396663676,0.8287843519464598,0.6646381029735329,0.08383991894630193,0.7217763650580279,0.7550116683051309,0.7532838324765643,0.7509676829897239,0.7590994434140124,0.7550116683051309,0.8211462450592886,628.1443310638051,-inf,0.4057418254934923,0.9708158773302381,0.1615709724340358,0.9094890168693127,1.49821297429635,0.13150230106191824,0.2966818703676505,1012
-0.6922095773885739,-0.2262609359849974,5.0,1.0,0.4154018234535333,1241.925609201129,0.828413539521644,0.6635256264251719,0.08343341488126126,0.7208723716029085,0.754614812206067,0.7528857547227249,0.7505444086614356,0.7587296062717416,0.7546148122060671,0.8203356367226061,628.7502355831904,-inf,0.4057727905633877,0.970773932979056,0.1615934898982572,0.9095517178783196,1.498445957130664,0.13151862965707492,0.2967125114928593,1013
-0.413837914765517,-0.3833885988706419,5.0,1.0,0.41524243587108906,1241.627281007267,0.8287385235050619,0.6624212832881501,0.08303085745762877,0.7199757170427711,0.7542237405039851,0.7524935002272155,0.7501271222286067,0.7583653496509306,0.7542237405039852,0.8195266272189349,629.354650815364,-inf,0.4058039653835762,0.9707317747092122,0.16161596294933425,0.9096154789045083,1.4986624609802357,0.13153472854887727,0.29674337987920857,1014
-0.0887644358371243,-1.1092189691500958,5.0,5.0,0.4149204856025507,1240.7962177427776,0.8299753598437665,0.6624562939732838,0.08332232060261661,0.719994691331274,0.7543079378517765,0.752580083212809,0.7502750128137033,0.7583844532598627,0.7543079378517764,0.819704433497537,629.9570563000216,-inf,0.40583637475389134,0.9706891112028156,0.16163980699904273,0.9096807099842475,1.4988848659149612,0.1315505801766228,0.29677494366613283,1015
-0.7951402273250848,1.2541009960644187,6.0,2.0,0.41525356412222464,1243.2179470086696,0.8298541876926099,0.6631521044180527,0.08332232060261661,0.7205785406933837,0.7545405271588067,0.7528159635344338,0.7505101572036877,0.7586144184047967,0.7545405271588067,0.8198818897637795,630.5606595389081,-inf,0.40586864890937163,0.9706465316796997,0.16166360411164551,0.9097448917670033,1.4991118966596877,0.1315663536382546,0.29680621730046725,1016
1.5402142419923806,0.9199310952204652,1.0,3.0,0.4153189117723628,1244.9548332778159,0.8297891958813285,0.6634395930013997,0.08332053054744713,0.7207985415483281,0.7547194607685421,0.7529980282337004,0.7507507685296249,0.758730335375214,0.7547194607685421,0.8200589970501475,631.1647836035481,-inf,0.4059006961820389,0.9706040358921255,0.16168735442560012,0.9098085577381942,1.4993402260643083,0.13158175946885117,0.29683749341143295,1017
1.3116450848671035,0.0004306284676267,3.0,4.0,0.4153184341982755,1246.7666831213446,0.8302150985868972,0.6634847854531202,0.08331875309829995,0.7208170089138667,0.7548123240616523,0.7530934248406392,0.7508727398270081,0.7587934657605105,0.7548123240616523,0.8202357563850687,631.7695005971806,-inf,0.40593320866194493,0.9705616235933284,0.16171080795344536,0.9098716529689933,1.4995706147678762,0.13159755970838494,0.29686852034853056,1018
-1.658020580357289,-0.3354206277130686,5.0,1.0,0.41532947625202016,1247.8672984243428,0.830139969513085,0.6623894969603344,0.08292060052623432,0.71992799439245,0.7544266582994373,0.7527066082472735,0.7504620218911673,0.758433406956606,0.7544266582994374,0.8194308145240432,632.3741108011326,-inf,0.4059655669140304,0.9705203614008461,0.16173421544885125,0.9099347249910225,1.4997841619422851,0.13161266863883875,0.2968989100088135,1019
-0.5257382945466473,-0.4059265679652245,4.0,1.0,0.41528149438725714,1248.2724957836438,0.8302752705406911,0.6625097643667697,0.08292060052623432,0.720044098134066,0.7545127830987486,0.7527949296286186,0.7505014780494653,0.7585671980744058,0.7545127830987486,0.8196078431372549,632.9779327471939,-inf,0.4059979226315824,0.9704788730632454,0.1617575770472073,0.9099983058088175,1.499981343654924,0.13162756780836038,0.2969293985885179,1020
-1.5815484404859446,-0.0144676696328115,4.0,1.0,0.4153216552273261,1248.7451096134798,0.8298253995575741,0.662632673036493,0.08292060052623432,0.7201628860904125,0.754598970238886,0.7528833054971019,0.7505413229936286,0.7587007296374346,0.754598970238886,0.8197845249755142,633.5810347813431,-inf,0.406029747627203,0.9704398490291488,0.16178089288337266,0.9100623419394457,1.5001641266484411,0.13164216520347208,0.29695840685721453,1021
-0.7083516891368651,-0.4482406803661087,4.0,1.0,0.4154125880943768,1250.054802417042,0.8296628150825957,0.6627582015154025,0.08292060052623432,0.7202843362350518,0.7546852146709715,0.7529717308347172,0.7505815478779819,0.75883400023191,0.7546852146709715,0.8199608610567515,634.1842380764857,-inf,0.40606133586635657,0.970400572197302,0.1618041630916786,0.9101261921334445,1.5003305387916919,0.13165655779627652,0.29698737413379395,1022
0.5800237603397108,0.2773053450446136,3.0,0.0,0.4149283285012209,1248.9267395227093,0.8303915117763087,0.6616039131803014,0.08291883555041449,0.7193352275556555,0.7541815170248888,0.7524661695974441,0.7500236995585071,0.7583856898656047,0.7541815170248888,0.8191593352883676,634.7851593877723,-inf,0.4060935697615139,0.9703611839422235,0.16182735026427125,0.9101917178468089,1.5005008398715534,0.13167133332862793,0.2970165503097039,1023
-0.587690806954082,-1.3042793532747827,5.0,5.0,0.41509520127304905,1251.3616670577999,0.8299334891729101,0.6616387412090029,0.08320802005012531,0.7193539953278096,0.7542647060624202,0.7525517009285875,0.750170795851802,0.7584035448886682,0.7542647060624202,0.8193359375,635.3872848835438,-inf,0.40612534230304476,0.9703219299843988,0.16185002207120613,0.9102561952458251,1.5006759516655985,0.13168584014273688,0.29704537412357557,1024
-1.2159759272558228,1.573202903584903,6.0,2.0,0.415265677054751,1253.465015654383,0.829853377811244,0.6623279034572023,0.08320802005012531,0.7199317425411083,0.7544957847926688,0.7527860206083264,0.7504044503914609,0.7586319770874977,0.7544957847926689,0.8195121951219512,635.9902875477105,-inf,0.4061569918800837,0.9702827526196626,0.16187264964046896,0.9103198826675739,1.50085525429045,0.13170031696949416,0.2970742619191496,1025
0.6584530433760712,-1.6114847231561855,1.0,0.0,0.4148058954672254,1249.919014335391,0.8301115623131253,0.6606941185897184,0.08320802005012531,0.7185885304971016,0.7534139668898542,0.7516982727713174,0.749289438107435,0.7575841546598725,0.7534139668898543,0.8187134502923976,636.588658626451,-inf,0.4061889830967713,0.9702362716565157,0.16189376496058294,0.9103870791221286,1.5010386581949826,0.1317144036089997,0.2971042906376835,1026
-0.3796403983527084,-0.9506921781222828,5.0,1.0,0.41385407367960475,1248.624519816483,0.8316516466134751,0.6596063086842457,0.0828141783029001,0.7177068550294843,0.7530316693651687,0.7513148471281803,0.7488810356077926,0.7572285688867599,0.7530316693651687,0.8179162609542356,637.1846039635394,-inf,0.40622263113012536,0.9701871187285278,0.16191483916030722,0.9104560690554614,1.501202950632632,0.1317303932397484,0.29713664254941025,1027
1.4904589862793574,0.8381542839779266,1.0,3.0,0.41390781054327225,1250.4758479868874,0.8315584495861942,0.6598927568873926,0.08281242566956852,0.7179256572522532,0.7532094367478276,0.7514956970901192,0.7491205936424749,0.7573431601899663,0.7532094367478276,0.8180933852140078,637.7811907767918,-inf,0.40625605507223145,0.9701380614288044,0.16193587235964294,0.9105244451078824,1.5013685200511426,0.13174613105950272,0.2971689233764396,1028
-0.9593224112272706,-0.9936555689822534,5.0,1.0,0.4131917393437921,1251.523924177687,0.8325507668118818,0.6588142601387723,0.08242231701947343,0.7170520951315886,0.7528329134150515,0.7511180832935143,0.7487180931805002,0.7569932122183332,0.7528329134150515,0.8172983479105929,638.3776365818461,-inf,0.40629041582169506,0.9700867066170409,0.1619568646781247,0.9105928219012895,1.5015145802398606,0.13176321482668268,0.2972028964820896,1029
0.6123325215248451,-1.5848027805618228,1.0,0.0,0.4127512889037942,1248.3161116535475,0.8326917848105787,0.6571995596747314,0.08242231701947343,0.7157252817770516,0.7517819764505128,0.7500614532948342,0.7476354892469186,0.7559747141193656,0.7517819764505128,0.816504854368932,638.9698098586148,-inf,0.4063249358745903,0.9700289767797726,0.1619765207342982,0.910664446394605,1.5016649053111955,0.1317799155834998,0.29723791594228255,1030
-0.3142526671851836,0.8385683702609981,6.0,2.0,0.41263604042215846,1247.8005310638714,0.8329551970165933,0.6578929584358703,0.08242231701947343,0.7163063310594483,0.7520141466788972,0.7502968612587986,0.7478702371579691,0.7562042344389962,0.7520141466788972,0.8166828322017459,639.5603343214714,-inf,0.40635954204678276,0.9699713589305495,0.16199613866039178,0.9107372592243712,1.5018203476837377,0.13179679839356226,0.2972730686332239,1031
-0.6067099898919234,1.2973682500637354,6.0,2.0,0.41300858319007416,1250.3624068319223,0.8328130512680324,0.6585866798167477,0.08242231701947343,0.7168881310200882,0.7522452880479439,0.7505312227412128,0.7481039471927703,0.7564327352636591,0.7522452880479437,0.8168604651162791,640.1521967948343,-inf,0.4063940230277255,0.9699138527438249,0.16201571856724875,0.9108089038547567,1.5019801451908181,0.1318136216759834,0.29730786747567334,1032
-0.8041699189954288,-1.506846658476673,5.0,5.0,0.4133718860040359,1253.5144210498659,0.8317798039580387,0.6586202619658158,0.08270974308710158,0.7169060713964587,0.7523276224116577,0.7506158694703601,0.7482512386190484,0.7564486648075964,0.7523276224116578,0.8170377541142304,640.7459646789148,-inf,0.40642757781304706,0.9698575431281325,0.16203472154771817,0.9108789395927378,1.502144841783292,0.13182994971192355,0.29734152404950637,1033
0.4424419155713973,-0.3982484372107002,2.0,0.0,0.4136305799961106,1254.861154305052,0.8306879977798118,0.6588194253587372,0.08270974308710158,0.7170781353824879,0.7524524114496539,0.7507431793812789,0.7483070989785471,0.7566439063928917,0.7524524114496539,0.8172147001934236,641.3398865257485,-inf,0.40646018936787615,0.9698053099039726,0.16205447820614535,0.9109487442611349,1.5023139821327491,0.131845787296698,0.2973748279280885,1034
1.706781613351542,0.6759626454170307,1.0,3.0,0.4132113750919348,1255.5217219169238,0.8309703314910113,0.6591020226522665,0.08270800266724268,0.7172940344917255,0.7526282155655258,0.7509220207216644,0.74854500729723,0.7567562148218454,0.7526282155655256,0.8173913043478261,641.9332989270926,-inf,0.40649291032957385,0.9697531776135794,0.1620741966874548,0.9110188377729079,1.5024826710158596,0.1318617856117404,0.2974083871329423,1035
-1.3805790080861695,-0.007913051001382,4.0,1.0,0.41335766174891636,1256.4864049051132,0.8303522454982527,0.6592260651956485,0.08270800266724268,0.7174136744774435,0.7527139413540257,0.7510098899476503,0.7485839089530064,0.756889798400925,0.7527139413540257,0.8175675675675675,642.5264969058359,-inf,0.4065248552105198,0.9697032897911626,0.16209387710219797,0.9110889889741299,1.5026377205553978,0.13187743581668526,0.297440382848416,1036
0.4026480623746977,0.7685900108266427,1.0,3.0,0.4132491319331431,1256.57174043313,0.8309117566177812,0.6595100998584619,0.08270627433363283,0.7176312810844739,0.7528890477096178,0.7511880123732161,0.7488206138949172,0.757001931622344,0.7528890477096178,0.8177434908389586,643.118633109816,-inf,0.40655714586636593,0.969653498184411,0.16211351956050002,0.9111598613641404,1.5027992683249958,0.13189331960197004,0.2974723695433153,1037
0.2243448048713598,-0.8325953043496475,2.0,0.0,0.41322740519946893,1256.972851673182,0.8299178268232428,0.6597094877364765,0.08270627433363283,0.7178037083852158,0.7530132094776325,0.7513146684752688,0.7488764556180624,0.7571959196154949,0.7530132094776326,0.8179190751445087,643.7100148232681,-inf,0.40658819767426413,0.9696057462440248,0.16213351048141206,0.9112312142361898,1.5029660513761076,0.13190878201969736,0.29750427623806974,1038
-1.0788300016023449,1.6748449539068997,6.0,2.0,0.4134946216546134,1259.659127810323,0.8298102350481186,0.6603941969359679,0.08270627433363283,0.7183778259013986,0.7532420440213381,0.7515466688892662,0.7491078458823839,0.7574221272578496,0.7532420440213381,0.8180943214629451,644.3028436134384,-inf,0.40661911080526175,0.9695580862226773,0.16215346292124447,0.9113013244720071,1.5031366397594763,0.13192420161612878,0.2975361114646916,1039
1.4115726024411663,1.082751166038766,1.0,3.0,0.41372067149172237,1261.84074926432,0.8295629953553068,0.6606779282116103,0.0827045579608092,0.7185956472370146,0.7534161369949768,0.7517237490662037,0.7493430154960925,0.7575337801332787,0.7534161369949769,0.8182692307692307,644.8966300611797,-inf,0.4066496673039166,0.9695105178552165,0.1621733769910002,0.9113705783454391,1.5033098782532832,0.131939140728558,0.2975678422513124,1040
1.5236758806687096,-0.941034446524868,3.0,0.0,0.41283730932788565,1259.6214266890709,0.8312833518933939,0.6595529136862595,0.0827028534250395,0.7176707950023056,0.7529257793401036,0.751231634340173,0.7487960256117344,0.7571013384621127,0.7529257793401035,0.8174831892411143,645.487143794732,-inf,0.4066819524229582,0.9694579586250692,0.1621922427212181,0.9114422785944051,1.503484148111486,0.13195502647202462,0.29760042494122724,1041
-0.9812413968093892,-1.296051977642829,5.0,5.0,0.4129772819135552,1262.562554890509,0.8308886970053928,0.6595882562831971,0.08298758065635191,0.7176900847833038,0.7530081775726354,0.7513163072253582,0.7489424931683897,0.7571182445901683,0.7530081775726355,0.817658349328215,646.0793466844592,-inf,0.4067139745744121,0.969404951388312,0.16221055783750393,0.9115125490398323,1.503661434425018,0.13197087719197503,0.2976330715263807,1042
-0.4662559474765519,-0.3669358185213683,5.0,1.0,0.41289629209621614,1262.5974849993247,0.8310691529422837,0.6585289938046743,0.08260209014317942,0.7168319498640944,0.7526380976051803,0.7509451777754904,0.7485480934745654,0.7567730421670374,0.7526380976051804,0.8168744007670182,646.6704474882127,-inf,0.4067460464280493,0.9693518762570774,0.16222883783372016,0.9115835698589573,1.5038235703406624,0.1319864513249017,0.29766578612123973,1043
-1.3451672996947073,-0.0341268100168398,4.0,1.0,0.4130690925307787,1263.7357462005698,0.8304430156870248,0.6586512491555946,0.08260209014317942,0.7169499925292367,0.7527227721929587,0.7510319604802798,0.7485856685425271,0.7569058578693396,0.7527227721929586,0.8170498084291188,647.2615062034544,-inf,0.4067773367548235,0.9693008544791935,0.16224708281078656,0.9116545138526778,1.5039721719455201,0.1320016329100669,0.2976970229344019,1044
0.1993369062337746,1.002405470410307,1.0,3.0,0.4125775354688604,1262.6419422952417,0.8313040664810089,0.6589387417894327,0.0826003973224322,0.7171710731743131,0.7528968767331486,0.7512090313733829,0.7488201400544666,0.7570182456485769,0.7528968767331486,0.8172248803827751,647.8503870035422,-inf,0.40680921008741444,0.9692499303506453,0.16226529286923655,0.9117270486121589,1.504129037545044,0.13201708606262982,0.29772855087586575,1045
-0.7718665779916748,1.7426429739963076,6.0,2.0,0.41293757344636695,1265.8898227348723,0.8311672631777168,0.6596195593467917,0.0826003973224322,0.7177417442643363,0.7531244808070962,0.7514397629280045,0.7490502475669454,0.7572432775665441,0.7531244808070962,0.8173996175908221,648.4412468847386,-inf,0.406840939479907,0.9691991035913678,0.16228346810921918,0.9117979288605994,1.5042893740470997,0.13203245669580443,0.2977598328964801,1046
1.5266885070820029,-0.2769354382160301,3.0,4.0,0.413191543265803,1268.3568491469828,0.831274365190375,0.6596650379840764,0.08259871609634764,0.717759092972246,0.7532163516116025,0.7515340657921687,0.7491728670540212,0.7573037205408149,0.7532163516116025,0.8175740210124164,649.0333343749604,-inf,0.40687285589278255,0.969148373922366,0.16230125221489977,0.9118677458582335,1.5044542576545896,0.13204770944888086,0.29779083536373807,1047
-1.1541906070480017,-0.2101869936913493,4.0,1.0,0.4134704186506489,1270.2114410762076,0.830570249275692,0.659787408438903,0.08259871609634764,0.7178772647222597,0.7533007708284075,0.7516205723448146,0.7492105375277973,0.7574359096519476,0.7533007708284076,0.8177480916030534,649.6260615760111,-inf,0.406904002671686,0.9690987904730592,0.1623190023814474,0.9119369589221291,1.5046047939316414,0.1320624315991161,0.29782080183041343,1048
0.1437013199485097,0.5445205883110719,1.0,0.0,0.4127003726720438,1265.765821262467,0.8315908845486047,0.6581994876651709,0.08259871609634764,0.7165729335919883,0.7522832948966578,0.7505976988275528,0.7481637342172798,0.7564484732444341,0.7522832948966577,0.8169685414680649,650.2134207368181,-inf,0.40693641367061384,0.9690439146132551,0.16233565619734366,0.9120102397025385,1.5047603669442722,0.1320773901585602,0.2978516632809591,1049
1.0895731362286267,1.3350721444830125,1.0,3.0,0.4129680046201511,1267.8490460165187,0.8313474866864438,0.6584835623851012,0.08259704634620905,0.7167916786159271,0.7524554427022989,0.7507727753562671,0.7483966576372926,0.7565584919027495,0.7524554427022989,0.8171428571428572,650.8016451418464,-inf,0.40696845104686474,0.9689891432788981,0.16235227829168586,0.9120827349543452,1.5049210449461992,0.1320920734432885,0.2978824156749696,1050
0.8796854918625053,0.156153802612602,3.0,0.0,0.412536143298607,1267.3182064524913,0.8322795203500322,0.6573786459012126,0.08259538795491495,0.7158835605179253,0.7519755012404071,0.7502911539505545,0.7478613159086221,0.7561352034427746,0.7519755012404071,0.8163653663177926,651.3882451050343,-inf,0.40700129680272973,0.968934861993388,0.16236894485361003,0.9121563869972236,1.5050844895439606,0.13210754406691178,0.29791329363086827,1051
0.6166004665167887,0.6333980844774862,1.0,3.0,0.4125039291934842,1268.185607421621,0.8325359053758831,0.6576662127591336,0.08259374080695163,0.7161056677823804,0.7521475463874157,0.7504661155038944,0.7480936114630611,0.7562456574192793,0.7521475463874158,0.8165399239543726,651.974554384803,-inf,0.4070342956547403,0.9688806839042383,0.1623855797300552,0.9122301551498158,1.5052526066717984,0.13212332613510588,0.2979439989586986,1052
-1.4134509066820882,-1.1594536006932106,4.0,1.0,0.41165726547624815,1268.3792682075546,0.834028934663083,0.6577950956272539,0.08259374080695163,0.7162292504179258,0.75223321413123,0.7505538680008282,0.7481330696481429,0.7563785479714373,0.7522332141312301,0.8167141500474834,652.5599339800763,-inf,0.40706890423116704,0.9688240597944915,0.16240218301129355,0.9123045381482782,1.5054008046931204,0.13214051320681847,0.2979769271016375,1053
-1.0241341500801688,-0.8075920778832656,5.0,1.0,0.41144922532385725,1270.1425723902355,0.8343997588373062,0.6567515113159312,0.0822118362520412,0.7153843850981497,0.7518689353749092,0.7501885784616542,0.7477423099545875,0.7560413614358409,0.7518689353749092,0.8159392789373814,653.1458757622491,-inf,0.4071038031726969,0.968766091614774,0.16241875478725432,0.9123783716674211,1.5055315794416582,0.1321581842188995,0.2980107003493126,1054
1.6716083658202388,-0.2595420665422355,3.0,4.0,0.41179554667021606,1273.028382420201,0.8341756408628686,0.6567999195637887,0.08221020023345604,0.7154042747852285,0.7519607574856053,0.7502828068408385,0.747865698820605,0.7561009093676928,0.7519607574856053,0.8161137440758294,653.7334421192709,-inf,0.4071385507919644,0.9687082333273405,0.16243486953626965,0.9124508312212398,1.505667535278209,0.1321755556358367,0.29804416641157083,1055
-0.5365646887872445,0.9122647481106344,6.0,2.0,0.41187742650834586,1273.564886653459,0.834299787827955,0.6574761695282232,0.08221020023345604,0.7159706237453652,0.7521876207497873,0.7505127574420839,0.7480950528179835,0.7563252130265807,0.7521876207497872,0.8162878787878788,654.3204037144736,-inf,0.4071732925620658,0.9686504846199966,0.162450953764927,0.9125236513474886,1.5058083567396292,0.13219298391078718,0.29807758525727795,1056
-0.3715684002125989,2.004122107511824,6.0,2.0,0.41202934513406675,1275.9420272098823,0.8343767771248768,0.6581527390373075,0.08221020023345604,0.7165377013742842,0.7524135007992716,0.7507417084000436,0.7483234150759184,0.7565485423195896,0.7524135007992717,0.8164616840113529,654.9085036420947,-inf,0.4072080058562665,0.9685928451817302,0.16246700755984989,0.9125954796453731,1.5059518923420725,0.13221031272904393,0.2981110145127572,1057
0.2118115583734642,-0.4958840033423878,2.0,0.0,0.41217737335228016,1276.6814310837556,0.8333360413800802,0.6583378664760288,0.08221020023345604,0.716697604783743,0.7525335802780115,0.7508641858033706,0.7483742016386183,0.756739452027005,0.7525335802780116,0.8166351606805293,655.4961907190717,-inf,0.4072415778205911,0.9685381966482521,0.16248360064879647,0.9126675194848624,1.5061004476309952,0.1322271856999401,0.2981442247826915,1058
-1.4168012551085258,-0.4884669836071872,4.0,1.0,0.4123054311030927,1278.6645467304675,0.8331725653952952,0.6584625684915524,0.08221020023345604,0.7168178387823267,0.752617804406196,0.750950461195455,0.7484119226031245,0.7568712253066991,0.752617804406196,0.8168083097261567,656.0846405358907,-inf,0.40727487693628284,0.9684838108465608,0.16250016240046458,0.9127388613276441,1.5062333479295207,0.13224356016430558,0.29817713806014345,1059
1.1340353526286608,0.052612958465141,3.0,0.0,0.4115068533112369,1277.972053371876,0.834494738360485,0.6573711380892033,0.08220857523183103,0.7159211626556405,0.7521462909174849,0.7504773222702282,0.7478863290203037,0.7564550603238339,0.7521462909174849,0.8160377358490566,656.6713267744153,-inf,0.4073093615679645,0.9684291180819565,0.16251661196199668,0.9128114595750573,1.5063682302563706,0.13226124170902764,0.29821027674694217,1060
-0.9803612256899495,-0.9464891659399776,5.0,1.0,0.41094456635814713,1279.2533775872398,0.8352936969305093,0.656341536489987,0.08183020683020682,0.7150879507498661,0.7517880846808536,0.7501181435267966,0.747501312696698,0.7561243078343216,0.7517880846808536,0.8152686145146089,657.2581147582163,-inf,0.40734454979413837,0.9683725185749539,0.16253303051587276,0.9128838707871848,1.5064852607346975,0.1322799567155754,0.29824479922865726,1061
-0.6185100230759341,-1.0871135325712955,4.0,5.0,0.41078862489031287,1281.0732097811522,0.8356317753727175,0.6551624174255459,0.08145532569495703,0.7140948132225169,0.7509464658445192,0.749272569847228,0.7467127650058442,0.7552284487793676,0.7509464658445192,0.8145009416195856,657.8455112695373,-inf,0.40737997945143223,0.9683146720482988,0.16254915530911013,0.9129557038982017,1.5066056365993274,0.13229909810596055,0.2982800660330367,1062
1.6794566445061183,-0.2013763092137682,3.0,4.0,0.4111568249497762,1284.0800658140195,0.8352473230176453,0.6552116567140174,0.08145371159938321,0.7141155384621813,0.7510379133834569,0.7493663940104024,0.7468366218541892,0.7552867406272081,0.7510379133834568,0.8146754468485419,658.4346312644051,-inf,0.4074151602865957,0.9682569343580063,0.16256475510795354,0.9130261019868964,1.5067308743371837,0.13231792204619516,0.29831500097668584,1063
0.8257949497281897,-1.4435500401455212,1.0,0.0,0.4109119750941671,1282.0177526071059,0.8355536614781295,0.6536585719530008,0.08145371159938321,0.7128405966056532,0.750053435673159,0.7483768059101205,0.7458231800784157,0.7543319524144314,0.7500534356731587,0.8139097744360902,659.0207056265692,-inf,0.4074505264492719,0.9681952194972913,0.1625795186077287,0.9130987408944709,1.5068594324369986,0.1323362264450562,0.2983506657728242,1064
0.5881860543890772,0.6618951691505282,1.0,3.0,0.41089702805999395,1282.8633952340779,0.8358134297521554,0.6539448943887799,0.08145210830043528,0.7130612499437565,0.7502248119809191,0.7485510534809379,0.7460547216745805,0.754441781956758,0.7502248119809192,0.8140845070422535,659.6064734102384,-inf,0.40748603733404554,0.9681336205330283,0.16259425438262168,0.9131715087512301,1.5069928236033854,0.13235478977984164,0.29838615614464525,1065
0.8451755248973332,-1.4879814196677936,1.0,0.0,0.41062441289121293,1280.4851778129926,0.836181983862097,0.6523984478314995,0.08145210830043528,0.7117924389795678,0.7492631848704842,0.7475844752590532,0.7450652886482209,0.7535086532571403,0.7492631848704843,0.8133208255159474,660.1889112192465,-inf,0.4075218401555812,0.9680674675868678,0.16260804021649286,0.9132467451094269,1.5071294741280266,0.13237284852303774,0.29842246531533667,1066
-0.4102650903358781,1.847750993250532,6.0,2.0,0.4108838628375006,1283.2854913179924,0.8361805944330599,0.6530760702932523,0.08145210830043528,0.7123598200172533,0.7494901690629439,0.7478145163869115,0.7452947812130822,0.7537330573678549,0.749490169062944,0.8134957825679475,660.7728817722913,-inf,0.4075575673086467,0.9680014386387318,0.16262180021000064,0.9133206852570399,1.5072691061575767,0.13239081263458674,0.29845860623393033,1067
0.5346840561880972,1.133531832857734,1.0,3.0,0.4108964798813556,1284.3224271524284,0.8363350329973658,0.6533601668754924,0.08145051569014702,0.7125792551228121,0.7496598857807577,0.7479870781348286,0.7455251260136843,0.7538407649448714,0.7496598857807576,0.8136704119850188,661.356729661224,-inf,0.4075932719010223,0.9679355333403113,0.16263553443573028,0.9133946117624504,1.5074154667738737,0.1324087271174725,0.29849464747314497,1068
0.5409631578810454,0.5765841133588515,1.0,3.0,0.4107517979672584,1284.690929482741,0.8367783884194618,0.6536462581538547,0.08144893366198692,0.7128009680294684,0.7498290655146689,0.7481590883366528,0.7457544807975313,0.7539484195202957,0.7498290655146688,0.813844714686623,661.939829941693,-inf,0.4076292527227236,0.9678697513446006,0.1626492429659955,0.913469007490164,1.507566485856455,0.13242708623609864,0.29853059085703315,1069
-0.3952973116297601,-0.700734384373849,4.0,1.0,0.41027406079758166,1284.220842216769,0.8376605875258583,0.6537726214107961,0.08144893366198692,0.7129224441237778,0.7499129485373072,0.7482449998523538,0.7457929204424687,0.7540787505351085,0.7499129485373072,0.814018691588785,662.5214009812025,-inf,0.4076660367207209,0.9678025934111774,0.1626629258728397,0.9135444771296506,1.507701488230401,0.13244609885164624,0.2985677521172902,1070
-0.6935428011732222,1.3205897384210024,6.0,2.0,0.4106428578180519,1286.8726185265937,0.8375028269233818,0.6544458983844201,0.08144893366198692,0.7134863807246653,0.7501382996284439,0.7484733741383612,0.7460207267025559,0.7543015777294986,0.750138299628444,0.8141923436041083,663.10436196864,-inf,0.40770268412743804,0.9677355608893945,0.16267658322803713,0.9136187635992802,1.5078405635227372,0.13246503535114015,0.29860457719724964,1071
-0.6106948258375301,1.0489445787490137,6.0,2.0,0.4108626665471736,1288.311466240002,0.8375205352709362,0.6551194823411401,0.08144893366198692,0.7140510255372873,0.7503626885788299,0.7487007704391341,0.7462475625806545,0.754523451342483,0.7503626885788298,0.8143656716417911,663.6875775509825,-inf,0.4077392645026544,0.9676686534282866,0.16269021510309428,0.9136927457139357,1.507984144812505,0.13248396052585348,0.2986412113921607,1072
-1.0167262530322922,-1.7121409163083174,5.0,5.0,0.41126109328815474,1291.4427014419139,0.8367415631867345,0.6551480238047769,0.08173279979796486,0.7140635817978573,0.7504419953670685,0.7487822448983267,0.7463902085742926,0.7545380125963472,0.7504419953670686,0.8145386766076421,664.2726242647672,-inf,0.40777496189140233,0.9676038650657143,0.16270381128035352,0.9137652122409173,1.5081324730428773,0.1325023411722607,0.2986761692513203,1073
0.6026297841545325,-1.9116816297809007,2.0,0.0,0.4105474554526566,1285.1124524537663,0.8371746937643794,0.6553238170411847,0.08173279979796486,0.7142155201836466,0.7505595258767715,0.748902111662389,0.7464373861695847,0.7547274467688296,0.7505595258767714,0.8147113594040968,664.8506874195057,-inf,0.4078116370842993,0.9675276975165883,0.16271511227677507,0.9138429604726778,1.508284846031273,0.13252065075863062,0.2987129231750355,1074
1.1254954620905664,0.6304394703896661,1.0,3.0,0.4105895748034513,1287.0338078050504,0.8369709390631236,0.655606914360781,0.08173122824681243,0.7144349622526384,0.7507272885259623,0.7490726631826002,0.7466647005171149,0.7548343273141749,0.7507272885259623,0.8148837209302325,665.4294624152132,-inf,0.4078481556136934,0.9674516716745307,0.16272639224808702,0.9139200464763859,1.5084393749254292,0.13253910541825625,0.2987493994384802,1075
-0.7069782561185338,-0.984481561706258,5.0,5.0,0.4102001069175808,1288.5995769264252,0.8377253124294141,0.6556375984360734,0.0820125019979869,0.7144497363073651,0.7508066845712579,0.7491542109687909,0.7468068847414554,0.7548495599155605,0.7508066845712579,0.8150557620817844,666.0086167967291,-inf,0.40788529927478634,0.9673737644176463,0.1627375196506608,0.9139967291111768,1.5085962838859062,0.1325585373841256,0.2987872063285386,1076
0.5747563829243612,0.4570225837078683,1.0,3.0,0.4099187759900186,1288.6620703631784,0.8382814919987579,0.6559222168613632,0.08201094082010942,0.7146710459279958,0.7509737997794126,0.749324096102446,0.7470330244792996,0.7549563726086564,0.7509737997794126,0.8152274837511606,666.5867537081186,-inf,0.4079228088214828,0.9672960018353336,0.16274862638953436,0.914074089100994,1.5087572209180808,0.13257866716374334,0.29882496415573095,1077
1.5485945110179296,0.4608332203465549,1.0,4.0,0.40958342403044584,1290.4033867088278,0.83842907848089,0.654819728870363,0.08201094082010942,0.7137419555900074,0.7502702027882553,0.7486174961724186,0.7463925157238559,0.7541883912847851,0.7502702027882553,0.8144712430426716,667.1654333305682,-inf,0.4079601840893269,0.9672183835249736,0.16275992381217777,0.9141509197879034,1.5089190126339471,0.13259898951930496,0.29886261444414625,1078
-1.321640333935559,0.8129403650947736,6.0,2.0,0.4092111735707225,1288.8325499386613,0.8385746409758542,0.6554878975785784,0.08201094082010942,0.7143021002866644,0.7504931480203039,0.7488434089900422,0.7466177536248796,0.7544089835768749,0.7504931480203039,0.8146431881371641,667.7415845044403,-inf,0.4079976132742444,0.9671409090854386,0.16277120029427875,0.9142295970350435,1.5090860199185652,0.13261922198824966,0.2989008439250048,1079
1.1798527174132585,1.3760034715194072,1.0,3.0,0.40944873337771687,1290.7296090120965,0.838396897339734,0.65576968346502,0.08200938991313901,0.7145218073767688,0.7506584169505426,0.7490114192310822,0.7468424547219883,0.7545135744645326,0.7506584169505427,0.8148148148148148,668.3184252678734,-inf,0.40803469770528766,0.9670635781170882,0.16278245589400547,0.9143076298383455,1.5092574871305386,0.13263916321888414,0.2989390325543243,1080
-1.2279439253072764,1.4347637852466346,6.0,2.0,0.4095955315464528,1292.5847548876693,0.838327425349315,0.6564365868500802,0.08200938991313901,0.715081277353318,0.7508801743732463,0.7492361226517156,0.7470664624140777,0.7547330234870331,0.7508801743732463,0.8149861239592969,668.8959149344968,-inf,0.4080716608113235,0.9669863902217597,0.1627936906693109,0.9143850513840729,1.5094329718456385,0.13265904477716753,0.29897724811983745,1081
-0.7003082831932658,1.3104022298258529,6.0,2.0,0.40996139319418473,1295.2019558852126,0.8381740955476258,0.657103763267243,0.08200938991313901,0.7156414106405081,0.7511009973347992,0.7494598763768381,0.7472895281753914,0.7549515457837083,0.7511009973347991,0.8151571164510166,669.4747560074641,-inf,0.40810848984153697,0.9669093450027627,0.16280490467793365,0.9144613222870782,1.5096124127719839,0.1326788523301446,0.2990151310088735,1082
1.8933395513356777,0.3178370309420078,3.0,4.0,0.41009258099811857,1298.019260717705,0.8377129045433317,0.6571486572702527,0.08200784917605039,0.7156585720753249,0.7511910971064918,0.7495522727359282,0.7474095677292466,0.7550110864763501,0.7511910971064917,0.8153277931671283,670.0551295113518,-inf,0.4081445514171539,0.9668324420648718,0.1628160881452096,0.9145363080428011,1.5097951149331366,0.1326983817775524,0.2990528344996539,1083
-0.9960950137227376,1.8366714375490176,6.0,2.0,0.4103496883479663,1300.8443675142403,0.8376246648820747,0.6578150662370621,0.08200784917605039,0.716218461162402,0.7514108088504204,0.7497748947024722,0.7476314969062341,0.755228524120053,0.7514108088504204,0.8154981549815498,670.6370384024982,-inf,0.4081804826342001,0.9667556810143203,0.1628272509787821,0.914610011657824,1.5099809722214277,0.13271787361994927,0.2990904760752387,1084
-1.1285154570929716,-1.4238980025240604,5.0,5.0,0.410573387538545,1303.8645635189466,0.837356226660415,0.6578452746899724,0.08228656589312326,0.7162330639907409,0.7514902491165341,0.749856452470601,0.7477727093264465,0.7552449369640688,0.7514902491165342,0.815668202764977,671.2206582413152,-inf,0.40821611676992764,0.9666791423272975,0.16283816518538247,0.9146823046660191,1.510169653387918,0.13273704796578914,0.2991278053142895,1085
-1.289143389777862,-0.2977147108863687,4.0,1.0,0.41081708987467136,1305.831887033433,0.8368053259378202,0.6579641757272194,0.08228656589312326,0.7163465898106849,0.7515734481321998,0.7499416224184892,0.7478109765090408,0.7553739715560738,0.7515734481321998,0.8158379373848987,671.8050148055805,-inf,0.4082511242452905,0.9666035130681994,0.16284905929215482,0.914753933102358,1.5103441059534286,0.13275567746134537,0.29916429150365065,1086
1.1911157624061932,-0.0546569706020877,3.0,4.0,0.41063405227801947,1306.9663104373567,0.8376672412100751,0.6580105620136449,0.0822850352262117,0.7163653983579725,0.7516636005709695,0.7500340508486916,0.7479307550475671,0.7554338934871239,0.7516636005709696,0.8160073597056118,672.389339824561,-inf,0.408286962186356,0.966528022961372,0.16286001564470157,0.9148254819186549,1.5105200467548139,0.13277496112719134,0.2992006325824762,1087
0.6750907130493256,0.5030628237026425,1.0,3.0,0.4105069262201757,1307.6331439039645,0.8379903683717159,0.6582877438539538,0.08228351453107154,0.7165815265810878,0.7518271394092682,0.7502002799327807,0.7481529497543811,0.7555375951615744,0.7518271394092682,0.8161764705882353,672.9732036150752,-inf,0.40832300035741725,0.966452671623123,0.16287095185689432,0.9148972774693601,1.5106996299433704,0.13279477310637217,0.2992368266133294,1088
1.785601952600949,0.7423262090199115,1.0,3.0,0.4101123535521585,1307.9508996320424,0.8382856384211826,0.658566805951569,0.08228200371057515,0.7167997990117073,0.7519901734471804,0.7503659908337784,0.7483742139435847,0.7556412454535345,0.7519901734471804,0.8163452708907254,673.5562868988374,-inf,0.4083591651214472,0.9663774586711702,0.16288186798421625,0.9149695621369602,1.5108787926499976,0.13281460494041547,0.2992733652129123,1089
-0.981048129656111,-0.0426933695108579,4.0,1.0,0.41032326616116527,1309.083707071261,0.8375972086567497,0.6586865927372908,0.08228200371057515,0.7169141202608996,0.7520731705267721,0.7504509404854376,0.7484125589229658,0.7557697674740533,0.7520731705267721,0.8165137614678899,674.1393395778945,-inf,0.40839452073716886,0.9663038412749068,0.16289276408194675,0.9150417663307764,1.5110454297344038,0.13283399154357906,0.2993085967713135,1090
-0.7409025326460446,-1.5540599316186836,5.0,5.0,0.4106941149120495,1312.1407124066973,0.8366251449987344,0.658718377698623,0.08255819810441659,0.7169302842548494,0.7521525246213052,0.7505323857845906,0.7485529654002853,0.7557868694449634,0.7521525246213053,0.8166819431714024,674.7241254374993,-inf,0.4084289539222092,0.966231677736165,0.1629032407096409,0.915112554471024,1.5112169347007698,0.1328528973047033,0.29934252692584923,1091
0.764269717909525,0.1632074153754913,3.0,0.0,0.4103294997129994,1311.6733886966022,0.8373367920238749,0.6576672592161168,0.08255669706269363,0.716065311293019,0.7516956396161862,0.7500739848300688,0.7480438841249979,0.7553832238531512,0.7516956396161864,0.8159340659340659,675.3074123086158,-inf,0.40846395783392764,0.9661603173086918,0.16291382992522696,0.9151843744910236,1.5113913300078132,0.13287230817819018,0.29937653006995535,1092
-1.461491837890155,-0.249907391367508,4.0,1.0,0.41049270674758154,1313.265408459484,0.8369394732378902,0.6577911987133724,0.08255669706269363,0.71618330250074,0.7517790845096846,0.7501593758222382,0.7480830676665203,0.7555118041420493,0.7517790845096846,0.8161024702653248,675.8910884258626,-inf,0.4084984510196753,0.9660901470728248,0.16292439976438924,0.9152557971491744,1.5115519271985993,0.13289116006924628,0.2994096286486752,1093
-0.1983632366546462,1.4152185732018907,6.0,2.0,0.4106461168259802,1315.0504510762787,0.8370251454948677,0.6584481426861946,0.08255669706269363,0.7167348215262712,0.7519967929298664,0.7503799410547116,0.7483029324493158,0.7557273024542265,0.7519967929298664,0.8162705667276051,676.4753291595468,-inf,0.40853292365173977,0.9660201051189247,0.16293495028026236,0.9153266909551631,1.5117159903138977,0.1329100198433669,0.29944255493477473,1094
0.4967408692944612,0.1209550966489576,3.0,0.0,0.4104986378125924,1314.742275420221,0.8372298350892985,0.6574066625466619,0.08255520570511081,0.7158781632327621,0.7515481087666182,0.7499297931819191,0.7478026143336866,0.7553313119403757,0.7515481087666179,0.8155251141552512,677.0582213479126,-inf,0.40856747639593843,0.9659514139136093,0.16294572137914867,0.9153985013404786,1.5118837406136776,0.13292890070581487,0.29947547697541826,1095
1.8681284354287684,0.8683906570055652,1.0,3.0,0.41019148763064134,1314.82786706499,0.8375223745015333,0.657687028929891,0.08255372393825201,0.7160974318339326,0.751710901840434,0.7500952363547968,0.7480229586420305,0.7554353902093653,0.7517109018404339,0.8156934306569343,677.6401279589684,-inf,0.40860216726878745,0.9658828480572085,0.16295647282274503,0.9154709543738321,1.5120511818832834,0.1329476035242837,0.2995088569437306,1096
-0.9055955940121646,-1.6621557062458008,5.0,5.0,0.41059714215991094,1318.0277204139256,0.8366343443377547,0.6577235293181074,0.08282743009431112,0.7161175438164943,0.7517911425971521,0.750177555868761,0.748163569020503,0.7554540651431847,0.7517911425971521,0.8158614402917046,678.2238905774324,-inf,0.40863593899862144,0.9658161241065886,0.1629669882682901,0.9155419036639942,1.5122233260775197,0.13296581629699863,0.2995407123431185,1097
-1.2078254030532392,-0.2861767541533457,4.0,1.0,0.4108655882237174,1320.0357201915463,0.8360111314507296,0.6578494458706791,0.08282743009431112,0.7162370909855283,0.7518747733409397,0.7502631178155733,0.7482033335698379,0.7555824223600406,0.7518747733409399,0.8160291438979964,678.8084186554051,-inf,0.4086690712833145,0.9657502399025959,0.16297748456001812,0.9156121755272405,1.5123817256388117,0.13298352614560616,0.29957175730144375,1098
-0.2465204344587901,1.340517131947201,6.0,2.0,0.4110456902070863,1321.8291953251105,0.8360740127004491,0.6585034785352623,0.08282743009431112,0.7167861955372206,0.7520913555447976,0.7504825289234122,0.748422048182593,0.7557968193809039,0.7520913555447976,0.816196542311192,679.3935149035123,-inf,0.40870217507935375,0.9656844755970633,0.16298796175021438,0.9156819199839862,1.5125437159194564,0.13300125221535178,0.2996026089974211,1099
-1.1044516481193685,0.0916055768162698,4.0,1.0,0.41118955238177074,1322.5070852183662,0.8353914394614068,0.6586302118889246,0.08282743009431112,0.7169066863123906,0.7521748787835754,0.7505679726097925,0.748462014368892,0.7559247633470233,0.7521748787835754,0.8163636363636364,679.9781636037984,-inf,0.4087344873651371,0.9656208271492245,0.16299841989097388,0.9157519001370074,1.5126941805058716,0.1330187429846044,0.2996319237468422,1100
-0.379959441751605,0.8279552442424386,6.0,2.0,0.4111275319621334,1322.1429748134676,0.835610397399969,0.6592830551442364,0.08282743009431112,0.7174550552042794,0.7523904249858993,0.7507863291399816,0.7486797108609,0.7561381054796408,0.7523904249858993,0.8165304268846503,680.5614195631169,-inf,0.40876685995990936,0.965557294320728,0.16300885903420248,0.9158228258212471,1.5128491610295804,0.13303637210289684,0.29966133307012593,1101
-0.188421098516454,1.6828634125182746,6.0,2.0,0.4112935443434599,1324.2170471620025,0.8357009142817834,0.659936131494035,0.08282743009431112,0.7180040293675253,0.7526050830835683,0.7510037833611398,0.7488965122462443,0.7563505667502368,0.7526050830835682,0.8166969147005445,681.1454990799945,-inf,0.4087992169666563,0.9654938767968201,0.16301927923161766,0.915893032565233,1.5130070980082408,0.1330539535007206,0.2996906336872029,1102
1.167597368964672,-0.1006993699945268,3.0,4.0,0.4110752051624865,1325.2050144679076,0.8366696461635028,0.6599735402987982,0.08282595782595782,0.7180155209727814,0.752691309423507,0.7510921978118371,0.7490140628512738,0.7564048406446604,0.752691309423507,0.8168631006346329,681.7294152317513,-inf,0.40883251028196765,0.9654305742638898,0.16302983316707007,0.9159632616690863,1.5131666002666588,0.13307222957688755,0.2997198294840966,1103
1.5200531888637718,0.779554357612062,1.0,3.0,0.4110378247767595,1326.8625489599085,0.8366262025614475,0.6602491079523343,0.08282449496507005,0.7182308923450205,0.7528524528829191,0.7512559436816311,0.7492320669969008,0.7565079970002144,0.752852452882919,0.8170289855072463,682.3137749543312,-inf,0.40886564499229255,0.9653673864094608,0.1630403679830742,0.9160330587236336,1.5133270246736725,0.1330903844735413,0.2997489947811257,1104
-0.5273547483191934,-0.0620177430164302,4.0,1.0,0.4110101404658251,1326.479647175433,0.8364618831119538,0.6603744030807323,0.08282449496507005,0.7183500481535,0.7529355841708835,0.7513409733432369,0.7492719695473247,0.7566352018033176,0.7529355841708834,0.8171945701357466,682.8967304948027,-inf,0.40889849966229863,0.9653052920508794,0.16305088373153806,0.9161038075438678,1.5134755002851925,0.13310803539775629,0.29977746158535823,1105
-0.8516521043956865,1.773411835924795,6.0,2.0,0.41132666496547327,1329.5866517457753,0.8363474422219178,0.6610238083592529,0.08282449496507005,0.7188961118008373,0.7531488192833593,0.7515569756114225,0.7494873145988328,0.7568462750341445,0.7531488192833594,0.8173598553345389,683.4814410926789,-inf,0.40893122220655276,0.9652433099786606,0.1630613804641819,0.916173143839315,1.5136270785581938,0.13312561875459894,0.29980576032998246,1106
-0.9142054007462326,-1.4904609404362108,5.0,5.0,0.411660410238606,1332.8137556080053,0.8355086381520672,0.6610577288447004,0.08309574635739768,0.7189138992046409,0.7532284030105193,0.751638595162502,0.7496265012245663,0.7568650856776535,0.7532284030105194,0.8175248419150858,684.0680104824849,-inf,0.4089632604031794,0.9651821359635335,0.16307141461725055,0.91624099672447,1.513782469949963,0.13314279271176427,0.2998332540146869,1107
0.5217668002884481,-0.0633713175607842,2.0,0.0,0.411738154055841,1333.4228635713268,0.8352623855418525,0.6612098429799711,0.08309574635739768,0.7190435282227742,0.7533408212576927,0.7517531984873704,0.7496688037178219,0.7570489883174087,0.7533408212576927,0.8176895306859205,684.6540708192076,-inf,0.40899500307119785,0.9651235687366219,0.1630819150910387,0.9163091306691266,1.5139414458984906,0.13315981789503845,0.29986057799408694,1108
-0.9968144062105154,-0.8507704684525741,5.0,1.0,0.4114359401351713,1335.027589227354,0.8357527780945508,0.6602093629497099,0.08272682076025298,0.7182320379384927,0.7529877862819814,0.7513992086118642,0.7492895491647223,0.756722710945231,0.7529877862819815,0.8169522091974752,685.2405212415775,-inf,0.40902712447883743,0.9650636206743537,0.16309239662799405,0.9163768773366633,1.5140841604418425,0.1331774481690843,0.29988883761547386,1109
-0.3470001188157229,1.7937119233215373,6.0,2.0,0.4116785671023093,1337.6574056200818,0.8357687621357068,0.6608572709036753,0.08272682076025298,0.7187769161228492,0.7532000610093539,0.7516142280885195,0.7495039447696918,0.7569328120890767,0.7532000610093541,0.8171171171171171,685.828284200477,-inf,0.4090591903827991,0.9650037806266122,0.1631028592792972,0.9164435541297299,1.514229701805161,0.13319499797895398,0.2999169490488669,1110
1.7739187983752398,0.1212386297280323,3.0,4.0,0.4119447188357677,1340.8188546525898,0.8351309712111555,0.660896193689395,0.08272536721695047,0.7187897784240103,0.7532863689998759,0.7517026938149152,0.749621185186062,0.7569875698773352,0.753286368999876,0.8172817281728173,686.4178346689308,-inf,0.4090906449851379,0.9649440483017289,0.16311288566574514,0.9165088145733742,1.5143787046936124,0.13321221257456015,0.29994477793739743,1111
1.994606265919472,-0.1145600181111115,3.0,4.0,0.41229093595876826,1344.0986498425987,0.8346184151597759,0.6609376570883401,0.08272392290249432,0.7188052862384451,0.7533729915460453,0.7517914669577277,0.749738500417465,0.7570428920159487,0.7533729915460453,0.8174460431654677,687.0092742509215,-inf,0.4091214252437668,0.9648844234090845,0.16312274904281612,0.9165725903899824,1.5145332810425396,0.1332290578782464,0.2999724115455183,1112
0.2763661326794886,-0.3940483475326599,2.0,0.0,0.4124940695839861,1344.993140347483,0.8336548904588373,0.661091767061459,0.08272392290249432,0.7189366681905813,0.7534852588891772,0.7519058998947173,0.7497813742092484,0.7572259192711334,0.7534852588891771,0.8176100628930818,687.6004547236048,-inf,0.40915125756862736,0.9648278080031151,0.16313315692572844,0.9166364632016343,1.514692201562641,0.1332454725246797,0.29999981887556226,1113
-1.335360497716349,-1.1905533216672275,5.0,5.0,0.4122885739042268,1347.041786886545,0.8345297264008634,0.6611240370701158,0.08299319727891155,0.7189533330333928,0.7535635132287203,0.7519861548068251,0.7499195098642587,0.7572431033447357,0.7535635132287204,0.8177737881508079,688.1924128314711,-inf,0.40918186765723114,0.964769791746788,0.1631438828958198,0.9166996726465517,1.5148520391851745,0.13326239995707437,0.30002829029441125,1114
0.7353379141417096,0.9246413314279536,1.0,3.0,0.4125199575706994,1348.903153025173,0.8342885101474843,0.661396148075978,0.08299176210568615,0.7191657155834735,0.7537231620871381,0.7521483525103553,0.7501351850065007,0.757345627487856,0.7537231620871379,0.8179372197309417,688.7849785177435,-inf,0.4092123122343061,0.964711879555495,0.16315458962650292,0.9167623450056323,1.515016545960742,0.13327916850961896,0.300056499271319,1115
1.5582916503940707,1.1013597259967132,1.0,3.0,0.41263134151691294,1350.5951599305697,0.8341895927139489,0.6616700191739503,0.0829903359871814,0.7193801087312367,0.7538823241269749,0.75231005099462,0.750349976193496,0.7574480871311511,0.7538823241269749,0.818100358422939,689.3779983935614,-inf,0.40924251865257283,0.9646540711494908,0.16316527716949664,0.9168245936904503,1.5151828657723363,0.1332954907619299,0.30008476810411483,1116
-0.2592510406636342,-1.2959377181989833,5.0,5.0,0.4126437521310583,1351.5172117002328,0.8344878630666613,0.6617040431322365,0.08325722740451531,0.7193987527912953,0.7539605783639055,0.7523902907195735,0.7504875282353158,0.7574659225846424,0.7539605783639054,0.8182632050134289,689.9707819327796,-inf,0.409272814586345,0.9645967386488578,0.16317632497834342,0.9168869234425633,1.515354362452696,0.13331141502987948,0.3001127359231074,1117
1.2261613948296162,-0.0400043509021925,3.0,4.0,0.41253523690798516,1352.8733559836858,0.8351965629637087,0.6617470222937165,0.08325581025530934,0.7194159285197694,0.7540470775805854,0.7524789131647518,0.7506042450619648,0.7575216384394342,0.7540470775805855,0.8184257602862254,690.5637180455263,-inf,0.4093037815354358,0.9645395087108378,0.1631873354703137,0.9169490506093091,1.515527397569394,0.13332786070153296,0.3001405509395801,1118
-0.7223137914166446,0.7634753474146616,6.0,2.0,0.4124017946689873,1352.4676195052089,0.8353526012681206,0.6623859193684227,0.08325581025530934,0.7199532120909913,0.7542570489445674,0.7526915761514145,0.7508161843090027,0.7577295965889994,0.7542570489445672,0.8185880250223414,691.1552318091185,-inf,0.40933477548666736,0.9644823810604639,0.16319832628312048,0.9170121240794524,1.5157050513579056,0.13334433856500152,0.30016850494145386,1119
-1.120267634029163,1.2923678948986743,6.0,2.0,0.4125656860245351,1354.3282057264541,0.8352851407806966,0.6630250250748503,0.08325581025530934,0.7204910603002358,0.7544661710016535,0.7529033764802094,0.7510272679315317,0.7579367119486645,0.7544661710016535,0.81875,691.7473505358304,-inf,0.40936566310344924,0.9644253554237514,0.16320929746947585,0.9170746647169994,1.5158866124794497,0.13336074162034578,0.3001964113576885,1120
-0.7476562272595394,0.0407833186887842,4.0,1.0,0.4126637901949145,1354.5115248539266,0.8348053396268016,0.6631413434174374,0.08325581025530934,0.720601608292421,0.7545472798577428,0.7529863209571097,0.7510649714631711,0.7580620300740796,0.754547279857743,0.8189116859946476,692.3385763826798,-inf,0.4093959658718482,0.9643699279507925,0.16322024908190375,0.9171377649075462,1.5160567708635617,0.13337674798845367,0.30022317752438404,1121
-1.1724457993886703,-0.0701203019372478,4.0,1.0,0.4128854467653016,1355.9350413219008,0.8341379797746882,0.6632598164450546,0.08325581025530934,0.7207143555049819,0.7546284218712999,0.7530692925264374,0.7511029846347275,0.7581871097258241,0.7546284218712997,0.8190730837789661,692.9300170822692,-inf,0.40942553243677354,0.9643160071587649,0.16323118117274082,0.9172006171071443,1.516214852283887,0.133392351868049,0.3002487544411806,1122
-0.2881500870079131,1.7651835688684836,6.0,2.0,0.4131005316968956,1358.3770729388389,0.8341796219972393,0.6638963901885022,0.08325581025530934,0.7212501740530824,0.7548364354100876,0.753279963246833,0.7513130019414107,0.7583930722930178,0.7548364354100876,0.8192341941228851,693.5225790198083,-inf,0.4094550626544045,0.964262182396643,0.16324209379413743,0.9172625629255976,1.5163756952446912,0.13340788874682066,0.300274208333335,1123
-0.4635349262961445,-1.22319263828972,5.0,5.0,0.41313398126659934,1360.1459692567896,0.8342592883888948,0.6639295143613834,0.08352035020641121,0.721268091366874,0.7549143467220845,0.7533598311269052,0.7514495968539312,0.7584111948117384,0.7549143467220845,0.8193950177935944,694.1156603278483,-inf,0.40948453159888,0.9642081847202604,0.16325285896052988,0.9173240417142566,1.5165406179907546,0.1334232954363067,0.3002996763826157,1124
0.939855143644134,-0.9147916022119704,2.0,0.0,0.41300676164561256,1360.8708273493307,0.8342775889637911,0.6640788512181489,0.08352035020641121,0.7213947810929274,0.7550252818297508,0.7534728797415636,0.7514919720182667,0.7585919739091456,0.7550252818297508,0.8195555555555556,694.708331587423,-inf,0.40951377548759804,0.9641554953740779,0.16326384024851956,0.9173857280145983,1.5167080314662622,0.1334383699649587,0.300325147397044,1125
1.1842166023914966,1.3272514554864967,1.0,3.0,0.41324598848370664,1362.9447588828828,0.8340457564045631,0.6643470878604951,0.08351894194215324,0.7216044527936373,0.7551826128314709,0.7536326938353601,0.7517041984996581,0.7586933686476853,0.7551826128314708,0.8197158081705151,695.3017920024279,-inf,0.40954268753845285,0.9641028996146561,0.1632748020315572,0.917446753235834,1.5168794996595028,0.13345314658694793,0.3003505513934482,1126
0.5589409222903862,-0.1340833382079992,2.0,0.0,0.4133662181984434,1363.855532094998,0.833669102082553,0.6644978640650343,0.08351894194215324,0.7217327107126418,0.7552932523344006,0.7537454338656597,0.7517467629888315,0.7588733625890265,0.7552932523344006,0.8198757763975155,695.8950073884905,-inf,0.40957123789573563,0.9640531983407147,0.16328628793861338,0.9175078665647506,1.5170543295041499,0.13346775428796875,0.30037574656631416,1127
0.2585863203166961,0.970979070800684,1.0,3.0,0.413037508361002,1363.1847194662062,0.8343212438941544,0.6647671792129681,0.08351754247954689,0.721943697314839,0.7554499718631779,0.7539046201765595,0.7519579935427813,0.7589745339277716,0.7554499718631777,0.8200354609929078,696.4865762821764,-inf,0.40960017900434076,0.9640035851895994,0.16329775348058612,0.9175700822217239,1.517235751159839,0.13348251764772306,0.30040111012326015,1128
-0.983367613339168,-0.1385598268494975,5.0,1.0,0.41327787427379653,1364.693859237748,0.8336588744763415,0.6637772399710725,0.08315319548872181,0.7211400458483026,0.755100544780542,0.7535542455879902,0.7515838168592834,0.7586503375844963,0.755100544780542,0.8193091231178034,697.0784339287269,-inf,0.4096284392867877,0.9639550757703117,0.1633091987115899,0.9176319990815188,1.5174049044047424,0.13349683875164545,0.3004255155961323,1129
0.6457811198321726,0.1015334709363546,2.0,0.0,0.41311817825969394,1364.6328321201281,0.8339877180656882,0.6639310002438588,0.08315319548872181,0.7212710318423962,0.7552112173477493,0.7536670077760069,0.7516270028131642,0.7588297790989142,0.7552112173477493,0.8194690265486726,697.6691900333211,-inf,0.4096569099965392,0.9639080101857045,0.1633208868755806,0.9176946236263368,1.5175770992325996,0.13351134916872187,0.30044990387775516,1130
0.3002326798999786,-0.5096308392537963,2.0,0.0,0.413327782397447,1365.6819219119564,0.8329484427597693,0.6640867872952129,0.08315319548872181,0.7214041786606766,0.7553217263314712,0.7537795979253963,0.7516704972922327,0.7590086001035737,0.7553217263314713,0.8196286472148541,698.2598290535498,-inf,0.40968438721551564,0.9638639647566972,0.16333312357771076,0.9177572430122385,1.5177534432098323,0.13352541844068763,0.3004740665271927,1131
1.1593539914059088,0.8717534335353256,1.0,3.0,0.4135609731833288,1368.133104470482,0.8324780450967139,0.6643577030228108,0.08315180474550864,0.7216166400235545,0.7554780118143093,0.7539383313246899,0.7518808604499554,0.7591097476491814,0.7554780118143092,0.8197879858657244,698.8515898975577,-inf,0.409711569555914,0.9638199971464689,0.16334533866022588,0.91781896205896,1.5179323966370146,0.1335392548936871,0.3004979628844826,1132
-0.6084062267754549,2.0032244402664947,6.0,2.0,0.4137625912911326,1370.9080146023155,0.8324702304927215,0.6649846679426294,0.08315180474550864,0.7221439913936416,0.7556839493277604,0.7541468757243122,0.7520888333535927,0.7593136009528431,0.7556839493277604,0.8199470432480142,699.4447553209511,-inf,0.40973869039628835,0.9637761071489688,0.1633575321803711,0.917879580316847,1.5181137967999299,0.13355302724226575,0.30052183263097704,1133
0.534838083420748,0.2908811724711589,3.0,0.0,0.41332450483437655,1369.6157153174129,0.8331159364752899,0.6639656527189504,0.08315042264045205,0.7213050818168858,0.7552425593623449,0.753704053617234,0.7515969904666786,0.7589236657867591,0.7552425593623449,0.8192239858906526,700.0357350034877,-inf,0.4097663524543687,0.9637319887467287,0.16336964492563663,0.9179416851109249,1.5182984701988542,0.13356706950123307,0.3005459018372945,1134
0.894985631921607,-1.568645003738968,1.0,0.0,0.41300027938153816,1366.4907096684274,0.8336492034364937,0.6624854829078302,0.08315042264045205,0.7200897444915979,0.7543248924385454,0.7527819030232299,0.7506584084826917,0.7580273690314202,0.7543248924385455,0.8185022026431719,700.6229200031925,-inf,0.40979453814636435,0.9636823567992786,0.1633806526776841,0.9180064454947127,1.5184858605791465,0.1335806875517064,0.3005708718484191,1135
-1.6070719269095048,-0.9741391687103308,4.0,1.0,0.4125386438944021,1367.0324236804788,0.8346903461351776,0.6626019688731082,0.08315042264045205,0.7202001281999326,0.7544055133866117,0.7528643172202532,0.7506960487893468,0.7581518196832847,0.7544055133866117,0.8186619718309859,701.2095480874153,-inf,0.40982375704300467,0.9636313926383892,0.16339164104988638,0.9180715187422621,1.5186565130427887,0.13359463361379226,0.300597157629853,1136
-1.4552645010374692,-1.2649988185301992,4.0,1.0,0.41163862298385,1366.5617226249772,0.8363722531839418,0.6627205496591725,0.08315042264045205,0.7203126511944984,0.7544861636408249,0.7529467548559249,0.7507339892579229,0.7582760332187619,0.7544861636408247,0.8188214599824098,701.79473029897,-inf,0.4098547539511146,0.9635780085536092,0.1634026100933777,0.9181375503291304,1.5188092254967103,0.13361015194833986,0.30062577500810156,1137
-1.280922841407339,0.8981151102534716,6.0,2.0,0.41140872815448976,1365.7907590150032,0.8364642998429627,0.6633475864510242,0.08315042264045205,0.7208399237726884,0.7546920265016389,0.7531552125948408,0.7509419597429008,0.7584797355336058,0.7546920265016389,0.8189806678383128,702.3782065983688,-inf,0.40988576132123333,0.9635247182897164,0.16341355985911243,0.9182047305655532,1.5189664471709265,0.1336255999571212,0.30065476649675654,1138
-1.403258197073585,-1.2485205216768325,4.0,1.0,0.41051241324782417,1365.5702225949835,0.8380751413482486,0.6634669174080142,0.08315042264045205,0.720953313704958,0.754772572732018,0.7532375365898487,0.7509800876688654,0.7586035566752487,0.754772572732018,0.8191395961369623,702.9604647335723,-inf,0.4099184282452857,0.9634690595030578,0.16342449039786608,0.9182727053735913,1.5191060272063404,0.13364259540536894,0.30068600387400846,1139
-1.3889641901138663,0.0155704537527348,4.0,1.0,0.410640082394372,1366.4479309495878,0.8374846629970648,0.6635883088984653,0.08315042264045205,0.7210688074056685,0.7548531418701693,0.7533198776858369,0.7510185035630723,0.758727139835926,0.7548531418701694,0.8192982456140351,703.5424712828847,-inf,0.40995043499623013,0.9634153325483288,0.16343540176023594,0.9183407702864758,1.5192344513303595,0.13365932760972427,0.30071587743107364,1140
1.0860584787280394,0.6729485697344286,1.0,3.0,0.41073779843752406,1368.5010646720789,0.8371947561549052,0.663854630625132,0.08314904909332155,0.7212772594456203,0.7550078157486559,0.7534769619798858,0.751227548082431,0.7588263213588876,0.7550078157486558,0.8194566170026293,704.1252570790188,-inf,0.4099822740626171,0.963361699768805,0.16344629399664196,0.9184081749573323,1.5193651608259338,0.13367612099848245,0.30074548559883885,1141
-1.534086850181131,-0.2935610496661235,4.0,1.0,0.41085131057998964,1370.0227553389966,0.8369106287706493,0.6639774583829426,0.08314904909332155,0.7213942074879809,0.7550883097436445,0.7535592186136104,0.7512661380385213,0.7589495719952206,0.7550883097436445,0.819614711033275,704.708354713222,-inf,0.4100137453093752,0.9633090474172037,0.16345716715732747,0.9184752605916348,1.519483230267829,0.1336923811295241,0.30077439004104783,1142
-0.4302803218797497,1.700774771943871,6.0,2.0,0.4111543238096946,1372.8926425040218,0.8368569601481872,0.6645993140305444,0.08314904909332155,0.7219170308111484,0.7552927560036788,0.7537662308423544,0.7514727247918984,0.759151823090229,0.7552927560036787,0.8197725284339458,705.2929428915166,-inf,0.41004513552232474,0.9632564871957013,0.16346802129236002,0.9185411737949618,1.5196041676918903,0.1337085692446465,0.30080307176490134,1143
1.0159180644182724,1.0201376374359203,1.0,3.0,0.4114513980750861,1375.3610330492313,0.8363507904639924,0.6648652888304394,0.08314768402487702,0.7221255201414889,0.7554466631552115,0.753922528448882,0.7516805862877757,0.7592506677130257,0.7554466631552115,0.8199300699300699,705.8786667465496,-inf,0.4100762054878746,0.963204018862698,0.163478856451632,0.9186061753304094,1.5197287523386847,0.13372445717332693,0.30083147211522626,1144
-0.6291859507547252,1.6467400588535677,6.0,2.0,0.41180894308714877,1378.5318393776565,0.8362044203738005,0.6654859477527089,0.08314768402487702,0.7226476570497448,0.7556500903987048,0.7541285042065731,0.7518861173766485,0.7594519382330968,0.7556500903987048,0.8200873362445414,706.4661367663148,-inf,0.41010715861152114,0.963151642177438,0.1634896726848616,0.9186698289878056,1.519856362284817,0.1337402693954103,0.3008596019371447,1145
1.24945118496213,-0.4065764959468038,3.0,4.0,0.4116323475908224,1379.4533653961719,0.8373113267317468,0.6655223627000515,0.08314632735685368,0.7226584416664967,0.7557344343431582,0.7542148712486421,0.7520011678462356,0.75950495294915,0.7557344343431581,0.8202443280977313,707.0533856569168,-inf,0.4101391560806348,0.9630993569000056,0.16350079902949372,0.9187335526719412,1.5199871681598518,0.13375651586356962,0.3008876921823614,1146
-0.8080750052492756,-0.3680814513902732,4.0,1.0,0.4118042056288347,1381.0092660031669,0.8369051509370596,0.6656438156681769,0.08314632735685368,0.7227741094263913,0.7558145551267986,0.7542967351409154,0.7520396888088782,0.7596275085371224,0.7558145551267985,0.8204010462074979,707.6409670695987,-inf,0.41017076489429766,0.9630472464568363,0.1635119059733506,0.9187969487156405,1.520105393145803,0.13377244616755501,0.300915460539508,1147
0.8944632204212583,0.5343373424893976,1.0,3.0,0.41176965636225304,1382.3813759025652,0.8369364860226148,0.6659090772146894,0.08314497901194705,0.7229823268097825,0.755967580939063,0.7544521274334272,0.7522461960622743,0.7597259684781394,0.7559675809390629,0.8205574912891986,708.2287200389654,-inf,0.41020239173871437,0.962995226798411,0.16352299356713104,0.918860133255061,1.5202262000764177,0.13378874098226776,0.30094302803007383,1148
1.3770272414262494,1.223586828486385,1.0,3.0,0.41198160527729794,1384.4430585219905,0.8367270623158648,0.6661759516043071,0.08314363891379827,0.7231923894420342,0.7561201528944529,0.7546070547703485,0.752451886028286,0.7598243612033998,0.7561201528944529,0.8207136640557006,708.8172442674103,-inf,0.4102337132352679,0.9629432976876939,0.16353406186135752,0.9189226773542101,1.5203498811124139,0.13380464434948874,0.30097055393414984,1149
0.4464849649064928,-0.867510536741067,2.0,0.0,0.4120971044136016,1385.4007474188998,0.8358907724100092,0.6663186688679177,0.08314363891379827,0.7233139794986794,0.7562273708054583,0.7547162773031606,0.7524919765835487,0.7600000352706533,0.7562273708054583,0.8208695652173913,709.4055777484116,-inf,0.410264087216789,0.9628935998993741,0.16354552862006444,0.9189852703470814,1.5204773193391543,0.13382005729736673,0.30099794455933937,1150
1.1496911341641225,0.0841369056447051,3.0,0.0,0.4113191404450268,1384.490513312569,0.8372365326444661,0.6653195944753547,0.08314230698697965,0.722491390999963,0.7557953100590622,0.7542828429741921,0.7520101281145254,0.7596187895835623,0.7557953100590621,0.8201563857515204,709.9920981094579,-inf,0.4102956135418895,0.9628433273649508,0.16355684647215837,0.9190490736176902,1.5206063787903956,0.13383672574491548,0.3010255741103621,1151
1.283824813524695,-0.2320011621194264,3.0,4.0,0.41129020629154006,1386.022246018562,0.8379306700976287,0.6653546773290141,0.0831409831569806,0.7225014790402766,0.7558782871172168,0.754367811670675,0.752124547359962,0.7596696835067774,0.7558782871172167,0.8203125,710.5789298350733,-inf,0.4103278055586253,0.962793142109233,0.16356810607465588,0.9191125656258468,1.5207380102335748,0.13385371919170033,0.30105305118924774,1152
-1.568259336385564,-0.1801960186346441,4.0,1.0,0.4113791640601113,1387.1942622536171,0.8375894399332519,0.6654782017504648,0.0831409831569806,0.7226187549345356,0.7559585280011195,0.7544497801290793,0.7521636159998782,0.7597919273335926,0.7559585280011195,0.8204683434518647,711.1657601320538,-inf,0.4103595923902602,0.9627443155287025,0.16357934614618636,0.9191759707180132,1.520857728447239,0.13387024847351156,0.30107962322270376,1153
0.7497683650572857,0.9248909080527218,1.0,3.0,0.41160884508512213,1389.083516447683,0.837351098754099,0.6657463373852543,0.08313966735019367,0.7228299930606215,0.7561106777085553,0.7546042648262147,0.7523684050962794,0.7598903644684195,0.7561106777085553,0.8206239168110918,711.7532105274746,-inf,0.4103912202734251,0.9626955735696288,0.1635905667375236,0.919238845116545,1.5209817454247838,0.13388663576647844,0.30110594671404933,1154
-0.471211318937063,-0.4754288686151207,4.0,1.0,0.41146679248159035,1389.1774732062659,0.8376753084272966,0.6658712196988485,0.08313966735019367,0.7229486466388511,0.756190836939412,0.7546861426434822,0.7524076324660562,0.760012278572957,0.7561908369394122,0.8207792207792208,712.3397250406164,-inf,0.4104230352917958,0.9626463895441435,0.1636017678992654,0.9193023004640294,1.5210930206474869,0.13390298632527256,0.3011326188621864,1155
0.2071476146873249,-0.576702702075863,2.0,0.0,0.4115877612980053,1389.8874038965992,0.8366717771358477,0.6660118296846448,0.08313966735019367,0.7230688217172095,0.7562967020184,0.7547939843667357,0.7524464007161817,0.7601866103133063,0.7562967020183999,0.8209342560553633,712.9258389496614,-inf,0.4104538132046483,0.9625996078447383,0.16361340123458237,0.9193659543421193,1.521208600929235,0.1339189450523969,0.30115913169582037,1156
0.5089108793056906,-0.5541899287448818,2.0,0.0,0.41179717023925955,1391.4081721576003,0.8355996186454681,0.6661543923384109,0.08313966735019367,0.7231910725252291,0.7564024241578567,0.7549016753836892,0.752485486134946,0.760360353492823,0.7564024241578567,0.8210890233362144,713.5122541036873,-inf,0.41048375430326933,0.9625561364877865,0.16362564377937241,0.9194293056553453,1.5213276572109289,0.13393446229893094,0.3011853638234767,1157
-1.3721287886271467,-1.5154772104853504,5.0,5.0,0.41191550493360424,1393.9179464032202,0.8358429915112864,0.6661836258217695,0.08340233274731092,0.7232037567850476,0.7564789641275046,0.7549800717014693,0.7526199737505058,0.760377731701928,0.7564789641275047,0.8212435233160622,714.0998237861567,-inf,0.410513887493781,0.9625129865371911,0.1636383140790249,0.9194917475315235,1.5214487715363738,0.13394956969740962,0.30121141984467614,1158
1.241566060288819,0.99598684049655,1.0,3.0,0.41217488477438957,1396.394947288432,0.8354623079795043,0.6664511543360128,0.08340102489101817,0.7234146366559637,0.7566302178104185,0.75513363444805,0.7528234298112282,0.7604757009041149,0.7566302178104185,0.8213977566867989,714.68851673137,-inf,0.4105437072726098,0.9624699110472525,0.16365096251448474,0.9195533052621018,1.5215725331081837,0.13396435638067422,0.30123726110515914,1159
-1.6272353853935206,-0.3623045248429236,5.0,1.0,0.41221213494970316,1397.7319438187644,0.8353619386016436,0.6654796259480532,0.0830402882287816,0.7226257954756158,0.7562848458987622,0.7547873299642671,0.7524494686395518,0.7601595227621073,0.7562848458987621,0.8206896551724138,715.2773472719626,-inf,0.41057335727903266,0.962427606317903,0.16366358914229723,0.9196146799200764,1.5216836798402795,0.1339786055081604,0.3012626341872655,1160
-1.3351842202598176,-1.2271423992332269,4.0,5.0,0.4120677647251433,1399.8989376018017,0.8361145531412161,0.6643816223769106,0.08268267482768994,0.7217013801993768,0.7554935752368219,0.7539925988634464,0.7517101862861313,0.7593152407461362,0.755493575236822,0.8199827734711456,715.8670299509719,-inf,0.4106036439245091,0.9623841281486311,0.1636764769963604,0.9196753662170551,1.5217958132542275,0.13399321373819578,0.3012888659015935,1161
1.286247842438386,-0.6207647966946764,3.0,4.0,0.41179922953415266,1400.1905470967754,0.837531369605574,0.664420815921617,0.08268137485004956,0.721714824943919,0.7555774798059384,0.7540784739464184,0.7518250709035539,0.7593675336411908,0.7555774798059384,0.8201376936316696,716.4559486404261,-inf,0.4106352812157828,0.962340724812697,0.16369013787246395,0.9197365081570835,1.5219121750226468,0.13400827967511822,0.301315210156955,1162
-0.8349559262418875,1.4526879618352195,6.0,2.0,0.41214595952980687,1403.1127205037355,0.8373726557798489,0.6650277251430907,0.08268137485004956,0.7222244627415176,0.7557788863321784,0.7542823635354766,0.7520285546868851,0.7595668109128708,0.7557788863321783,0.820292347377472,717.0463671888899,-inf,0.4106667896114132,0.9622973961170653,0.16370377525608926,0.9197965061962401,1.522031859451388,0.13402327657638394,0.3013413070320708,1163
1.9513759230924583,0.2350629836725178,3.0,4.0,0.41233488225838333,1406.1055442878678,0.8368330807613997,0.6650683451897976,0.08268008268008269,0.7222395491384328,0.7558629020857708,0.7543683391222793,0.7521433020387007,0.759619474303747,0.7558629020857708,0.820446735395189,717.6383424269474,-inf,0.41069753810271126,0.9622541418693643,0.1637173560896048,0.9198553249351071,1.522154990433131,0.13403797450836288,0.30136726039938877,1164
1.1634814739887485,0.6019640279342732,1.0,3.0,0.41231862042341466,1407.9513552760286,0.8367039376509829,0.6653379388145069,0.08267879824766053,0.7224523963605356,0.7560142390712538,0.7545219688954085,0.7523461654767073,0.7597182553868198,0.7560142390712536,0.8206008583690987,718.2308857856161,-inf,0.41072818398141386,0.9622109618778826,0.1637309136083847,0.9199136621831051,1.5222798481332067,0.13405285869703323,0.30139301399489227,1165
1.4406109646575485,0.5431103524452806,1.0,3.0,0.4119803244649752,1409.1949967935157,0.8368168248361343,0.6656090739387526,0.08267752148349164,0.7226670115516459,0.7561651293169194,0.7546751413531099,0.7525482396969424,0.7598169537557466,0.7561651293169194,0.8207547169811321,718.8234793628098,-inf,0.41075883435298455,0.9621678559515664,0.16374444787241543,0.919971882027198,1.5224052591407002,0.13406807652800318,0.30141874982602423,1166
0.2220643921217245,-0.2467089796279246,2.0,0.0,0.4121274561402872,1409.6322096074246,0.8361120026973942,0.6657532637291508,0.08267752148349164,0.7227901464165527,0.756270974178791,0.7547829296630213,0.7525881952759769,0.7599899735712704,0.7562709741787911,0.8209083119108826,719.4154320022656,-inf,0.41078876060506353,0.9621269995773869,0.16375838721072306,0.9200304690262733,1.5225347656549881,0.13408295016315827,0.30144434522172076,1167
0.846184941015388,0.5626255731388629,1.0,3.0,0.4121376217035019,1411.0029279072508,0.8361375654036237,0.6660253183121984,0.08267625231910947,0.7230058990845217,0.7564212962055674,0.7549355195713202,0.752789364266495,0.7600884435187143,0.7564212962055673,0.8210616438356164,720.0075445843759,-inf,0.41081870356747074,0.9620862131627527,0.16377230268030069,0.9200888618126173,1.522667048325302,0.13409811686994041,0.30146974396325843,1168
-1.048676639217888,1.33611378923692,6.0,2.0,0.412358616352177,1413.2344886652738,0.8360491053356575,0.6666263212354684,0.08267625231910947,0.7235106646997785,0.7566209930650769,0.7551376650917073,0.752991066407538,0.7602860866583968,0.756620993065077,0.8212147134302823,720.6005530908608,-inf,0.4108485376414215,0.9620454965281264,0.16378619434240255,0.9201465461864042,1.5228028679275531,0.1341132194899497,0.30149503066501315,1169
0.7103353237789879,1.0135372224836403,1.0,3.0,0.41257666845512353,1415.0057202353764,0.8359031058488949,0.6668985348822212,0.08267499068686013,0.7237269631920478,0.7567706716943974,0.7552895965553307,0.7531912297584644,0.7603842977367727,0.7567706716943974,0.8213675213675213,721.1940617807279,-inf,0.41087822957648334,0.9620048494945845,0.16380006225807348,0.9202038002654161,1.5229432755488523,0.13412816395364446,0.3015201123601422,1170
1.566563063042189,-0.1397389245863465,3.0,4.0,0.41287194195257326,1417.8073492173264,0.8355781681518896,0.6669389134388518,0.08267373651989038,0.7237422168044283,0.7568542522173043,0.7553751070024228,0.7533050927236673,0.7604370134006458,0.7568542522173043,0.8215200683176772,721.7889493020231,-inf,0.4109078218558859,0.9619642718838161,0.1638134526809848,0.9202600135790499,1.5230869951391943,0.13414292796742378,0.301544923972,1171
0.3520092261412826,0.7702024226339315,1.0,3.0,0.412722627609836,1417.545110000782,0.8361232959545385,0.6672122575236361,0.08267248975213579,0.7239599261386206,0.7570033755066359,0.7555264689090655,0.753504312840314,0.7605350871165217,0.7570033755066359,0.8216723549488054,722.3825979033019,-inf,0.4109377172417991,0.9619237635181169,0.163826820253345,0.920317008904751,1.5232358263933259,0.13415787476750038,0.3015697856866469,1172
1.357385299808331,-0.0808864166489597,3.0,4.0,0.41282018092113604,1419.6027271003807,0.8363682092669151,0.6672545009056846,0.08267125031830914,0.7239771990184086,0.757087091746195,0.7556121049500283,0.7536180310306401,0.760588237774733,0.757087091746195,0.8218243819266837,722.9769884652771,-inf,0.41096789993087596,0.9618833242203899,0.1638398870699425,0.9203734080176621,1.5233868098883518,0.13417298900308494,0.30159443203508857,1173
1.332502271194094,-0.5478402524947976,3.0,4.0,0.412686211015476,1420.4697479825961,0.837469786981118,0.6672989669706819,0.08267001815388912,0.7239967902070068,0.7571710486172917,0.7556979754354436,0.7537317695497294,0.7606418584296092,0.7571710486172916,0.8219761499148212,723.5711049554964,-inf,0.41099909589090033,0.9618429538141412,0.16385339881499666,0.9204299177549512,1.5235417767994948,0.1341883987926762,0.30161909485450716,1174
1.0263613039518809,-0.7356606069845143,2.0,0.0,0.4124444534255944,1421.403936578179,0.8376423756558006,0.6674414667179059,0.08267001815388912,0.7241183093325071,0.75727601075595,0.755804848206137,0.7537714149275482,0.7608133474482893,0.7572760107559501,0.8221276595744681,724.1650052377285,-inf,0.4110302503172818,0.9618041406908018,0.1638671800740801,0.9204864978901179,1.5236987711643089,0.13420374691877815,0.3016437080904179,1175
0.287031652578131,0.3676896329982542,3.0,0.0,0.4119758212213062,1418.9873276962624,0.8382422756343896,0.6664456270770062,0.08266879319510899,0.7232986239948151,0.7568456951909832,0.7553731598484188,0.7532952974020529,0.7604297186156894,0.7568456951909832,0.8214285714285714,724.7558405459415,-inf,0.4110619428741275,0.9617637543255904,0.16388061577270516,0.9205451301296664,1.5238594676907096,0.13421916941090137,0.3016686801960281,1176
-0.6404099768180327,1.0305361667408652,6.0,2.0,0.41215743583187253,1420.354025106245,0.8382603824861318,0.6670412302079242,0.08266879319510899,0.7237988337459655,0.7570438825667009,0.7555737599036034,0.7534954360787638,0.7606259086880053,0.7570438825667007,0.8215802888700084,725.3468330561881,-inf,0.41109358239305616,0.9617234365863181,0.16389402864091626,0.9206035716599774,1.5240239215883158,0.13423458341540853,0.3016935206380617,1177
-0.0726670815596528,2.073934878633854,6.0,2.0,0.41208387776585825,1421.200655012405,0.838492100544418,0.6676370453362583,0.08266879319510899,0.724299573676915,0.7572413042335946,0.7557735828256493,0.7536948030293055,0.7608213392624926,0.7572413042335946,0.8217317487266553,725.9375408846738,-inf,0.4111253049920543,0.9616831872982161,0.16390741873685535,0.9206621304353436,1.524190333399791,0.13424993419457515,0.3017186448535407,1178
-1.0489659073657338,-0.9123172768983951,5.0,1.0,0.41167773005394115,1422.7179792169613,0.8391151735489274,0.6666973240403894,0.08231426266816466,0.723535290004695,0.7569067358699275,0.7554381490960872,0.7533318906619263,0.7605156708363076,0.7569067358699275,0.8210347752332485,726.5285336228692,-inf,0.4111575011077477,0.9616414946376249,0.16392078611846714,0.9207204101168304,1.524341790722856,0.13426596252709952,0.30174477430341445,1179
0.4585225179428914,-1.3490406906984285,2.0,0.0,0.41142924380995166,1421.3526659316328,0.8387954012599458,0.6668383650740447,0.08231426266816466,0.7236559482080677,0.7570106858197078,0.7555439896089274,0.7533705287521526,0.7606861909109709,0.7570106858197078,0.8211864406779661,727.1173676333003,-inf,0.41118922329571617,0.9615979426408675,0.1639337508454365,0.9207801118939622,1.5244968700499657,0.1342816471136645,0.3017713010355085,1180
-0.0442830238089211,1.7056029391047245,6.0,2.0,0.4114454471913718,1422.6825666974987,0.8389725300390491,0.6674338550087985,0.08231426266816466,0.7241565383835239,0.7572074098613194,0.7557431004243673,0.753569240499599,0.7608808792041021,0.7572074098613194,0.821337849280271,727.7063305452937,-inf,0.41122098021550907,0.9615544643985499,0.16394669361689876,0.920839642244389,1.524654445773331,0.1342973134314471,0.30179786241446505,1181
1.2386085103804658,0.771465903294034,1.0,3.0,0.4115902688520758,1424.9189262654165,0.8386799345334852,0.6677049984010075,0.08231304485200132,0.7243721913816753,0.7573556704484771,0.7558935642042887,0.75376699279777,0.7609786828887152,0.7573556704484771,0.8214890016920474,728.2961889173074,-inf,0.4112525207622587,0.961511059723478,0.16395961448857851,0.9208984683808626,1.524813929643706,0.1343128727651904,0.3018242056948664,1182
-0.4778589385859244,1.9514910364951383,6.0,2.0,0.41179486987203184,1427.629665633339,0.8386874214119832,0.6682993467371707,0.08231304485200132,0.7248721135914283,0.7575514451333438,0.7560917099739922,0.7539647223354766,0.761172456197756,0.7575514451333439,0.8216398985629755,728.8873414758162,-inf,0.41128400433066853,0.961467728429091,0.16397251351601197,0.9209563159997127,1.524975718300529,0.13432836482279678,0.30185048386445057,1183
1.4732381687074163,-0.5346647956358068,3.0,4.0,0.4118282061259055,1429.1604271317904,0.8394334280861754,0.6683407642001739,0.08231183411616451,0.7248892883126445,0.7576339068570637,0.7561760455094785,0.7540776491780575,0.7612238663567581,0.7576339068570637,0.8217905405405406,729.4787883387015,-inf,0.41131613714458887,0.961424470329458,0.16398563066421204,0.9210138800825178,1.5251419534610935,0.13434390764290738,0.301876706331081,1184
-0.5076378392827173,-0.6411740925217138,4.0,1.0,0.41156367551616946,1429.4137036828142,0.8399609609078683,0.6684481448684446,0.08231183411616451,0.72499146675819,0.757709961862228,0.7562537218723342,0.7541133043704443,0.7613410914611051,0.757709961862228,0.8219409282700422,730.0694507145193,-inf,0.41134864288938977,0.9613802860277296,0.16399872567376536,0.921071907555157,1.5252948630009482,0.13435976022195603,0.30190362669043763,1185
0.94923555456023,1.1950369826264082,1.0,3.0,0.41182850716456754,1431.6217925901956,0.8396780839040797,0.6687184688656262,0.08231063039908616,0.7252067102266933,0.7578573966941808,0.7564033386291047,0.7543098175078587,0.7614385026548685,0.7578573966941807,0.8220910623946037,730.6609788273994,-inf,0.4113808731024809,0.9613361762357848,0.16401179860067186,0.9211292567435517,1.525451891187464,0.134375369190566,0.301930357789861,1186
-0.4554491688096041,-0.4540489403911129,5.0,1.0,0.4116968437573166,1431.6260307103507,0.8399819131815325,0.6677885258255378,0.08195914305263063,0.7244504043996645,0.7575277872119995,0.7560728890608613,0.7539514536907476,0.76113821077998,0.7575277872119996,0.8213984835720304,731.2515138331979,-inf,0.4114132707105389,0.9612917139522129,0.1640248495007428,0.921187212992855,1.5255966137486348,0.13439089481190652,0.3019573782380102,1187
-0.6311804433730053,-0.3191305481252755,5.0,1.0,0.41177218454447523,1432.4411066750247,0.839821850950267,0.6668643717838689,0.08161065987152942,0.7236993259660585,0.757202301075201,0.7557465863467623,0.7535974057453034,0.7608418508054001,0.757202301075201,0.8207070707070707,731.8417407631994,-inf,0.41144542358607694,0.9612474536678571,0.16403787842960152,0.9212453026934839,1.525729701523914,0.13440610614632342,0.3019841548400488,1188
-1.5618353003872794,-0.0979387671560333,4.0,1.0,0.41184460506955345,1433.3679078425794,0.8394351967892222,0.666968466907902,0.08161065987152942,0.7237993982770569,0.7572765788150478,0.7558224642083269,0.7536302715712284,0.7609583416343161,0.757276578815048,0.8208578637510513,732.4317543604067,-inf,0.4114771502675141,0.9612047198596493,0.1640508854426842,0.9213034603149333,1.525851864754292,0.13442095295564419,0.30200993264960435,1189
-1.405872882861587,-0.2078276337623444,4.0,1.0,0.4120206580850388,1435.031947958247,0.8389752112978549,0.6670744691289157,0.08161065987152942,0.7239014130466216,0.7573508912352857,0.7558983718114313,0.7536634203142445,0.7610746231639086,0.7573508912352857,0.8210084033613445,733.0221746911611,-inf,0.41150836144050534,0.9611630494204957,0.16406387059524066,0.9213612578163735,1.5259627843083023,0.13443536181660282,0.30203487943218504,1190
0.7966471689889424,-0.0588566296005115,3.0,0.0,0.4118843168533152,1435.6537825451946,0.8391912349366996,0.6661011304697606,0.08160946311235329,0.7231001439467816,0.7569299817397186,0.7554761494739074,0.7531980006863903,0.7606991297418279,0.7569299817397186,0.8203190596137699,733.6121256633307,-inf,0.4115396791275522,0.9611233482461852,0.1640772079245853,0.9214193000028568,1.5260761495010289,0.13444999199251498,0.3020597174736168,1191
1.6950618153750887,-0.1035689346672687,3.0,4.0,0.4122184446386738,1438.765240344684,0.8385866152167537,0.6661442305372078,0.08160827325092455,0.7231187175103067,0.757011933162026,0.7555599522935059,0.7533111029555405,0.760749305408329,0.7570119331620259,0.8204697986577181,734.2036970682648,-inf,0.41157064774750457,0.9610837136845833,0.16409006034368961,0.9214761475102203,1.5261931055222138,0.1344643297411404,0.3020842870276027,1192
-0.3798956560631663,-1.3772454599014747,5.0,5.0,0.41235993723024317,1440.5071009986907,0.838436403155495,0.6661579596290866,0.08187065861969291,0.723118167398236,0.7570818572895374,0.7556316022223308,0.7534391247527426,0.7607599847694723,0.7570818572895373,0.8206202849958089,734.7957368033279,-inf,0.41160131968009667,0.9610448031070624,0.1641029152751355,0.9215325953755233,1.526314676631943,0.13447829429050634,0.3021082625026268,1193
0.5203174035780137,-0.4160198212854244,2.0,0.0,0.4125562486605126,1441.9913569746125,0.8374116175744506,0.6662962401573497,0.08187065861969291,0.7232360714980305,0.7571845309184522,0.7557361243484492,0.7534769047414642,0.7609288256873958,0.7571845309184523,0.8207705192629816,735.3880279425,-inf,0.41163129534609255,0.9610090902845363,0.1641163631798172,0.9215887932292436,1.5264394492988227,0.13449190213574233,0.3021319701333108,1194
1.5288886555028471,0.6040562709880298,1.0,3.0,0.41226488464417477,1443.1730267747064,0.8375205431674643,0.6665688183785101,0.08186947559654824,0.7234528931990568,0.757331922868863,0.7558856761694825,0.7536727891954768,0.7610267605834787,0.757331922868863,0.8209205020920503,735.9803166444515,-inf,0.4116612647484674,0.9609734372324243,0.16412978857754543,0.9216449154453448,1.5265646621212934,0.13450570094463526,0.30215570866868635,1195
-0.8171838451428374,1.6396148864699474,6.0,2.0,0.412599284681105,1446.349767673099,0.8373755616552541,0.6671555568052334,0.08186947559654824,0.7239457361634488,0.757526324697559,0.756082406735171,0.753869169685575,0.7612191357174982,0.757526324697559,0.8210702341137124,736.5742710349436,-inf,0.41169111319614593,0.9609378438008012,0.16414319152477574,0.9216998219120817,1.526692737420639,0.13451944020618256,0.30217923858500967,1196
0.2810183563910486,-0.3956130045420639,2.0,0.0,0.4128001394953396,1447.2663367686885,0.8364709473691015,0.6672939354089241,0.08186947559654824,0.7240639427953264,0.7576285949968807,0.7561865111798257,0.7539070147579024,0.7613870998649919,0.757628594996881,0.8212197159565581,737.1679987423237,-inf,0.41172013172087074,0.9609048830155968,0.16415707684766911,0.9217548069591422,1.5268245898430732,0.13453280365111905,0.30220257406781603,1197
-0.5471415464628211,1.5876767069814184,6.0,2.0,0.4131414265424985,1450.33818600167,0.8363308852401321,0.6678797383228111,0.08186947559654824,0.7245562501810842,0.757822110080979,0.7563823404354884,0.7541025368370929,0.7615785584294128,0.7578221100809792,0.8213689482470785,737.7632993994683,-inf,0.4117490532187729,0.9608719772567453,0.16417093898972288,0.9218086449610078,1.5269592608860771,0.1345461098824376,0.3022256568926533,1198
0.6164947563419596,1.085545700428157,1.0,3.0,0.41324828832498656,1451.69926403869,0.8363509084894938,0.6681505377126239,0.08186829935290584,0.7247718147513458,0.7579685747442035,0.7565309431429791,0.7542971344222973,0.761675930367553,0.7579685747442035,0.8215179316096747,738.3587422390339,-inf,0.4117779024160957,0.9608391263865657,0.16418477800893755,0.921862311365569,1.5270987948634314,0.1345593112823335,0.30224861654713725,1199
0.707156186412971,-0.3563663079882038,2.0,0.0,0.4133195656301008,1453.2052913547313,0.8357634779442554,0.6682890000733012,0.08186829935290584,0.724890306843995,0.7580704439499422,0.7566346323099639,0.7543350413245423,0.7618430254708662,0.7580704439499422,0.8216666666666667,738.9544476966304,-inf,0.4118063424384671,0.960809316132863,0.1641991796887567,0.9219157247934451,1.5272410014613065,0.13457233675047361,0.30227132963805436,1200
1.604012331155539,0.7354360354833795,1.0,3.0,0.4131632622494958,1454.4774294375343,0.8358228928811232,0.6685606117395245,0.08186712983065568,0.7251068903037905,0.7582163676845382,0.7567826810691476,0.7545287939241052,0.7619401626855569,0.7582163676845382,0.8218151540383014,739.5502203708527,-inf,0.41183473159340783,0.9607795555215478,0.16421355738576182,0.9219690182023019,1.5273837666643177,0.13458534244264533,0.30229410513139693,1201
-0.6270052028265377,-0.952209237170496,5.0,5.0,0.4127787918189259,1455.7236325416459,0.8367016021400447,0.6685734474756247,0.08212729159460395,0.7251056338922063,0.7582858186779644,0.7568538268367196,0.7546556846889748,0.7619510456748171,0.7582858186779644,0.8219633943427621,740.1460385174173,-inf,0.4118637689933422,0.9607480310964749,0.16422792855062562,0.9220222065585717,1.527528555744817,0.13459919410362256,0.3023180624624565,1202
-1.2371398309715234,-1.2268549743494988,5.0,5.0,0.4127008448542083,1458.2034821977247,0.837187555237637,0.6685884829053498,0.0823852579006286,0.7251066615574131,0.7583554993980098,0.7569251972778084,0.754782416239477,0.761962572877737,0.75835549939801,0.8221113881961762,740.7429274980328,-inf,0.41189317851579504,0.960715487179209,0.16424230037158957,0.9220745968352604,1.5276745260265074,0.13461332447455632,0.30234267577189605,1203
1.512857637256791,1.011468765459265,1.0,3.0,0.41281631762723286,1460.1226716739197,0.8370489594828476,0.6688608004494673,0.08238409504232289,0.7253242706136538,0.758500812088008,0.75707261890017,0.7549751201013087,0.7620595881480193,0.758500812088008,0.8222591362126246,741.3404189799063,-inf,0.4119223793968746,0.9606829973216063,0.16425664831909678,0.9221265073101503,1.5278221434978945,0.13462713932803208,0.3023672659944301,1204
2.0496392191787227,0.4744148537799201,1.0,4.0,0.4127813802299755,1462.1659535080828,0.8367378530684996,0.6678101594693052,0.08238409504232289,0.724441434613823,0.7578223697264385,0.7563914358478118,0.7543594235736967,0.7613172563567756,0.7578223697264383,0.8215767634854771,741.9386144442451,-inf,0.4119509380759226,0.9606505613890786,0.1642716339705153,0.9221778708971214,1.5279723696368221,0.13464086336762113,0.3023919366239871,1205
-0.1089006399618807,-1.0879893367488298,5.0,5.0,0.41252592069334804,1461.4703300536285,0.8378264228940373,0.6678287266944157,0.0826398935642633,0.724445822535424,0.757892804344096,0.7564635570660931,0.7544863182626951,0.7613301903296763,0.757892804344096,0.8217247097844113,742.5352410741037,-inf,0.41198040032181715,0.9606176836313987,0.16428758027211518,0.9222302185077691,1.528126803632725,0.13465447684191556,0.30241714634672767,1206
1.540768712841256,-0.5893377114779456,3.0,4.0,0.4125680037349045,1462.978348126094,0.8385502529378855,0.667868074567058,0.08263873731310704,0.7244616073262599,0.7579726943361701,0.7565452419226621,0.7545955018178235,0.7613802520071355,0.7579726943361701,0.8218724109362054,743.13212848674,-inf,0.41201046762109295,0.9605848603521905,0.16430383320363426,0.9222823174905659,1.5282860150640207,0.1346680946386226,0.3024423366548218,1207
0.0291006087526509,-0.0010633533940195,2.0,0.0,0.41246597030287874,1461.6845046589742,0.8382945890613401,0.6680081223327824,0.08263873731310704,0.7245811213524287,0.7580745386105286,0.7566488857643505,0.7546339006648837,0.7615466943827052,0.7580745386105286,0.8220198675496688,743.7269566127104,-inf,0.4120402120918247,0.9605520588988914,0.1643200527332926,0.9223357316791102,1.5284494488928957,0.13468152660014066,0.30246766350114324,1208
-0.3727293215564023,-1.434913662489257,5.0,5.0,0.41264065885067813,1463.497850313826,0.838013481089153,0.6680286994980165,0.08289239526164212,0.7245875132202511,0.7581450906141352,0.7567211137872185,0.754760473679675,0.7615601999624524,0.7581450906141353,0.8221670802315963,744.3223006108088,-inf,0.41206955394644107,0.9605202811567468,0.16433628592023738,0.9223887243814037,1.5286175850402388,0.1346945672900171,0.30249218115946963,1209
0.0755610054193796,-0.8088094137216072,2.0,0.0,0.41247407061810215,1463.3204666338677,0.8371310703929353,0.668170340217251,0.08289239526164212,0.7247086583057091,0.7582467415830034,0.7568245548145429,0.7547990962884097,0.7617260265531753,0.7582467415830034,0.8223140495867769,744.9165139711586,-inf,0.4120979274392337,0.9604893193363363,0.16435264455692508,0.9224424060417371,1.5287899596198877,0.1347074424514839,0.3025167324150963,1210
-0.1681201254262543,1.5586170357770757,6.0,2.0,0.41261451439885477,1465.2271554196748,0.8372150995378068,0.6687460336921826,0.08289239526164212,0.7251921428775489,0.7584383192241468,0.7570183976742988,0.7549925232168418,0.7619157127614364,0.7584383192241468,0.8224607762180016,745.511320446343,-inf,0.41212629091646313,0.9604584086502286,0.1643689761768718,0.9224956143740782,1.528964957053895,0.13472030725645345,0.30254117728667074,1211
0.4448986583643732,-0.1728971326186201,3.0,0.0,0.4127864616566155,1466.110542940265,0.8366904517332251,0.6677798850748349,0.08289124556148393,0.7243969294900501,0.7580223487932695,0.7566011385772535,0.7545309765999043,0.761546181804203,0.7580223487932695,0.8217821782178217,746.105874260282,-inf,0.41215419149440047,0.9604300412071746,0.16438577799516338,0.9225489196074534,1.5291431397295812,0.13473292252800637,0.3025654317932185,1212
-0.5172293046295844,-1.3425052649411198,5.0,5.0,0.41295359584637403,1468.411366290413,0.836314682727192,0.6678031496092338,0.08314278969378121,0.7244057182769487,0.758093318163788,0.7566737753960199,0.754657518927056,0.7615605454492191,0.758093318163788,0.8219291014014839,746.7013445752285,-inf,0.4121817075499261,0.9604020580778552,0.16440229426255965,0.9226015355829915,1.5293251573973716,0.13474526778212584,0.3025892460960246,1213
-0.1901804865152513,2.2002022151895413,6.0,2.0,0.4129025658226251,1469.4452646698928,0.8365105627767563,0.668378997812096,0.08314278969378121,0.7248895225503098,0.7582843144344825,0.7568670243000137,0.7548503506868385,0.7617496645272346,0.7582843144344825,0.8220757825370676,747.2966855308254,-inf,0.41220929578837284,0.9603741210492431,0.1644187833202897,0.9226541658860148,1.52950887870309,0.13475755332460038,0.3026133630709517,1214
0.502991007903179,-0.8792267966641761,2.0,0.0,0.4130252830713599,1470.4531568607333,0.8358135173793472,0.6685177033642145,0.08314278969378121,0.7250085433275876,0.7583846752434934,0.7569691526827874,0.7548875870472307,0.7619143154240337,0.7583846752434933,0.8222222222222222,747.8918760422081,-inf,0.4122361196872796,0.9603481564360143,0.1644356286971024,0.9227068247006603,1.5296957590176803,0.13476940275205498,0.3026373624831298,1215
-0.83009276852368,1.2560443572893678,6.0,2.0,0.41329740832684597,1472.8026965099602,0.8357163822335494,0.669092639151186,0.08314278969378121,0.7254918212919398,0.7585748133983341,0.757161529601813,0.7550795884560536,0.7621025472590813,0.7585748133983341,0.8223684210526315,748.48801980904,-inf,0.41226284974462063,0.9603222345277417,0.16445244636770318,0.92275877257148,1.5298859070485515,0.13478120307830146,0.30266117179104013,1216
0.3483509435930659,-0.9057357549578636,2.0,0.0,0.4133275270839032,1473.4251109714367,0.834940931006185,0.6692319722044273,0.08314278969378121,0.7256116699318668,0.758674896285396,0.7572633699421211,0.7551169885886178,0.7622664905079596,0.7586748962853961,0.8225143796220213,749.0836953153361,-inf,0.41228872627949614,0.9602978561305864,0.16446953516146254,0.9228109620797849,1.5300795720067906,0.13479263066220068,0.302684917826054,1217
-0.2584965686718485,-1.3537468342002683,4.0,5.0,0.4134000834999936,1474.5312160952512,0.8350086672141814,0.6682011221757781,0.08279947809528287,0.7247425665399375,0.7579269249257621,0.7565122918622103,0.7544139786369409,0.7614727405038677,0.757926924925762,0.8218390804597702,749.6793008332179,-inf,0.41231451424230303,0.9602742071377981,0.16448689127098826,0.9228631266255576,1.530277873938205,0.13480369424154195,0.3027081458420243,1218
-0.2087457122420426,1.7375380513033098,6.0,2.0,0.41356141112793116,1476.7131638530307,0.8350801956389152,0.6687761699786235,0.08279947809528287,0.7252261423419629,0.758116722974335,0.7567043189633511,0.7546056392481816,0.761660632684491,0.758116722974335,0.8219852337981952,750.2757190965647,-inf,0.41234028970685144,0.9602505969456542,0.16450421890453445,0.9229146766419195,1.5304785119815867,0.13481472153299986,0.30273129419618083,1219
0.369684090347142,0.7785272282106118,1.0,3.0,0.41343551364012865,1476.5366162307241,0.8355809531355565,0.669041039675339,0.0827983348906058,0.7254373307532666,0.7582602037442782,0.7568498580441246,0.7547964033962165,0.7617559417795974,0.7582602037442782,0.8221311475409836,750.8710149138877,-inf,0.412366329282512,0.9602270254587433,0.16452151813212398,0.9229669049138911,1.5306837697368023,0.1348258994656658,0.3027544782058409,1220
-0.9294890574100652,1.8164546929307,6.0,2.0,0.4136921994420003,1479.5243635782463,0.8354878065934402,0.6696150096289955,0.0827983348906058,0.7259202712008552,0.7584491144980555,0.757040983664275,0.7549871463371451,0.7619429783928553,0.7584491144980555,0.8222768222768223,751.4677826032115,-inf,0.41239227065452594,0.9602034925819667,0.16453878902355043,0.9230180801233517,1.5308915089283306,0.13483704760315463,0.30277758148825706,1221
-1.5052140033519283,-0.4463421782383753,4.0,1.0,0.413781714610493,1481.3594640891808,0.8353522019523808,0.6697122423204024,0.0827983348906058,0.7260124443514271,0.7585221490472374,0.7571155410734005,0.7550209725405608,0.7620559480796161,0.7585221490472374,0.8224222585924713,752.0650753049185,-inf,0.41241800900388503,0.9601803284574467,0.1645560316483788,0.9230688354830718,1.5310867911890724,0.13484776760832157,0.3028003777785957,1222
-0.720461791403631,0.0993986015380485,4.0,1.0,0.41380780499403635,1481.1220536733488,0.8349273993595542,0.6698112852099494,0.0827983348906058,0.7261064634328388,0.758595218403624,0.7571901286863,0.7550550653989769,0.762168724527656,0.758595218403624,0.8225674570727719,752.6611971187931,-inf,0.4124432861569512,0.9601586476854652,0.1645732460759466,0.9231202994110617,1.5312724285106567,0.13485818973154864,0.30282218364318586,1223
-0.4547304378291111,-1.3683641714570798,5.0,5.0,0.4139779957580663,1483.2454194797149,0.8345991375976182,0.6698304314777072,0.08304817935018242,0.7261118697484343,0.7586645331718493,0.7572610725165551,0.7551781899261191,0.7621832157046977,0.7586645331718495,0.8227124183006536,753.2580796534016,-inf,0.4124681895129326,0.9601375347432408,0.16459027202802232,0.9231711870075086,1.5314621027926933,0.13486831201117355,0.30284345290584175,1224
1.5746035624613466,-0.5690329640278526,3.0,4.0,0.4140611088572843,1484.9675849394366,0.8351996396203902,0.6698658142715891,0.08304704258609508,0.7261241838052419,0.7587429483213378,0.7573412280004329,0.7552863386322994,0.7622313422032122,0.7587429483213377,0.8228571428571428,753.8553935352678,-inf,0.41249357544392806,0.9601164562711261,0.16460751703545032,0.9232217182895603,1.5316564318439783,0.13487839419794234,0.302864685297736,1225
0.7584273675433922,-1.1998280238515753,2.0,0.0,0.4139827484960059,1484.6926056826915,0.8351623697629399,0.6700047137411566,0.08304704258609508,0.7262433648186363,0.7588429071781612,0.7574429225826725,0.7553243444365613,0.7623944047124112,0.7588429071781613,0.8230016313213703,754.4515087164647,-inf,0.4125187178976753,0.9600948866186049,0.16462462944319145,0.9232729752080714,1.5318532966606613,0.13488806847772983,0.3028861131995061,1226
-0.0430208732953911,1.7555449142351385,6.0,2.0,0.4139991306553593,1486.0557540087352,0.8353328584705088,0.6705739838210653,0.08304704258609508,0.7267222914870943,0.7590304914512694,0.7576326952467182,0.7555137838390309,0.7625800907670024,0.7590304914512694,0.8231458842705787,755.0477631951054,-inf,0.4125439017292812,0.9600733521244413,0.1646417139578474,0.9233240695223508,1.532052381831654,0.13489772746205728,0.3029075928876735,1227
1.157537163033498,-0.0143718283966806,3.0,4.0,0.4137862515359447,1487.032589669787,0.8361531057056532,0.670610459476321,0.08304591220832282,0.7267358445307897,0.7591089354571958,0.7577128678561387,0.7556217607653465,0.762628445817572,0.7591089354571958,0.8232899022801303,755.6438420440262,-inf,0.41256978015933854,0.9600518527027442,0.16465887573280477,0.9233752103383764,1.5322523455149517,0.13490801294522067,0.30292899284151126,1228
-1.2800144146531782,0.9664344183869826,6.0,2.0,0.41362817404335,1486.59204072641,0.8362201327378992,0.6711791253768253,0.08304591220832282,0.7272145552171738,0.7592956897325027,0.7579017970563884,0.7558103488687377,0.7628133240885946,0.7592956897325027,0.8234336859235151,756.2385924091054,-inf,0.41259565832015654,0.9600303882679009,0.16467600957973122,0.9234271625215194,1.5324560565436853,0.13491825190583923,0.30295068021694765,1229
-0.7159097810974264,0.7812328474557345,6.0,2.0,0.4135243811403519,1486.2532016860212,0.836358792319467,0.6717479465317064,0.08304591220832282,0.7276937078202547,0.7594817577697388,0.758090030231293,0.7559982453314497,0.7629975216932875,0.7594817577697388,0.8235772357723578,756.8321002215258,-inf,0.4126215583151904,0.9600089587345774,0.164693115566744,0.9234798696351635,1.5326635472079468,0.13492852435030936,0.30297247836967656,1230
1.5439174506844606,-0.3712167301486622,3.0,4.0,0.4137269756041125,1488.5977312740126,0.8365517445120912,0.6717848937546526,0.08304478816319916,0.7277080150816456,0.7595601494491871,0.758170138119723,0.7561059313705999,0.7630460730891216,0.7595601494491871,0.8237205523964257,757.4265483377341,-inf,0.4126476435873685,0.9599875640177175,0.16471001721532583,0.923531881555295,1.5328747546350285,0.13493868628203246,0.30299411091462947,1231
-1.6315401175878457,-0.0974667651600418,4.0,1.0,0.4137663697547804,1489.3253194254194,0.8362151099861873,0.6718817184939827,0.08304478816319916,0.7277997547689743,0.7596327434192063,0.7582442253641267,0.7561399290131243,0.7631579760787794,0.7596327434192064,0.8238636363636364,758.020622015565,-inf,0.41267339832392463,0.959967680607083,0.16472689142616645,0.9235840714609924,1.5330751512284904,0.13494853013230498,0.30301482616223285,1232
0.7947904368152077,-1.2095205268903046,2.0,0.0,0.4136702170251831,1488.9951004156396,0.8362377233339015,0.6720183982651827,0.08304478816319916,0.7279169857893362,0.759731976452868,0.7583451696694306,0.7561778259766341,0.7633196947958032,0.759731976452868,0.8240064882400648,758.6134642527103,-inf,0.4126989682473025,0.9599471638902378,0.16474360629211798,0.9236370080065122,1.5332779670238745,0.1349579792371711,0.30303575226639257,1233
1.3570176884471183,0.1300471460030534,3.0,4.0,0.41361494051923653,1490.9195405847315,0.8364290188036861,0.6720570596110483,0.08304367039765718,0.7279329943251261,0.7598104847682805,0.7584253838611756,0.7562854576425252,0.7633685258935332,0.7598104847682806,0.8241491085899514,759.2069051573553,-inf,0.4127246927475714,0.9599266804257698,0.1647600947355469,0.9236894766518831,1.5334818810978041,0.13496766266028293,0.3030565077650505,1234
0.2486695774865414,0.8113328438030131,1.0,3.0,0.41333413338591923,1489.9883619762713,0.83710288285258,0.672313968330418,0.0830425588592213,0.7281371989573353,0.7599518701460636,0.7585687712976759,0.7564734376057738,0.7634624396669603,0.7599518701460638,0.8242914979757086,759.7986310333221,-inf,0.4127508007859209,0.9599062301329041,0.16477655647704315,0.9237430126131791,1.5336907571690277,0.13497753367272286,0.30307741490619594,1235
-0.9376702467426116,1.734027158515812,6.0,2.0,0.4136110160049178,1493.003752969369,0.8369930540587381,0.6728780256974267,0.0830425588592213,0.7286123574648956,0.7601365615137219,0.7587556009342128,0.7566599482976673,0.763645270074671,0.760136561513722,0.8244336569579288,760.3918390607784,-inf,0.41277680435555475,0.9598858129311274,0.1647929915814172,0.9237954948398062,1.5339021565692015,0.1349873696594338,0.30309821143793736,1236
-0.4467652368205644,-1.2831613940320938,5.0,5.0,0.41371390962005994,1494.9268661211615,0.8368615272796204,0.6728953572237834,0.0832903469857973,0.7286161293361952,0.7602052074813306,0.7588258370958035,0.7567816325817183,0.763659898700663,0.7602052074813307,0.824575586095392,760.9856426396469,-inf,0.4128026035167481,0.9598655551657134,0.16480926145731548,0.9238475130205221,1.534117200356965,0.13499700853542312,0.30311876735125276,1237
0.1034647029344011,-0.7521288528635902,2.0,0.0,0.4136344861305521,1495.0492760802153,0.8359780544931552,0.6730317514022399,0.0832903469857973,0.728733150130075,0.7603039442077165,0.7589262670157413,0.7568194855087389,0.763820636778724,0.7603039442077164,0.8247172859450727,761.5785858007459,-inf,0.4128274847002151,0.9598464839029445,0.16482573327839756,0.923900030156644,1.5343361616151454,0.13500644762025893,0.30313930551309454,1238
1.1604622750942473,0.9748502303436518,1.0,3.0,0.41388979570925183,1497.5494444123858,0.8355613406814807,0.6732879013974441,0.08328924162257496,0.7289369804107546,0.7604445564366646,0.7590688625635649,0.7570063177746097,0.7639141697957773,0.7604445564366646,0.8248587570621468,762.1725897221436,-inf,0.41285210346502843,0.9598274434251033,0.16484217851058364,0.9239517768008695,1.5345575882982831,0.13501563926110022,0.30315963223390874,1239
-0.756662781811738,-1.3487309515960548,5.0,5.0,0.4140874436343392,1500.4957128645706,0.8347378968939873,0.6733067922380211,0.08353499869893312,0.7289423648625856,0.7605132572302307,0.7591391433475115,0.7571276509388297,0.7639292779851519,0.7605132572302306,0.825,762.7680115956455,-inf,0.4128763001519656,0.9598085182793372,0.16485814652714512,0.9240025204184661,1.534781918332123,0.13502465058061888,0.3031796547598102,1240
0.5548308175519512,-0.6607651109140632,2.0,0.0,0.4142576302185733,1502.0282440826368,0.8338768504324164,0.6734441244828232,0.08353499869893312,0.7290603533872331,0.7606116984278153,0.7592392658853453,0.757165599922173,0.7640893089081068,0.7606116984278153,0.8251410153102336,763.3637088015174,-inf,0.41289980888157785,0.9597923705965238,0.16487463048806003,0.9240530146543862,1.5350090681941315,0.13503328043618665,0.3031994612828528,1241
0.950404235513254,0.251699191741731,3.0,0.0,0.4136820319401589,1500.6487256486366,0.8350657262195688,0.6724845813907656,0.08353389945960674,0.7282706618492493,0.7601993159945266,0.7588256076692246,0.7567084080281143,0.7637225823127535,0.7601993159945266,0.8244766505636071,763.9573360292526,-inf,0.4129242799465046,0.9597753207701621,0.1648909048819694,0.9241048017157916,1.535237947155744,0.13504279791365803,0.30321950913611034,1242
0.8258418646811158,0.7874983095350747,1.0,3.0,0.41387021031063603,1502.5767470524374,0.8347959952660666,0.6727422686175517,0.08353280629342581,0.72847596522221,0.7603396584678349,0.7589679206595662,0.7568945874607279,0.7638162339460043,0.7603396584678349,0.82461786001609,764.5515592078714,-inf,0.4129486365722311,0.9597582983771492,0.16490715309020879,0.9241561276591617,1.5354698234094764,0.1350522744333738,0.3032393328042437,1243
-0.2850081583551142,-1.3113215223745065,5.0,5.0,0.41393480555621065,1503.7930057925234,0.8348673620223307,0.6727641742066082,0.0837765571895688,0.728484049337341,0.7604087899018025,0.7590386245293211,0.7570159091739868,0.7638322207566676,0.7604087899018025,0.8247588424437299,765.1458047437111,-inf,0.41297292772254485,0.959741751068807,0.1649235718534431,0.9242073702587331,1.5357058745519814,0.13506146815209202,0.30325879633225183,1244
-0.145469759782714,1.7801015518971917,6.0,2.0,0.41403535695180216,1505.6554486812963,0.8349790976561703,0.6733222868208805,0.0837765571895688,0.7289540230121234,0.7605920843321025,0.7592240252181192,0.7572009704649787,0.7640137089524598,0.7605920843321026,0.8248995983935743,765.7405916063117,-inf,0.41299722998241484,0.9597252303424862,0.16493996424115417,0.9242581891714966,1.5359440481029523,0.13507063152464888,0.30327824901301154,1245
-1.343626187776448,-0.2945175406191713,4.0,1.0,0.41423596994406603,1507.6460595910244,0.8345166320430644,0.6734175174764037,0.0837765571895688,0.7290435848389795,0.7606643452721421,0.7592977480613278,0.7572351554246342,0.764124735039914,0.760664345272142,0.8250401284109149,766.3360213558981,-inf,0.4130210772972418,0.9597093973801606,0.16495633031684645,0.9243085189157811,1.536170681181109,0.13507939764164886,0.303297092151754,1246
-0.4450609333531179,0.9842521135348988,6.0,2.0,0.4143281509548739,1508.4160181186376,0.8346128793027998,0.6739747343551158,0.0837765571895688,0.7295129996737612,0.7608468678502178,0.7594823647181784,0.7574194591821688,0.7643054363432805,0.7608468678502179,0.8251804330392943,766.9311135746333,-inf,0.4130449246762586,0.9596935898115195,0.1649726701438207,0.9243590018972686,1.5364006058674389,0.13508821293782086,0.303315882542345,1247
-1.3035152634135434,0.8401270314574432,6.0,2.0,0.4140454310799839,1507.0481246025906,0.8347229772120334,0.6745320909951742,0.0837765571895688,0.7299828298612809,0.7610287306543584,0.7596663123332134,0.7576030979876688,0.7644854832091558,0.7610287306543584,0.8253205128205128,767.5241560514185,-inf,0.4130688092156835,0.9596778075755205,0.1649889837851748,0.9244107600340637,1.536634299818584,0.1350969902002737,0.3033350745184149,1248
-1.1717349985759271,-1.0607794583373789,4.0,5.0,0.4137015283875766,1509.010729901548,0.83559626178116,0.6735201302671785,0.08343760627819381,0.7291301747608155,0.7603043285789431,0.7589389717120124,0.7569213785516483,0.7637176535690903,0.7603043285789431,0.8246597277822257,768.117820241851,-inf,0.41309336178191436,0.9596603064171219,0.16500535473547226,0.9244620421768127,1.5368685410072254,0.13510654623712545,0.30335540493448876,1249
-0.5682536432618418,-1.49782235432745,4.0,5.0,0.4139754256545668,1511.696791697912,0.8348976027674214,0.6725131309487727,0.08310139990861132,0.7282819815740138,0.7595969755488069,0.7582287792360343,0.756256291900218,0.7629673043983125,0.759596975548807,0.824,768.7126834190158,-inf,0.4131172993453481,0.9596438318310248,0.16502144012694844,0.9245124722351779,1.5371067307580661,0.13511577395031762,0.30337485141384885,1250
-0.7593988324779748,1.5994196249409427,6.0,2.0,0.4143059566647643,1514.88454636283,0.834744034296173,0.6730726371974401,0.08310139990861132,0.7287538548286866,0.7597791293508164,0.758413015883649,0.7564401653179142,0.7631477007745816,0.7597791293508163,0.82414068745004,769.3091437411132,-inf,0.41314113427865307,0.9596273835831948,0.16503749980237112,0.924561793816345,1.5373474695007006,0.13512495232549981,0.30339408873581447,1251
2.0244909965879687,0.6627036808275238,1.0,4.0,0.41406141284428427,1515.939674170638,0.834645218185405,0.6720666789768295,0.08310139990861132,0.7279080579846178,0.7591287173106211,0.7577600797206325,0.7558474509647131,0.7624385969773317,0.7591287173106213,0.8234824281150159,769.9054940050345,-inf,0.41316457905525794,0.9596109616105211,0.165054666484452,0.9246111206038186,1.5375897492264285,0.13513421938862144,0.3034135640482118,1252
-1.113557526338942,-0.81418952034868,4.0,1.0,0.4138891578355282,1517.8012923581068,0.8349786089331596,0.6721584453192226,0.08310139990861132,0.7279948723124038,0.7591996506068488,0.7578324572486339,0.7558823125765135,0.7625462345680464,0.7591996506068487,0.8236233040702314,770.5023781218366,-inf,0.4131882473016203,0.959593503234268,0.1650718057656038,0.9246600341597686,1.5378184361327771,0.13514380014936522,0.3034336544703093,1253
1.6970356154691406,-0.0091085004709794,3.0,4.0,0.41417113180059795,1520.9283716953053,0.8343213302917315,0.6721923016153075,0.08310031276538454,0.7280069615163004,0.7592761971336621,0.7579106563011134,0.755987047842021,0.7625940923619762,0.7592761971336622,0.8237639553429027,771.1008039540325,-inf,0.41321154917535863,0.959576072702315,0.16508848355534303,0.9247078824221574,1.5380499325364634,0.13515312694315068,0.3034535077042947,1254
0.6475640599099182,-0.880377049325411,2.0,0.0,0.4142568587197643,1522.0826857434304,0.8337983193880444,0.6723279845169293,0.08310031276538454,0.7281231058239064,0.7593745695045824,0.758010686562633,0.7560252621568789,0.7627536847919116,0.7593745695045824,0.8239043824701195,771.6991958917132,-inf,0.413234279367499,0.9595605358984037,0.1651055048501061,0.9247556876176806,1.538284016971471,0.1351620578235866,0.30347325248720836,1255
-1.418564017751657,-1.3901406515702788,5.0,5.0,0.41423707455068054,1524.2425433987023,0.8344223950434823,0.6723460293284801,0.08334285460385168,0.7281282959056627,0.7594417733048916,0.7580794287823867,0.7561417707004651,0.7627707063370672,0.7594417733048915,0.8240445859872612,772.2983546078812,-inf,0.4132575077358102,0.9595445556366187,0.16512298387011468,0.9248029325722082,1.538519101148029,0.1351708778451336,0.30349336726645987,1256
-0.8493772708980544,-0.5979065787957595,5.0,1.0,0.41426334532694953,1525.99655183814,0.8343517591078582,0.671456295875817,0.08300972484981248,0.7274028785532236,0.7591207675953169,0.7577576182846134,0.755797522933931,0.7624733659645924,0.7591207675953168,0.8233890214797136,772.8979554012227,-inf,0.413280676198302,0.9595279979929766,0.1651404350794311,0.9248498280790091,1.5387417095547733,0.13517973130262667,0.30351370416061846,1257
-0.6628493973185401,0.1370797511265444,4.0,1.0,0.41422125880608374,1525.3154014458362,0.8340004902946098,0.6715472514990665,0.08300972484981248,0.7274892744508187,0.7591908560334691,0.7578291347908447,0.7558312382669863,0.7625804736862718,0.7591908560334693,0.8235294117647058,773.4960614791596,-inf,0.41330348274731354,0.9595129091399961,0.1651578585443766,0.9248976236166208,1.5389551049980528,0.13518832188748017,0.30353312292687373,1258
-0.4798341072012271,-1.4023465141281837,4.0,5.0,0.4144223939377277,1527.5952317262686,0.8335673952653293,0.6705495701230422,0.08267926013380558,0.7266493028447361,0.7585008893538335,0.7571364405035838,0.7551835016561617,0.7618475510430642,0.7585008893538336,0.8228752978554408,774.0950282545743,-inf,0.41332586814888816,0.9594984790222916,0.16517506488108125,0.9249447995734746,1.53917232501742,0.13519662395464083,0.30355193919619555,1259
-1.1897040624355144,-1.6581811102702404,5.0,5.0,0.41466940122556134,1530.5618087059743,0.8332908228272654,0.6705654137735326,0.08292058056636109,0.7266532501133695,0.7585663050729664,0.7572033754022968,0.7552975103405465,0.7618635163240136,0.7585663050729664,0.823015873015873,774.69539871525,-inf,0.41334795176961164,0.9594850909181074,0.16519240269122662,0.9249910087777945,1.5393921794719103,0.13520452035455355,0.3035699947046025,1260
-0.4506375761324899,-1.5875368136923174,5.0,5.0,0.41493006366069957,1532.833059130262,0.8326938601497966,0.6705832392037622,0.08315998575738837,0.7266592451289182,0.7586319240630818,0.7572705093331302,0.7554114136177342,0.7618800117829878,0.7586319240630819,0.8231562252180809,775.2966181128828,-inf,0.4133694386933432,0.9594732090035066,0.16520970425305573,0.9250366102516993,1.5396165459389841,0.1352121208835962,0.3035869225603682,1261
-0.8153472473223546,-0.8819681859684375,5.0,1.0,0.4144843671943423,1533.9176215130724,0.8333364384537942,0.6696954953321674,0.08283284567869549,0.725936067770214,0.7583129990318551,0.7569507896877203,0.7550702211531521,0.7615837503729922,0.7583129990318552,0.8225039619651348,775.8977441060684,-inf,0.4133913974739433,0.9594598900139338,0.16522697839561096,0.9250822088976579,1.5398274699237409,0.1352204212856303,0.3036047963373882,1262
-0.2356074097346991,1.344350264850876,6.0,2.0,0.414626179825744,1535.6765908331033,0.833393865524549,0.6702521301323132,0.08283284567869549,0.7264050713652404,0.758494942829536,0.7571347938506766,0.7552538182430409,0.7617640054779117,0.758494942829536,0.8226444972288203,776.4993108889084,-inf,0.41341334591331946,0.9594465921153975,0.1652442251840212,0.9251274629389241,1.540041070032657,0.13522874028804988,0.3036225460603655,1263
0.913699570836652,-0.8597875704699685,2.0,0.0,0.41453516809227514,1536.6335931856133,0.8333497725191646,0.6703916296795084,0.08283284567869549,0.726524058885397,0.7585939360475663,0.7572354337591216,0.7552933928339678,0.7619234518385246,0.7585939360475664,0.8227848101265823,777.1006829476876,-inf,0.41343509653080734,0.9594346360161972,0.16526170670066045,0.9251727792351457,1.5402566338889676,0.13523683341810605,0.30364025754949137,1264
1.3197845356696245,-0.4594121289247927,3.0,4.0,0.41446009967580594,1537.8214577406222,0.8342093320644318,0.6704301568565503,0.08283176450878314,0.7265398781632367,0.7586715352825006,0.7573146711187427,0.755398757043897,0.7619727956576106,0.7586715352825009,0.8229249011857708,777.7020432439666,-inf,0.4134575785240049,0.9594226988199205,0.16527936581135966,0.9252180408657134,1.5404752165385185,0.13524515684532318,0.30365793217054626,1265
0.6080476893994362,0.2495145950391492,2.0,0.0,0.41409012370339787,1536.7864248568094,0.8348362440825691,0.6705710591937079,0.08283176450878314,0.726660342477732,0.7587703257787342,0.7574150997372905,0.7554385226784991,0.7621316483915855,0.7587703257787342,0.8230647709320695,778.3016359624602,-inf,0.41348051414009834,0.95941069685729,0.16529698041181176,0.9252643704246577,1.5406962329530893,0.13525374392783787,0.30367573931607533,1266
-0.7252394592892913,-0.913644098101062,4.0,5.0,0.41362722990139295,1538.0616023358757,0.8357241332244798,0.6695827833124451,0.0825072003362217,0.7258286215652626,0.7580967414845394,0.756738888804079,0.754804640981334,0.7614176849547998,0.7580967414845394,0.8224151539068666,778.9012886588873,-inf,0.41350410321535774,0.9593968616223879,0.16531457733770907,0.9253105988272029,1.5409186123885499,0.1352632859136793,0.30369473490636567,1267
-1.026089450467615,1.6694397159102037,6.0,2.0,0.41387637456643256,1540.8935403548517,0.8356207960230534,0.6701376963934257,0.0825072003362217,0.7262962511794535,0.758278077740219,0.7569222701040478,0.7549876474820191,0.761597314627035,0.758278077740219,0.8225552050473186,779.5022289204773,-inf,0.4135275960823161,0.9593830482096228,0.16533214650820274,0.9253559425019979,1.5411434879352641,0.13527279839993678,0.3037136538248858,1268
-0.4643217299632374,0.0312860952908901,4.0,1.0,0.4137373078924833,1539.6988156103441,0.8355335940134556,0.6702218271113017,0.0825072003362217,0.726377054475934,0.7583455312044461,0.7569911173633747,0.7550201770289876,0.7617003068420621,0.7583455312044463,0.8226950354609929,780.1012806042361,-inf,0.4135509746337506,0.9593702332209868,0.16534968798890842,0.9254024298265638,1.5413589067404212,0.13528193247704576,0.303732033120217,1269
0.1566415610325724,-0.6049212493058701,2.0,0.0,0.4138027204656004,1540.2195738700002,0.8346509998404698,0.6703644141271909,0.0825072003362217,0.7264990445235197,0.7584445368912045,0.757091754254836,0.7550606902010568,0.7618588499141156,0.7584445368912046,0.8228346456692913,780.6997989453902,-inf,0.4135735130490284,0.9593591693129467,0.16536754613133905,0.9254491953562163,1.5415779079845608,0.13529079825777182,0.3037503208089337,1270
1.309423169726836,-0.3185866313094779,3.0,4.0,0.41379542594719,1541.7761106537891,0.8352765401788987,0.6704050199638973,0.08250612509052806,0.7265167085972963,0.7585226504239554,0.7571714952647591,0.7551663436974366,0.7619089242812347,0.7585226504239554,0.8229740361919748,781.2986001347751,-inf,0.4135965939444541,0.9593481228146754,0.165385358839948,0.9254957174312464,1.5417993609945244,0.13529987661913767,0.30376850402283606,1271
-1.0750571905235224,1.5342345380347862,6.0,2.0,0.4140215882968695,1544.3646071237752,0.8351773940401338,0.6709572901593847,0.08250612509052806,0.7269821958494245,0.7587029801697472,0.757353852187669,0.7553483714451884,0.7620875183970567,0.7587029801697471,0.8231132075471698,781.8984947943578,-inf,0.4136195812774543,0.9593370936851121,0.1654031435411535,0.9255414798602896,1.542023479519768,0.13530891990580382,0.3037866145518096,1272
-0.9849405891141296,0.0391095143453094,4.0,1.0,0.41417125608537064,1545.1922846285809,0.8345829399573986,0.6710417347582918,0.08250612509052806,0.7270633182964131,0.7587703133603353,0.7574225684258938,0.7553810703024586,0.7621901071983912,0.7587703133603353,0.8232521602513747,782.49809714301,-inf,0.4136419807899355,0.9593274339019292,0.16542090030095885,0.9255873665302375,1.542238066496251,0.13531770634161974,0.303803721478205,1273
1.6462399641131116,0.6470070143807777,1.0,3.0,0.4138592539441529,1546.065614298953,0.8347349343651573,0.6712901897054165,0.08250505572049395,0.727259855333733,0.7589095499474778,0.7575637100759504,0.755565433415129,0.7622834000572484,0.7589095499474778,0.8233908948194663,783.0974437027869,-inf,0.4136644145172716,0.9593177892832413,0.16543862918516009,0.9256333541274168,1.5424526747141838,0.13532664570229422,0.30382094981087393,1274
-0.394383520426626,-0.7326464097268113,4.0,1.0,0.4133990989064656,1545.4561367827048,0.8355802315569577,0.6713758571925514,0.08250505572049395,0.7273422088169015,0.7589768596952485,0.7576323964665566,0.7555982946412861,0.7623857741308475,0.7589768596952486,0.8235294117647058,783.6953720895165,-inf,0.41368751731757086,0.9593068715909826,0.1654563302593469,0.9256801829962444,1.5426548946572574,0.1353361581223326,0.30383917227783835,1275
0.85306345688692,0.9546155863801724,1.0,3.0,0.4136409701299643,1547.6464563396585,0.8352235274657059,0.6716250959109021,0.08250399217808946,0.7275396999754916,0.7591156367682695,0.7577730680370593,0.7557819120761328,0.7624789016214681,0.7591156367682695,0.8236677115987461,784.2940798357939,-inf,0.41371044532862145,0.9592959710110943,0.16547400358890332,0.9257264532461554,1.5428603387908153,0.13534550775098964,0.30385718257309613,1276
0.8431286570705241,-1.23159953188377,2.0,0.0,0.413518249581197,1547.1355460322834,0.8353305121473862,0.6717663823024176,0.08250399217808946,0.7276605048046517,0.7592140088121957,0.7578730497858072,0.7558223409193714,0.7626362533721007,0.7592140088121957,0.8238057948316366,784.8914498171538,-inf,0.41373329514565566,0.9592841250244215,0.16549145783463493,0.9257735130580783,1.5430679339731959,0.13535450822302855,0.3038754294127647,1277
-0.494393285823001,1.786284368384064,6.0,2.0,0.4137834865541791,1550.1521010537283,0.8352768668274408,0.6723134929269439,0.08250399217808946,0.7281215605777608,0.7593930362672199,0.7580540802919732,0.7560030796808485,0.7628135312678306,0.75939303626722,0.823943661971831,785.4902453189038,-inf,0.4137560831045306,0.9592722975760689,0.165508884765428,0.9258196038674398,1.5432776729688165,0.13536346060911608,0.303893531165378,1278
0.3552781505155835,-1.212309361981761,2.0,0.0,0.4135937845434492,1549.4985665376835,0.8347735975396572,0.6724552811403667,0.08250399217808946,0.7282430530693909,0.7594911361908238,0.7581537811218334,0.7560436211870522,0.7629702361565784,0.7594911361908239,0.8240813135261923,786.0875934981209,-inf,0.41377828765385827,0.9592598567497549,0.16552615878731367,0.925866552824977,1.5434906216378512,0.13537216874343036,0.30391182917771536,1279
-1.6471754506621978,-0.1450105256188355,4.0,1.0,0.41362982822834277,1550.2967778259438,0.8345004368064074,0.6725405785415328,0.08250399217808946,0.7283250566489008,0.7595582383742142,0.7582222469773224,0.7560766069759822,0.7630720830015707,0.7595582383742142,0.82421875,786.6846319233771,-inf,0.41380023089916185,0.9592486870337087,0.1655434058185401,0.9259136365853026,1.5436932330322208,0.13538053339435502,0.3039293720498803,1280
1.012037084881407,1.1366685871098516,1.0,3.0,0.4138885470438494,1552.6863100063804,0.834165530957153,0.6727884118418638,0.08250293441580671,0.7285214470017768,0.7596961809058618,0.758362064195844,0.7562590883175896,0.7631646583514505,0.7596961809058618,0.8243559718969555,787.2826035690313,-inf,0.41382193668686096,0.9592375347567197,0.16556062592231732,0.9259600654352333,1.5438990205002407,0.13538867039553762,0.3039467425687255,1281
0.4564303911100885,-0.3437132954368532,2.0,0.0,0.4140823722965681,1553.9734152167532,0.8333799863258585,0.6729308955986176,0.08250293441580671,0.7286437176208418,0.7597939916247123,0.7584614651957594,0.7562997594934991,0.7633206615044354,0.7597939916247123,0.8244929797191888,787.8806463238266,-inf,0.41384309440544376,0.9592290539600623,0.16557834607356822,0.9260063875697973,1.5441076239125637,0.1353965240679395,0.3039639081882788,1282
-0.0006174286228545,2.0522046335985027,6.0,2.0,0.41398098911633147,1554.5439938962297,0.8336120735744523,0.6734739880374606,0.08250293441580671,0.7291013673875723,0.75997186716346,0.7586413231143638,0.7564793932311181,0.7634967384027285,0.7599718671634599,0.8246297739672642,788.4782015440702,-inf,0.4138643472633875,0.9592205863836646,0.16559603860182415,0.9260529572694151,1.5443178602876173,0.13540434278758154,0.3039813472848101,1283
-0.8051581126933401,-1.0711127645076006,5.0,5.0,0.4138040153394781,1556.7110843685941,0.8338698395201432,0.6734839505940418,0.08274113993423456,0.7291002549104302,0.7600345293313869,0.7587054346361031,0.756589263272358,0.763511316210502,0.760034529331387,0.8247663551401869,789.076513758108,-inf,0.4138858144628845,0.9592109288000411,0.16561344256921745,0.9260989860430437,1.544529733599227,0.13541261986740735,0.3039994415077721,1284
-0.8449368731704296,0.8117638228109125,6.0,2.0,0.4137054301639419,1556.5293196748962,0.8339739841354703,0.67402645021397,0.08274113993423456,0.7295576445965866,0.7602116713092124,0.7588845476371384,0.7567681346162025,0.7636866896370681,0.7602116713092125,0.8249027237354085,789.6737532957864,-inf,0.41390729241702556,0.9592012862476762,0.16563081944872374,0.9261456326613321,1.5447450632694242,0.13542090493452197,0.3040176432918562,1285
-0.2834458876850343,1.11465257062777,6.0,2.0,0.4137788816008695,1557.5461159723943,0.8340748567860862,0.6745690688740378,0.08274113993423456,0.7300154123200111,0.7603881934666075,0.7590630323773971,0.7569463812793978,0.7638614482531534,0.7603881934666075,0.8250388802488335,790.2708546664526,-inf,0.4139287778848009,0.9591916586915045,0.1656481693035341,0.9261923052854417,1.54496327726801,0.1354292418735469,0.3040357748540787,1286
-0.8049421583763481,-0.3155272104465552,4.0,1.0,0.4139393724110052,1559.041926623763,0.8336730233540743,0.6746522563953449,0.08274113993423456,0.7300953709155643,0.7604549168624718,0.7591311017776006,0.756979275799131,0.763962621688333,0.7604549168624719,0.8251748251748252,790.8681903866991,-inf,0.4139499238850115,0.9591822371443531,0.1656654921966431,0.9262387682656764,1.5451708090979492,0.135437296785523,0.30405358826587875,1287
1.789781538544671,0.3675964248182855,1.0,4.0,0.413935461691649,1561.5519639752029,0.8333706416001357,0.6736844856578008,0.08274113993423456,0.7292809892343793,0.759828730987041,0.7585025659148673,0.7564083706232321,0.7632801645282681,0.7598287309870408,0.8245341614906833,791.4665473537709,-inf,0.413970619644301,0.9591728302269332,0.16568280848639888,0.9262845252369996,1.545380022316517,0.13544522341793253,0.3040713111671259,1288
-1.5012496143293728,-0.4525813776553619,4.0,1.0,0.41401880235969907,1563.3818632163768,0.8332531458588228,0.6737708991296149,0.08274113993423456,0.7293638653388076,0.759895981200976,0.7585711620906082,0.7564419970364366,0.7633816524744864,0.759895981200976,0.8246702870442203,792.0653955429583,-inf,0.4139911486058729,0.9591637061954479,0.1657000979083661,0.926329912101029,1.5455778743533215,0.13545277957215723,0.3040887888937,1289
-0.9554736772137408,1.5108896724222918,6.0,2.0,0.4142946182957258,1566.2257169222064,0.8331317941459923,0.6743125901573606,0.08274113993423456,0.7298208893528173,0.7600720905537451,0.7587492234158991,0.75661982838785,0.7635560006943981,0.7600720905537452,0.8248062015503876,792.6655198230973,-inf,0.4140115842899701,0.9591545963097476,0.16571736052502792,0.9263744363938797,1.5457783281101474,0.13546029580358598,0.30410612846189705,1290
-0.6089890506352418,-0.1779314332861127,4.0,1.0,0.4143549306866277,1566.6202094620605,0.8329396043052504,0.6743996392663202,0.08274113993423456,0.7299044779784776,0.7601392850282944,0.7588177575782129,0.7566536028742443,0.7636572308508965,0.7601392850282944,0.8249419054996127,793.2650199699904,-inf,0.4140317797077649,0.9591459437020896,0.165734596398674,0.9264192931485429,1.545968901863835,0.13546748315782234,0.3041230974760671,1291
-1.3089363013563289,-0.2912169745479042,4.0,1.0,0.4145563865500705,1568.6252676543318,0.8324746416292697,0.6744882961385721,0.08274113993423456,0.729989698835028,0.7602065176407177,0.7588863261120365,0.7566876010854201,0.7637583160031786,0.7602065176407176,0.8250773993808049,793.8651440007058,-inf,0.4140515510730564,0.9591378913375187,0.1657518055914011,0.9264636987802467,1.5461490139735903,0.13547431200834592,0.30413951493719527,1292
1.4902098519003495,-0.3191634918815265,3.0,4.0,0.41473691311822486,1570.9465618914383,0.8326560596725335,0.6745223619844067,0.08274008790508072,0.7300016594637442,0.7602822534836969,0.7589636258438938,0.7567894733087261,0.7638074233225596,0.760282253483697,0.8252126836813611,794.466135043158,-inf,0.4140715170357869,0.959129851428268,0.16576878392677516,0.9265075022228172,1.5463321622039803,0.13548108410042964,0.30415577806598365,1293
-1.167497360922602,-0.3627134252189055,4.0,1.0,0.41495629084887353,1573.127984285007,0.8321177713316726,0.6746125231840379,0.08274008790508072,0.7300883580507241,0.7603494901883513,0.7590321927162699,0.7568236664504548,0.7639083192856843,0.7603494901883514,0.8253477588871716,795.0678829946586,-inf,0.4140910865326089,0.9591221135786038,0.16578573602051805,0.9265507739489907,1.5465047058343935,0.13548754543897548,0.30417164259451684,1294
-0.8459535446489784,-0.0522799237592354,5.0,1.0,0.415106673583673,1574.0342174277737,0.8316247693347946,0.6737348928892447,0.08241839672861015,0.7293732985677872,0.7600330609652985,0.7587149729852963,0.7564812319293494,0.7636184004192288,0.7600330609652985,0.8247104247104247,795.6694013996263,-inf,0.4141101795628551,0.9591153238528112,0.16580266193342116,0.9265941307442165,1.5466680603294045,0.13549369723180119,0.3041867663346936,1295
-0.2609364441294288,1.0845411265080005,6.0,2.0,0.4151444241070812,1574.814700765169,0.8317469334246145,0.674273650787121,0.08241839672861015,0.729827689774205,0.7602083340551459,0.7588921799801681,0.7566582686780141,0.7637918686313294,0.7602083340551459,0.8248456790123457,796.2705937602478,-inf,0.4141292935030389,0.9591085446049905,0.16581956172608833,0.9266376327960407,1.5468343209717963,0.1354999151018808,0.30420185086092744,1296
-0.8610730846180286,1.800943224559765,6.0,2.0,0.4154042956514179,1577.914597736714,0.8316505674467453,0.674812514606636,0.08241839672861015,0.7302824412292593,0.7603830004814333,0.7590687721204136,0.7568346938609836,0.763964735237811,0.7603830004814333,0.8249807247494217,796.8732491218335,-inf,0.41414832651873223,0.9591017758109058,0.16583643545893645,0.9266801652188087,1.5470027901154015,0.13550610486315853,0.3042168423418314,1297
-1.5141735666455252,-0.4347708385532563,5.0,1.0,0.41548681595706116,1579.6992740021744,0.8315291940410737,0.6739409679831474,0.08209920898541948,0.7295725844617179,0.7600706073243968,0.7587556090968135,0.7564964780893791,0.7636786694073581,0.7600706073243967,0.8243451463790447,797.4763508359168,-inf,0.41416719650792083,0.9590953283509155,0.16585328319219617,0.9267223627999337,1.5471604429721197,0.13551193359250385,0.30423157523465083,1298
1.2454436837938223,0.1027869706255104,3.0,0.0,0.4146570718060489,1578.1299831861784,0.8330457842439255,0.6730343371551959,0.08209816264290971,0.72882524913814,0.7596732944839577,0.7583571255592658,0.7560557325796932,0.7633256413171139,0.7596732944839577,0.8237105465742879,798.0773159108593,-inf,0.41418727088071955,0.959087321354631,0.16586979512420089,0.9267658320931045,1.5473191088823308,0.13551907274389996,0.3042466143794475,1299
-0.7176749416987466,0.167437697633765,4.0,1.0,0.41461543455537053,1577.5480635054557,0.8326592500191902,0.6731218113435188,0.08209816264290971,0.7289100487251216,0.7597392587162729,0.7584244035497719,0.7560878755085658,0.7634260803947772,0.759739258716273,0.8238461538461539,798.6769087936244,-inf,0.4142069758149289,0.9590807631024473,0.16588628165323324,0.9268100986250427,1.5474696351697241,0.13552602162182764,0.30426075947307085,1300
-0.4638696399568053,1.85019287384784,6.0,2.0,0.4148441252284771,1580.4271024999625,0.8326348815076415,0.6736611082956274,0.08209816264290971,0.7293651457351941,0.7599136489788951,0.7586007107847401,0.7562640658219977,0.7635986273016467,0.759913648978895,0.8239815526518063,799.2777928779491,-inf,0.4142266353579791,0.9590742149321267,0.1659027428378705,0.9268535024738175,1.5476221872996352,0.13553292695448624,0.30427480761172887,1301
-0.6010406395391964,-1.1914987333990934,5.0,5.0,0.41487976371854923,1582.6433085049978,0.8325169494843089,0.6736671795436849,0.08233515907934512,0.7293603260847553,0.7599748582938517,0.7586633303037814,0.7563731501666802,0.7636110318662005,0.7599748582938517,0.8241167434715821,799.8794561003969,-inf,0.4142462132308894,0.9590672367153166,0.1659188982059475,0.9268963644743488,1.5477773281733358,0.13553986798542172,0.30428898341259547,1302
1.1967080504330017,-0.72438772090311,3.0,0.0,0.41442388912790484,1582.9852132805752,0.8331194560428696,0.6727688284739715,0.08233411837749581,0.7286199810183516,0.7595839379081681,0.7582712742018868,0.7559391559734034,0.7632640369629602,0.7595839379081681,0.8234842670759785,800.4804582164215,-inf,0.4142661274979403,0.9590605258553421,0.16593507927913914,0.926939579579499,1.5479337310818968,0.13554705712757734,0.30430324703182954,1303
0.5985860992780853,0.3557289035058993,2.0,0.0,0.4138984248767748,1581.1684428809356,0.8339561853864992,0.6729034146650003,0.08233411837749581,0.7287348807584875,0.7596798963281097,0.7583687750849508,0.7559781315239188,0.7634180920592092,0.7596798963281097,0.8236196319018405,801.0791453212256,-inf,0.41428669579833594,0.9590528228738062,0.16595103828146454,0.9269841767478308,1.5480924795096018,0.13555458618740512,0.3043177489790203,1304
-1.209850703424896,-1.180101650913584,5.0,5.0,0.41377128569973093,1583.4912184090597,0.8345044848462476,0.672912555133025,0.08256928472561896,0.7287327958278352,0.7597416178426069,0.7584319031416734,0.7560874019931683,0.7634313273244907,0.759741617842607,0.8237547892720306,801.6786948025189,-inf,0.41430764542425336,0.9590440297523242,0.1659669942671534,0.927028178988747,1.548252108095839,0.13556244851379992,0.30433292053326766,1305
-0.9683103035395204,-0.3030842161638786,5.0,1.0,0.41398531621650003,1585.3832067687274,0.8339248824551949,0.6720477919729196,0.08225319155238293,0.7280289133042396,0.7594319826009012,0.7581215121987503,0.755753172645751,0.7631467827276551,0.7594319826009011,0.8231240428790199,802.2787748269953,-inf,0.414328189249236,0.9590355551020665,0.16598292581794838,0.9270717938818972,1.5484017591079453,0.13557001834627205,0.30434768209625873,1306
0.5806403274819516,-1.6869458024733717,1.0,0.0,0.4135582777744825,1581.4570614085856,0.8340709326870622,0.6707440105247032,0.08225319155238293,0.7269572135375224,0.7585949961308742,0.7572809203175878,0.7548979082688729,0.7623284749506276,0.7585949961308743,0.8224942616679418,802.8749326591159,-inf,0.4143489780132986,0.9590216366783236,0.16599775788347698,0.927117791658195,1.5485541470925699,0.13557741528975306,0.3043632252047296,1307
-0.8544905711905464,-0.3049299926142075,5.0,1.0,0.4137402378607915,1583.0818166382576,0.8336194734873895,0.6698877933021224,0.08193952054905676,0.7262607412111943,0.7582897796065727,0.7569749748821047,0.7545683177725552,0.7620481311953319,0.7582897796065727,0.8218654434250765,803.471421102525,-inf,0.41436941698168367,0.9590079630149444,0.16601256727000627,0.9271635240229235,1.5486966730989327,0.13558454047883725,0.3043784275946151,1308
0.2543567789532953,-0.4048729306637654,2.0,0.0,0.41390691143730857,1583.9147605964683,0.8328174057914032,0.6700246946891812,0.08193952054905676,0.7263778127055907,0.7583856979796862,0.7570724298235496,0.7546072803875251,0.762202144049995,0.7583856979796862,0.8220015278838808,804.0676345016801,-inf,0.4143891814957565,0.9589964149588506,0.1660277685791857,0.9272093687980715,1.5488423910089644,0.13559137085464584,0.3043934904921759,1309
-0.2615134932387369,-1.397025108536437,5.0,5.0,0.4140112062052103,1585.135708253137,0.8327543486820709,0.6700335498088169,0.08217350025131757,0.7263757804218448,0.7584465620645,0.7571346890396532,0.7547166402031531,0.7622135346931961,0.7584465620645,0.8221374045801527,804.6638696724826,-inf,0.4144087996280836,0.9589856700551654,0.166043184402165,0.9272551410345458,1.5489922605870894,0.13559790563420707,0.3044079963203439,1310
-1.50054026986204,0.0630221693349085,4.0,1.0,0.41406896600695187,1585.6312577114177,0.8322948327852581,0.670120730373534,0.08217350025131757,0.7264603171105518,0.7585118677655107,0.7572012914023301,0.7547475299676442,0.7623139433961388,0.7585118677655107,0.8222730739893211,805.2595732484086,-inf,0.41442801403528357,0.9589765552302589,0.16605857670748914,0.92730118538106,1.5491335345664774,0.13560433851396095,0.304421503038086,1311
-0.7788088184042172,-1.3643882955135107,5.0,5.0,0.41427345533235066,1588.614698085283,0.8314910508615373,0.6701313692326464,0.08240570064025324,0.7264600499642951,0.7585729194450469,0.7572637328615827,0.7548567723662476,0.7623258366003042,0.7585729194450468,0.8224085365853658,805.856642703315,-inf,0.41444685215531957,0.958967579347788,0.16607353865742402,0.9273463215901887,1.5492774460881342,0.1356106010673067,0.3044347176964933,1312
-1.4500950913222357,-1.191062882636717,5.0,1.0,0.41357698207679555,1588.5259687279165,0.8327743299577905,0.6692753603330766,0.08209501639420778,0.7257642737680674,0.7582690039024268,0.7569590911885108,0.7545294892333207,0.762045769921269,0.7582690039024268,0.8217821782178217,806.4527351069894,-inf,0.41446681782564543,0.9589568601422878,0.16608847781687922,0.9273920063509868,1.5494081299064548,0.13561783037272768,0.30444943207603686,1313
-0.8814114087765674,-1.2281652520974229,5.0,5.0,0.41363001869408295,1591.285166537397,0.8324921978603568,0.6692859051284709,0.0823257604928764,0.7257643552783222,0.7583294099060547,0.757020877562276,0.7546384348480437,0.7620566679202198,0.7583294099060545,0.821917808219178,807.0500200624158,-inf,0.4144866828295219,0.9589456108375839,0.16610303072879654,0.9274368926058874,1.5495407424699608,0.13562513866136836,0.30446432386472866,1314
-1.4224340851706612,-1.3736937428593687,5.0,5.0,0.41360067199457173,1593.360382711961,0.8331181981420167,0.6692982873583825,0.08255476967350993,0.725766334586123,0.7583900136200977,0.7570828580335001,0.7547472850899223,0.762068075369939,0.7583900136200976,0.8220532319391635,807.6479747108185,-inf,0.414507017818913,0.9589339039910657,0.16611801301503082,0.9274813063790843,1.5496743162637923,0.13563237778739037,0.30447958807684855,1315
-1.0479641747094122,-1.2882078869618632,5.0,5.0,0.413685369942229,1596.2332589123594,0.8330104807006139,0.6693124991300913,0.08278206342956941,0.7257702034827948,0.7584508093596366,0.7571450269185158,0.7548560373293376,0.7620799832326679,0.7584508093596366,0.8221884498480243,808.2472036501814,-inf,0.41452728904680497,0.9589217663637895,0.16613270744120712,0.9275248756543494,1.5498095840532295,0.13563963080925356,0.3044949919723974,1316
-0.5272269507400286,-0.7400696028484556,4.0,1.0,0.41331201889773617,1596.3767370883938,0.833654762020568,0.6693991367065316,0.08278206342956941,0.7258543641748988,0.7585153961908484,0.757210895478097,0.754885844566973,0.7621800187888085,0.7585153961908484,0.8223234624145785,808.845631541934,-inf,0.41454801634475774,0.9589085154387512,0.16614737955238545,0.9275688823258134,1.549933711044134,0.1356473599095945,0.30451118861086807,1317
1.6066089371772223,0.024902643322489,3.0,4.0,0.41353530287057894,1599.3363636052186,0.8331113407688396,0.6694357705358865,0.08278102832289132,0.7258677439935182,0.7585906561775454,0.7572876790458583,0.7549882906055064,0.7622275633540577,0.7585906561775454,0.8224582701062215,809.4453968925131,-inf,0.4145684993815332,0.9588952846213381,0.1661616394280007,0.9276120078367472,1.550060039512622,0.13565492918654062,0.3045271764057967,1318
1.7214793000559645,-0.502708238986547,3.0,4.0,0.413708963610966,1601.6781651608926,0.8333507379190759,0.6694741520592664,0.08277999876638308,0.7258829505647021,0.7586661093677232,0.7573646514300955,0.7550907496615966,0.7622754888615986,0.7586661093677232,0.8225928733889311,810.0460282558705,-inf,0.4145891147201821,0.9588820738658166,0.16617595493334775,0.9276545447708876,1.5501907184904453,0.1356623456843522,0.3045430969590884,1319
1.688881100869438,0.9266681157759246,1.0,3.0,0.41365808242067886,1602.9162684045878,0.8333866170429686,0.6697098868244687,0.08277897471552462,0.7260676843127624,0.7588012738116292,0.7575016046702676,0.7552703804795352,0.762365336101682,0.7588012738116291,0.8227272727272728,810.6466875287105,-inf,0.4146096721415922,0.9588688831265912,0.16619024874853525,0.927697008774031,1.5503220111819247,0.13566958184926844,0.30455913968243775,1320
0.4200498363139616,-0.0709887901246707,2.0,0.0,0.41373905743851447,1603.3484646531938,0.8331313697347801,0.6698473238926405,0.08277897471552462,0.7261846931474732,0.7588967864960053,0.757598628359164,0.7553095483629679,0.7625182614136853,0.7588967864960053,0.8228614685844058,811.2467645742249,-inf,0.41462997635274684,0.9588574005143348,0.16620485272597105,0.927739774320749,1.5504560509149077,0.13567665784713137,0.30457509078738865,1321
0.5255083295303009,-1.1788376888325005,2.0,0.0,0.4136809015068443,1603.2087473693568,0.832755179499075,0.6699861919871928,0.08277897471552462,0.7263032322707964,0.7589921654914619,0.7576955131013029,0.7553489190974468,0.7626707268891265,0.7589921654914618,0.8229954614220878,811.8458281013013,-inf,0.41464980864084305,0.9588458653233438,0.1662194208610732,0.9277831062355104,1.5505927997824074,0.1356834002943105,0.3045911641347642,1322
1.2666511030036405,0.1386712598187134,3.0,0.0,0.41284371814670917,1601.367045121611,0.834336511079834,0.6691015704655596,0.08277795612627073,0.7255746741166044,0.7586064997442185,0.7573087441395208,0.7549197753601641,0.7623294098010578,0.7586064997442183,0.8223733938019653,812.4425939493893,-inf,0.41467090040423593,0.9588325177005145,0.16623360731666076,0.9278277953341116,1.5507305107742737,0.1356914914302626,0.304607575527386,1323
-1.2596119498941984,-1.142109221217224,4.0,5.0,0.4126443935243943,1603.4322073704236,0.8350632505342984,0.6681430560671454,0.08247050461975836,0.7247688858775406,0.7579528061970711,0.756652590196735,0.7543060702627616,0.7616349741372622,0.757952806197071,0.8217522658610272,813.0400181287102,-inf,0.4146925118746881,0.9588179572772895,0.1662479071098951,0.9278720221339425,1.5508688997296063,0.1357000227222873,0.30462479375297136,1324
0.3957487768071104,0.8440252377982572,1.0,3.0,0.41256108628733773,1603.549075064487,0.8354614873520982,0.668381031115493,0.08246949144853241,0.7249555688022429,0.7580881867765289,0.7567897520106672,0.7544855267310068,0.7617254172190582,0.758088186776529,0.8218867924528301,813.6366287377185,-inf,0.4147143051899208,0.958803418832062,0.16626218531853593,0.9279166927059572,1.551011368694603,0.13570862313794788,0.30464202252433464,1325
0.600147762791767,-0.7660065430502554,2.0,0.0,0.41269048197627095,1604.9732984488635,0.8347831576372687,0.6685202457290507,0.08246949144853241,0.7250747523365653,0.7581831454418805,0.7568862077291185,0.7545243893144519,0.7618775577394902,0.7581831454418805,0.8220211161387632,814.233413556505,-inf,0.4147355177110675,0.9587910519321063,0.16627686563594304,0.927961199202356,1.5511563084972846,0.13571687326567958,0.3046590975356605,1326
2.053085634632794,0.1363693884922267,3.0,4.0,0.41289518563830346,1608.0327195808388,0.8342784018224095,0.6685585575380263,0.08246848365222015,0.7250901112855074,0.7582580059144641,0.7569625683837073,0.754626773827387,0.7619243536466747,0.7582580059144641,0.8221552373775434,814.8316044427329,-inf,0.41475610330176654,0.9587787036710355,0.1662915837327765,0.928004785967425,1.5513045075026133,0.1357249019403972,0.30467609899089654,1327
0.5302058332061211,-0.586211666626987,2.0,0.0,0.41307390634309177,1609.593341086151,0.8333788294997938,0.6686990247553173,0.08246848365222015,0.7252106170181768,0.7583527740367865,0.7570588261189425,0.7546657981630723,0.7620759527718594,0.7583527740367865,0.822289156626506,815.430069605868,-inf,0.41477608786608017,0.9587689048704146,0.16630677865755228,0.9280481487479468,1.5514552763554357,0.1357326062611644,0.30469290005751626,1328
1.3328845642059235,-0.3198042949695456,3.0,4.0,0.41309347467256397,1611.2702475299748,0.8339308094836522,0.6687388935717239,0.0824674811881635,0.7252275826284932,0.7584277610186098,0.7571353067268088,0.7547681495770768,0.7621230337666597,0.7584277610186099,0.8224228743416102,816.0288959248478,-inf,0.4147965357127978,0.9587591208159196,0.16632190764212762,0.9280912348461499,1.5516084116196933,0.1357404756630004,0.3047095972427145,1329
-0.7805271562229524,-1.5003386703136523,5.0,5.0,0.4133787657092465,1614.3929737970489,0.8331490501955775,0.6687532947890511,0.08269338301202347,0.7252315638768384,0.7584877035833727,0.7571965927515072,0.7548744538969562,0.7621357096853295,0.7584877035833728,0.8225563909774436,816.6291696676088,-inf,0.4148164500479761,0.9587500353022786,0.16633667798940024,0.9281333820370711,1.551764550404858,0.13574807195703317,0.30472563035423667,1330
-1.3728311565547295,-0.9170405349678964,5.0,1.0,0.41306375074443996,1615.757342751682,0.8337835196874499,0.6679091548919941,0.08238851095993953,0.7245452536746921,0.7581870406619489,0.7568952186425828,0.7545528294368861,0.7618564287781102,0.7581870406619488,0.821938392186326,817.2295664918643,-inf,0.41483682301775554,0.9587399004448177,0.16635142614231185,0.9281753995235483,1.5519086708716971,0.13575599522408943,0.30474242535179563,1331
0.8265454782506474,-0.7613329702827083,2.0,0.0,0.4130607328795715,1617.115020069477,0.8334930720687361,0.6680518335282032,0.08238851095993953,0.7246677038511795,0.7582818119493787,0.7569914713816854,0.7545922863499814,0.762007594171764,0.7582818119493787,0.8220720720720721,817.8300810966525,-inf,0.41485688149608296,0.9587316176990374,0.16636651353346382,0.9282172907664383,1.5520547823579154,0.1357636883252771,0.30475910509114285,1332
-0.6044045957897408,-1.7454515708657157,5.0,5.0,0.4133734150987816,1619.7322043990762,0.8327544369311516,0.668065992376538,0.08261303701472389,0.7246718109398427,0.7583410873029939,0.7570520792988928,0.7546982712464428,0.7620192405872561,0.758341087302994,0.822205551387847,818.431658083376,-inf,0.4148762671709498,0.9587251786044085,0.16638162362280182,0.9282584822057968,1.552205085022671,0.13577121092175568,0.3047744497634629,1333
-0.3282036402165451,-0.9015911636484748,5.0,1.0,0.412677649272068,1618.1588713042472,0.8339576182067274,0.6672257673252407,0.08231070205860122,0.7239890586419432,0.7580431792104139,0.7567534727755765,0.7543802166237008,0.7617418870656404,0.7580431792104138,0.8215892053973014,819.0311537454605,-inf,0.4148966596960119,0.9587170965490415,0.16639671105833273,0.9283008843587146,1.5523438538068648,0.1357797435360206,0.3047911715768167,1334
0.6084637819587468,-0.457538595015159,2.0,0.0,0.4128219171499519,1619.7605135885892,0.8330823481511294,0.6673707998029131,0.08231070205860122,0.7241136244337748,0.7581380078934548,0.7568497770410556,0.7544201339402359,0.7618927075962918,0.7581380078934548,0.8217228464419476,819.6309510187511,-inf,0.4149165842762162,0.9587116230944597,0.1664122867518509,0.928343048488397,1.5524849969101313,0.13578802656352112,0.3048076853608208,1335
1.0703421200459773,0.6068010651251573,1.0,3.0,0.41285401261128024,1621.6390857524777,0.832933084873766,0.66760854936733,0.08230970488459236,0.7242999485311528,0.7582727320261761,0.7569862560862708,0.7545984089584749,0.7619830125235552,0.7582727320261761,0.8218562874251497,820.2312565088212,-inf,0.41493643822968945,0.958706157833672,0.16642783912846265,0.9283848496502511,1.5526277038156207,0.13579645706699525,0.3048240383612094,1336
0.969617446197558,1.2246085770542328,1.0,3.0,0.4130811435219565,1623.8738738887814,0.8326912934052398,0.6678474623638709,0.08230871295886776,0.7244876123008953,0.7584070975296333,0.7571223693298434,0.7547760678273239,0.7620732319747817,0.7584070975296334,0.8219895287958116,820.8323355046178,-inf,0.4149560885741801,0.958700700748293,0.16644336824048708,0.9284261279415337,1.5527737116021654,0.13580471109366504,0.30484026890828186,1337
-0.5492103788361378,0.8817327533034208,6.0,2.0,0.41311145552866324,1624.1830291036556,0.8328005904480795,0.6683704789747318,0.08230871295886776,0.7249270822289097,0.7585799849681151,0.7572971036778888,0.7549507141079208,0.7622443183360949,0.7585799849681152,0.8221225710014948,821.4327470842883,-inf,0.4149757513097514,0.9586952518199926,0.16645887414008695,0.9284677567993096,1.5529227935955379,0.13581300715728828,0.30485650973165324,1338
0.3408914719876874,0.6278686775199941,1.0,3.0,0.4128975394558883,1623.4662271598954,0.8334108716395751,0.668609528495516,0.08230772624010232,0.7251151855141282,0.7587138365780518,0.7574326927644871,0.7551275834840752,0.7623343158968121,0.7587138365780518,0.8222554144884242,822.0317265316935,-inf,0.4149957431240558,0.9586898110304946,0.16647435687926923,0.9285102000096856,1.5530754890929954,0.13582157172240547,0.30487283802539206,1339
-0.4130067257029184,1.0060861988445358,6.0,2.0,0.41298741634600267,1624.3191260957008,0.8335000809718398,0.6691316830761572,0.08230772624010232,0.725554165427183,0.7588859815981364,0.7576066739011156,0.7553014619130607,0.7625046864416165,0.7588859815981365,0.8223880597014925,822.6304484716666,-inf,0.41501573829274857,0.9586843783615779,0.1664898165098855,0.9285527451028016,1.55323105219046,0.13583018015133466,0.3048891147380162,1340
-0.5301692459482682,-0.1041911572812402,4.0,1.0,0.412985444929418,1624.0697345883736,0.833379236218251,0.6692099457504054,0.08230772624010232,0.7256305049481319,0.7589479763242656,0.7576698990721822,0.7553290366768289,0.7626017611180519,0.7589479763242656,0.8225205070842655,823.2280914889052,-inf,0.4150355679074938,0.9586795119779504,0.1665052530836329,0.928595890591518,1.5533779995347694,0.13583845827516725,0.30490502015571097,1341
1.6052356767754148,0.381742306004008,1.0,4.0,0.41285708707998264,1626.231971229815,0.8332914069805871,0.6682981680627799,0.08230772624010232,0.7248622682418046,0.7583491347255953,0.7570689155038395,0.7547826329922529,0.7619495013723352,0.7583491347255954,0.8219076005961252,823.8264550356569,-inf,0.41505518561569765,0.9586746528467577,0.16652066349740902,0.9286385443366518,1.55352588757024,0.13584675809095345,0.30492083665111713,1342
-1.1710911554648051,-0.2563132232223438,5.0,1.0,0.41307850761339454,1628.2249833204303,0.8327316137713897,0.6674681269053333,0.08200760619208312,0.7241877751682547,0.7580557624717467,0.7567748682201783,0.7544686919198742,0.7616771049375346,0.7580557624717468,0.8212956068503351,824.4254114975218,-inf,0.41507435942269566,0.9586703446473782,0.16653605096194643,0.9286807848185414,1.55366447941396,0.13585473757004,0.3049361118807231,1343
0.5338778515445856,-1.179087915425774,2.0,0.0,0.41303153545455423,1628.1034119243357,0.8323626041329252,0.6676132451983386,0.08200760619208312,0.7243121089184089,0.758150555921457,0.7568711217566552,0.7545091328658627,0.7618272980131386,0.7581505559214571,0.8214285714285714,825.0233862002206,-inf,0.41509308612546403,0.9586659706324132,0.16655140134023577,0.9287235655912797,1.553805680743009,0.13586238968234038,0.3049515036684638,1344
-0.977773199618964,-0.7189681587064513,5.0,1.0,0.41296580683539225,1629.9678616193598,0.8324761709222249,0.6667888537048363,0.08170967680134873,0.7236425539137802,0.7578606145243428,0.756580522616863,0.7541988164893172,0.7615581436812707,0.7578606145243428,0.820817843866171,825.6218579291567,-inf,0.4151118814362583,0.958660837106833,0.16656672889268379,0.928765991421855,1.5539360566679574,0.13587021609620453,0.30496727035023136,1345
0.8305438890308889,1.2239094889014832,1.0,3.0,0.41315902093983026,1631.9309573121636,0.8323174124141358,0.6670266808781677,0.08170869524865014,0.7238297153079181,0.757993549138024,0.7567151776629228,0.7543749971612834,0.7616469830488255,0.757993549138024,0.8209509658246656,826.2208988648053,-inf,0.4151305217837682,0.9586557112090769,0.1665820336701653,0.9288080195135464,1.5540700522893056,0.13587791441817795,0.3049829295437023,1346
-1.0649591565327587,-1.6050458343598355,5.0,5.0,0.41343069928812676,1635.1086159376468,0.8318629031024297,0.6670355940443865,0.08193241313660161,0.7238295777797378,0.7580505164762942,0.7567734419037969,0.7544798535629785,0.7616551372470958,0.7580505164762941,0.8210838901262064,826.8214094194251,-inf,0.41514876204061457,0.9586514079965903,0.16659721887912615,0.9288491084406666,1.5542065899957482,0.13588529266308538,0.3049979155544683,1347
1.060410440305787,-0.0158365703091853,3.0,0.0,0.4128968132711322,1634.9162013468545,0.8327084408633403,0.6661699785108764,0.0819314367095046,0.7231167379483933,0.7576717901862312,0.7563936556923622,0.7540573167992446,0.7613210814623613,0.7576717901862312,0.8204747774480712,827.4208862680359,-inf,0.415167574823478,0.9586473984894822,0.16661243795622938,0.9288907668267496,1.5543444919797267,0.13589330993185672,0.3050129746347751,1348
1.646269075066333,0.7603733726758763,1.0,3.0,0.41274851292119025,1636.0940227591782,0.8327813043824235,0.6664095678919916,0.08193046536796536,0.7233056216584484,0.7578045785545412,0.7565281566862508,0.7542330158139389,0.7614101274825462,0.7578045785545411,0.8206078576723499,828.0203474514987,-inf,0.415186366984339,0.9586433949267882,0.166627634469838,0.9289323815020821,1.554482724821851,0.1359013194416235,0.30502812170078014,1349
1.8021684288183213,-0.5400176166427271,3.0,4.0,0.4129144715360638,1638.3614228969097,0.8330255458160765,0.666448311273264,0.08192949907235622,0.7233215172474524,0.7578778873991298,0.7566029149748504,0.7543329216557916,0.7614563293910477,0.7578778873991298,0.8207407407407408,828.6206000999766,-inf,0.4152052710480265,0.9586393972952978,0.16664300088514142,0.9289734672774442,1.554625470508452,0.13590918566654162,0.3050432405383103,1350
-0.2660960013865394,0.8123414789019667,6.0,2.0,0.41276980946348396,1637.4686447748225,0.8332540908996576,0.6669678702757569,0.08192949907235622,0.7237579697902621,0.7580496335343568,0.7567764778651517,0.7545063678386967,0.761626335577966,0.758049633534357,0.8208734270910437,829.2193033158721,-inf,0.41522425109171324,0.958635405581841,0.1666583445522357,0.9290154319417491,1.5547712221753953,0.13591717658223398,0.3050584907519329,1351
-1.0816442699804447,-0.5708445183013672,4.0,1.0,0.4128821037377369,1639.6558893641213,0.8329955108215104,0.6670448197223493,0.08192949907235622,0.7238331856023034,0.7581107846822753,0.7568388410103595,0.7545324463926656,0.7617232249357114,0.7581107846822753,0.8210059171597633,829.8187386605824,-inf,0.4152430781224259,0.9586311014674473,0.16667366552159754,0.9290569033254954,1.554906713977569,0.13592507254705058,0.3050737728867597,1352
-1.066773214347984,-0.8008616110017405,5.0,1.0,0.4127274265105712,1641.4711733082086,0.8332776253081721,0.6662272996788515,0.08163399747250678,0.7231694005910273,0.7578239175086416,0.7565513302497873,0.7542254280996765,0.7614569090793571,0.7578239175086418,0.8203991130820399,830.4186295952812,-inf,0.4152620820184756,0.9586258946968811,0.16668896384355458,0.9290980485562156,1.5550312243056494,0.13593324295228673,0.30508956397086917,1353
-0.8005172286696421,1.87334949857391,6.0,2.0,0.4129594788841301,1644.5592600721752,0.8332015035419764,0.6667466071258801,0.08163399747250678,0.7236057091402326,0.7579951602788659,0.7567243806046726,0.7543983907232049,0.7616263910047532,0.7579951602788659,0.8205317577548006,831.0199151421623,-inf,0.4152810173057135,0.9586206956172612,0.1667042395682857,0.9291383062751002,1.5551576879868274,0.1359413827415538,0.3051052868014445,1354
-0.3854234798040831,1.980159036727807,6.0,2.0,0.41310092438770857,1647.0309476893392,0.8332414274692236,0.6672660659308932,0.08163399747250678,0.7240424095782003,0.7581658289338992,0.7568968494301855,0.7545707746211574,0.7617953035751871,0.7581658289338992,0.8206642066420664,831.6221373064038,-inf,0.41529993862319503,0.9586155042115593,0.16671949274582162,0.9291779529063832,1.5552858578744782,0.13594947805626545,0.30512100964475036,1355
0.1532948123952562,-0.6558839093565738,2.0,0.0,0.4131389902420294,1647.4815312974536,0.8324197963441936,0.6674084645870475,0.08163399747250678,0.7241642111265972,0.7582595998629146,0.7569920548095747,0.7546103518581639,0.7619443144475769,0.7582595998629145,0.8207964601769911,832.2238035261613,-inf,0.41531812244528166,0.9586117268021537,0.16673500034157224,0.929217879980664,1.5554172587267954,0.13595734663108416,0.3051366683437896,1356
-1.0996658597871125,-1.387139685987325,5.0,5.0,0.413293831377962,1650.503427777237,0.832241635181472,0.667416133711645,0.08185635921582286,0.7241630075334337,0.7583158597305404,0.7570495902965191,0.7547146036111847,0.7619516487088327,0.7583158597305404,0.8209285187914517,832.8268098815415,-inf,0.41533616379316385,0.9586078672524583,0.16675028636698455,0.9292569572715821,1.5555504324143017,0.1359650799034113,0.3051522419281439,1357
-0.4400537477280712,0.1085971489354432,4.0,1.0,0.413111807544872,1648.79654941604,0.8321558838476407,0.6674907855999076,0.08185635921582286,0.724236376574503,0.758376186313707,0.7571111138715881,0.7547396428200357,0.7620479432117518,0.7583761863137072,0.821060382916053,833.4276712508599,-inf,0.41535414070314186,0.9586050522480795,0.166765549879841,0.9292972617319475,1.5556761214599877,0.13597251742805014,0.305167291674079,1358
1.9422569581111704,0.5952560482481797,1.0,4.0,0.41292497712819715,1650.3250654084254,0.8320174196020843,0.6665983152263726,0.08185635921582286,0.7234842568764889,0.7577935824367883,0.7565264696346604,0.7542089825233474,0.7614124187988102,0.7577935824367883,0.8204562178072112,834.0287730861489,-inf,0.41537175939990967,0.9586022413864592,0.1667814600608081,0.9293373713119794,1.5558031297343011,0.13597997549214141,0.3051824565085514,1359
0.0450039912275406,0.0760358353143703,2.0,0.0,0.41280861307701155,1648.643146461072,0.8319774938717176,0.6667428533859389,0.08185635921582286,0.7236079287588084,0.7578875726837054,0.7566218889799292,0.7542491988607265,0.7615612184842103,0.7578875726837053,0.8205882352941176,834.6277542430421,-inf,0.415389291539554,0.9585989401787376,0.16679724927925751,0.9293786950943643,1.5559334342162876,0.13598732554302734,0.3051977852449762,1360
-1.0366542080879655,1.6336352789594295,6.0,2.0,0.4130388135983549,1651.4295583658984,0.8318768880893562,0.6672598429224953,0.08185635921582286,0.7240425070705847,0.7580576050687047,0.7567937068109282,0.7544209584698106,0.7617294820214463,0.7580576050687047,0.8207200587803086,835.2279025194,-inf,0.4154067451022076,0.9585956438221662,0.16681301529532858,0.9294192702542514,1.5560660120965446,0.13599464889510254,0.3052130491442205,1361
-1.011879638463575,-1.3467569157711414,5.0,5.0,0.41319137820769036,1654.4691900067642,0.8315636346932519,0.6672697069108613,0.08207712123436686,0.7240432356481274,0.7581143849766986,0.7568517569387615,0.7545253193422601,0.761737758162716,0.7581143849766986,0.8208516886930984,835.8294012620485,-inf,0.415424017311381,0.9585921899234111,0.1668284641152585,0.9294589902186006,1.5562004481242995,0.13600188460014032,0.3052282517556856,1362
0.3414856673172726,-0.6602890260651874,2.0,0.0,0.4133602659913919,1655.6069379535434,0.8307126423609184,0.6674145014567163,0.08207712123436686,0.7241672736929933,0.7582080845808279,0.7569468764459902,0.7545655809018921,0.7618859256557061,0.758208084580828,0.8209831254585473,836.4308521326953,-inf,0.415440609454264,0.9585907782972396,0.1668442914625649,0.9294986877966611,1.556337705025491,0.13600881128006703,0.3052433140651321,1363
-1.169155663613712,-0.4331295585871929,5.0,1.0,0.4135490945153946,1657.833793936941,0.8302751557219067,0.6666033391786448,0.08178426795938318,0.7235087348068114,0.7579239173544159,0.7566620769124184,0.7542622809730624,0.7616212786744192,0.7579239173544159,0.8203812316715543,837.0330537029329,-inf,0.4154569112961048,0.9585894508172531,0.16686009560261722,0.9295378892473357,1.5564653789299403,0.1360154928841275,0.3052581384786544,1364
-1.4304117525486886,-0.4384940550235759,4.0,1.0,0.4136646813359759,1659.8031805843043,0.8300913027162222,0.6666777313084832,0.08178426795938318,0.7235819284847974,0.7579839077646154,0.7567232531324316,0.7542868368958902,0.7617173988821291,0.7579839077646153,0.8205128205128205,837.6358157006481,-inf,0.41547301970928197,0.958588341538192,0.16687587658642034,0.9295767084732808,1.5565834534881131,0.13602186690399284,0.3052727264096897,1365
1.4982710123756875,-0.6028976922869818,3.0,4.0,0.41366788273758076,1661.1660484128945,0.8308225304176249,0.6667151244805917,0.08178330667048703,0.723596568293356,0.7580561774236336,0.7567969389540568,0.7543844877797905,0.7617637830792302,0.7580561774236335,0.8206442166910688,838.2386928841859,-inf,0.4154896847345244,0.9585872338832583,0.16689193558221407,0.929615409583066,1.5567051914841619,0.1360282785638067,0.30528732127965674,1366
-1.517440022771278,-0.3733119093425022,4.0,1.0,0.4137629679530649,1662.8729116744942,0.830647856894173,0.6667909404056683,0.08178330667048703,0.7236711560363309,0.7581161998189212,0.7568581424209184,0.7544092703240703,0.76185973856762,0.7581161998189212,0.8207754206291149,838.8419366433594,-inf,0.4155061581615446,0.9585865558483809,0.1669079710827689,0.9296538442759135,1.5568176090544161,0.13603434762467742,0.30530158682651765,1367
-1.1984598693245074,0.1655071126601536,4.0,1.0,0.41381286556119506,1663.2264484257246,0.8300953420987627,0.6668682473479454,0.08178330667048703,0.7237472540270924,0.7581762771443171,0.7569193977744849,0.7544342924018178,0.7619555673172045,0.7581762771443171,0.820906432748538,839.4445569005101,-inf,0.41552214975903556,0.9585874611269884,0.16692398313960943,0.929692597574076,1.5569227510928219,0.13604038304342156,0.30531482444769453,1368
2.1903254081175128,0.4330815475205151,1.0,4.0,0.41381729757192265,1665.192697273836,0.8297564309465869,0.6659893111823028,0.08178330667048703,0.723006420930785,0.7576076283846424,0.7563487892237998,0.7539162064832801,0.7613353769868385,0.7576076283846424,0.8203067932797663,840.0477330439531,-inf,0.4155376173424345,0.9585883650830562,0.1669406976859497,0.9297309730798606,1.5570304760208,0.13604640006994612,0.3053281972443518,1369
0.945307978900052,0.1876747541105324,3.0,0.0,0.41338518656734563,1664.2286611010456,0.8307259207019605,0.6651418768258474,0.08178235034949213,0.7223085340623946,0.7572359376517499,0.755976079830358,0.7535016322597605,0.7610074413484956,0.7572359376517498,0.8197080291970803,840.6493249622429,-inf,0.4155537697842159,0.9585888794521296,0.16695731105129705,0.9297702341903357,1.5571397270736198,0.1360530483060301,0.3053417201538666,1370
0.3814789845552373,-0.4255453203299298,2.0,0.0,0.4135886374929078,1665.4632645874199,0.8299130751221582,0.6652874128287022,0.08178235034949213,0.7224332730649319,0.7573293360985522,0.7560708862026175,0.7535417576568564,0.7611551824175062,0.7573293360985522,0.8198395331874544,841.2509397978558,-inf,0.41556936024234253,0.9585916807566727,0.16697435257304394,0.9298094317838399,1.5572516701441161,0.13605941368563362,0.30535507596675954,1371
0.9239150130494516,1.3843667574872685,1.0,3.0,0.413744688926485,1667.22573524646,0.829819006333279,0.6655175276637041,0.08178139895798693,0.7226136692741687,0.7574595081831603,0.756202717558013,0.7537153081545664,0.7612410937422159,0.7574595081831603,0.8199708454810496,841.852962243518,-inf,0.41558480716982943,0.9585944779776814,0.16699136925292238,0.929848339047519,1.5573672296490193,0.13606571660000527,0.3053684058223933,1372
-1.0239259781282772,0.2762183911172474,4.0,1.0,0.4136709294375379,1666.8058644617113,0.8292950721190885,0.6655983308648139,0.08178139895798693,0.7226926897819277,0.7575202346742933,0.7562646200939624,0.7537413036762741,0.7613372484348829,0.7575202346742932,0.8201019664967225,842.453801939234,-inf,0.4155998194826472,0.9585990163390302,0.16700836114521178,0.929887894375556,1.557475982791927,0.13607207844333213,0.305380673205149,1373
0.6936271654342134,1.2055106867302183,1.0,3.0,0.4137829823308989,1668.3795030501728,0.829258641834092,0.6658291542779897,0.08178045245795475,0.7228739436247946,0.757650011319927,0.7563960474672212,0.7539142016689838,0.7614230288507468,0.757650011319927,0.8202328966521106,843.0549123476119,-inf,0.41561475093895145,0.958603548094322,0.16702532830403352,0.9299272400084876,1.557588535913526,0.1360783596162827,0.3053928691432579,1374
-0.9691234997685224,-0.247342985707701,5.0,1.0,0.41398940282447816,1670.1636004072973,0.8287176806664118,0.6650245004537293,0.08148969099207806,0.7222211895227018,0.7573683632971734,0.756113779120061,0.7536116814921604,0.761162686134626,0.7573683632971734,0.8196363636363636,843.6564459389278,-inf,0.4156292953339284,0.9586084858473867,0.1670422707833515,0.929966286536162,1.5576925628877942,0.1360843618999703,0.3054046222289899,1375
0.2526160628280846,-0.4903748721899517,2.0,0.0,0.4141459058407717,1671.0596862569835,0.8279183458923086,0.6651711522670416,0.08148969099207806,0.722346875051234,0.7574616205211495,0.7562084341823747,0.7536520986277215,0.7613098504247833,0.7574616205211495,0.8197674418604651,844.2577564333451,-inf,0.4156432104411298,0.958615362339069,0.1670595722621676,0.9300054148673765,1.5577995128140742,0.13609009486859477,0.3054162524094242,1376
-0.1788597728214688,1.806557743712275,6.0,2.0,0.41425142728721887,1673.0773758495673,0.8280071553943672,0.6656811329668441,0.08148969099207806,0.7227748059017595,0.7576307570738186,0.7563793261965551,0.7538230283839723,0.7614771484356966,0.7576307570738184,0.8198983297022513,844.8596588439598,-inf,0.4156571410330818,0.958622228843109,0.167076848611748,0.9300441456226806,1.5579082482301478,0.13609580156333387,0.30542787647398034,1377
-0.6326096774958815,-0.1155542671009317,5.0,1.0,0.4143181221678346,1673.4022315317163,0.8277826617947972,0.6648823039420817,0.08120099900282685,0.7221270249269192,0.757352448001481,0.7561004128529379,0.7535240435344674,0.7612199528180214,0.7573524480014812,0.8193033381712627,845.4609234104965,-inf,0.41567083374187636,0.9586296316432539,0.1670940998868007,0.9300832020283537,1.5580090742760788,0.13610121867468905,0.30543909647364204,1378
-1.5117324472851537,-0.9180426733485176,5.0,1.0,0.4140108867094838,1674.434781781532,0.828457116997773,0.6640878106522323,0.08091435447449231,0.721483158062979,0.7570770609909817,0.7558244358822721,0.7532280973855082,0.7609655627158619,0.7570770609909816,0.8187092095721538,846.0620647146089,-inf,0.41568503727169354,0.9586360929365005,0.1671113261418751,0.9301222815242187,1.558099072676271,0.13610684784727156,0.3054510399289443,1379
1.2679957408415103,-0.1819380731195154,3.0,4.0,0.4139767774668512,1676.008872685978,0.8289763874409511,0.6641244879085486,0.08091341282830644,0.7214971623625138,0.7571479213698155,0.7558966841157468,0.7533239245290603,0.7610109387662715,0.7571479213698153,0.8188405797101449,846.6634754450229,-inf,0.41569966873234065,0.958642544865554,0.16712846085107372,0.9301611535485006,1.558190681022923,0.13611274157778622,0.30546288783725617,1380
1.3846758608098726,0.8845939233366933,1.0,3.0,0.41410290659993015,1678.2436394396482,0.8287741178064011,0.6643570034751155,0.08091247599872511,0.7216797441417263,0.7572776379403947,0.7560280395678506,0.7534963537358885,0.7610970649295836,0.7572776379403947,0.8189717595944968,847.2656334203994,-inf,0.4157141428646132,0.9586489874507564,0.16714557074534228,0.9301995384594983,1.5582835697561854,0.1361184835521255,0.30547464865129986,1381
-0.4085813524937524,-0.7115141926044312,4.0,1.0,0.4137146579049101,1677.715983266506,0.8294831583155676,0.6644322094958253,0.08091247599872511,0.7217544030784449,0.75733624838466,0.7560878014514683,0.7535190943464711,0.761192272977046,0.75733624838466,0.8191027496382055,847.8665381597959,-inf,0.41572912688408903,0.9586543909372988,0.16716265587854823,0.9302386091186835,1.5583667549129572,0.1361246447196189,0.30548717732507197,1382
-0.6148897516164269,-1.491925294530678,5.0,5.0,0.4139713670230269,1680.495381089509,0.8288481198802463,0.6644371710916489,0.08113265278457367,0.7217507166866135,0.7573904218211125,0.7561432022201143,0.7536224145289199,0.761196297474995,0.7573904218211124,0.819233550253073,848.468583599369,-inf,0.41574364102673983,0.9586605340171366,0.16717946067441108,0.930276962610758,1.5584531269081645,0.13613055428334797,0.30549905595614235,1383
-0.5865095774285181,-1.4960425449407684,5.0,5.0,0.41422549835842254,1683.1967981752925,0.828247009840863,0.6644438309248852,0.08135127902967679,0.7217487830560653,0.7574447920691175,0.7561987968503595,0.7537256512080124,0.761200817966696,0.7574447920691174,0.819364161849711,849.0717109220395,-inf,0.41575769572768034,0.9586674483641004,0.16719601185520153,0.930314635555003,1.5585427482985017,0.13613621291195432,0.30551027346238596,1384
0.5882386858740396,-1.2684021955884517,2.0,0.0,0.4141360916859557,1682.5894671748797,0.8280349992449078,0.6645916786597107,0.08135127902967679,0.7218751771115226,0.757537963441958,0.7562933514314195,0.7537665242758804,0.7613473328656222,0.757537963441958,0.8194945848375451,849.6735287965903,-inf,0.4157714656431776,0.9586735697650431,0.16721238542165107,0.9303530250652553,1.5586347582930486,0.13614157600440965,0.3055216845165855,1385
1.0958236451158638,1.346133013606759,1.0,3.0,0.4143253064498003,1684.6792887471918,0.8278610952357438,0.6648239147725905,0.08135034697983821,0.7220577069121138,0.7576670618244076,0.756424073717121,0.7539379835013543,0.7614332125550087,0.7576670618244075,0.8196248196248196,850.275986054852,-inf,0.415785057678773,0.9586796823327955,0.16722873536102065,0.9303909928757729,1.5587297847412402,0.1361467907928642,0.3055330541221808,1386
-0.4956277751555425,1.4470154725064182,6.0,2.0,0.4146017533029045,1687.48885835952,0.8277439444725841,0.6653294125825538,0.08135034697983821,0.7224816081080025,0.7578351549615897,0.7565938987577501,0.7541078238263915,0.7615995153040415,0.7578351549615898,0.8197548666186013,850.8796002382007,-inf,0.41579859999157787,0.9586857860864633,0.1672450617244142,0.930428238683642,1.5588270683890337,0.13615198192924988,0.3055442474137875,1387
0.740602973795214,0.943888583353891,1.0,3.0,0.4147925221918491,1689.3829495649452,0.8275689426481169,0.665561779882045,0.08134941967325582,0.7226645534439677,0.7579637784768906,0.7567241369899312,0.7542785489890061,0.7616851951143951,0.7579637784768906,0.8198847262247838,851.4837092795024,-inf,0.4158120578047171,0.958691881045097,0.16726136456278842,0.9304651493168278,1.5589273824457375,0.13615707207696692,0.30555529425481415,1388
-0.9865882957166316,-1.6225509688690898,4.0,5.0,0.41508351638803864,1692.6289039287685,0.8270089945563074,0.6646590425941838,0.08106525856626298,0.7219050179626901,0.7573395616582073,0.7560976855891619,0.753691859747694,0.7610227434243769,0.7573395616582073,0.8192944564434845,852.0892853735623,-inf,0.41582507307879274,0.958698870127494,0.16727749424549443,0.9305011618977217,1.5590303328271422,0.13616188067761906,0.3055656256613132,1389
1.852783943611433,-0.5158898676963184,3.0,4.0,0.4152629204952015,1695.0436021666176,0.8271554727981855,0.6646968389065302,0.0810643359668206,0.7219200986548892,0.7574106269085176,0.7561701216780453,0.753787470992399,0.7610687811804061,0.7574106269085175,0.8194244604316546,852.6957273280897,-inf,0.41583812238927403,0.9587058491536575,0.16729377217075245,0.9305366271082547,1.5591376195671518,0.1361665449783103,0.30557593432768954,1390
-1.5901219027959044,-0.8480465970444813,4.0,1.0,0.4150258262043913,1696.068299822455,0.8277359330770112,0.6647699739121999,0.0810643359668206,0.7219928194964063,0.7574683860956142,0.756229014355321,0.7538102779091226,0.761162171724748,0.7574683860956142,0.8195542774982028,853.302033994153,-inf,0.4158516118962464,0.958712121510411,0.16731002669137313,0.9305721244057888,1.5592344318258127,0.1361712481896206,0.30558681947477373,1391
0.920066825756969,0.8986745583276419,1.0,3.0,0.4152475507061239,1698.401320444175,0.8273013754688406,0.6650037167015975,0.0810634180387678,0.7221771417600389,0.757596982405535,0.7563592179214899,0.7539806063001112,0.7612482167187721,0.7575969824055351,0.819683908045977,853.909145550511,-inf,0.41586495969562143,0.9587183848551575,0.16732625785779745,0.930607111277659,1.5593337034385282,0.13617582976208822,0.3055975258489241,1392
-1.273799674717323,1.5323443772907543,6.0,2.0,0.4153429856366165,1700.1865343646257,0.8272463102007798,0.66550681473381,0.0810634180387678,0.7225990843120705,0.7577644117607593,0.7565283645689777,0.7541497229230367,0.7614139183612783,0.7577644117607593,0.8198133524766691,854.5166670069461,-inf,0.4158782587786379,0.9587246392073058,0.16734246572032171,0.9306418164432979,1.5594353441303495,0.13618040573984072,0.3056083146253043,1393
0.5224932608659094,-0.3098477457539689,2.0,0.0,0.4154974935217259,1701.5139573833621,0.8266176186008947,0.665653506500141,0.0810634180387678,0.7227242750863285,0.7578573027816147,0.7566226221084082,0.7541907925547536,0.76155963675878,0.7578573027816147,0.8199426111908178,855.1242690803867,-inf,0.4158911786168653,0.9587331915999566,0.1673591031891346,0.9306764298747489,1.559539309978496,0.13618477900826362,0.30561893961985725,1394
1.0728096905879312,-0.2051251671217436,3.0,4.0,0.4151613909768954,1701.8542268498131,0.8276890993760615,0.6656917752231956,0.08106250474671527,0.7227399609937772,0.75792827367969,0.7566949516570751,0.7542861316488859,0.761605759225545,0.7579282736796898,0.8200716845878137,855.7312439605083,-inf,0.4159049371437443,0.9587417317311125,0.16737602206977112,0.9307113588374774,1.5596443332287537,0.13618980006384568,0.3056295808707992,1395
-1.0821879533118877,-0.8002424853918535,5.0,1.0,0.41501423407147786,1703.6791626949416,0.8279565472554324,0.6649061642002461,0.08078033078033077,0.7221030238262737,0.7576559207179251,0.756422020114619,0.7539935225203377,0.7613540715589068,0.7576559207179252,0.8194842406876791,856.3386565097451,-inf,0.4159188616657721,0.958749405380025,0.1673929167113236,0.9307459908018493,1.5597392704983994,0.13619506732589232,0.30564068980379566,1396
1.508019007387576,-0.8961288849160871,3.0,0.0,0.41434389706804625,1701.8081984543533,0.8292651828215308,0.6640764391432777,0.08077942208924575,0.7214196136715995,0.7572903386913405,0.7560554533352448,0.753586086876536,0.7610311868893775,0.7572903386913405,0.8188976377952756,856.9438601904499,-inf,0.41593376339480737,0.958754275351237,0.167409237067566,0.9307818484227661,1.5598348072991253,0.1362009875272153,0.3056522234674531,1397
-1.0807612370026047,-0.890831188854676,5.0,1.0,0.4140424418813065,1703.3664126577758,0.8297339268783105,0.6632976199194192,0.080499214491965,0.7207885822282222,0.7570212942807865,0.7557858478564998,0.7532969692430299,0.7607826286653864,0.7570212942807865,0.8183118741058655,857.549312660026,-inf,0.4159489716752666,0.958758078921662,0.16742553407565922,0.9308175168556136,1.559920046968077,0.13620732500343177,0.30566440890508845,1398
0.1576130898522101,-0.3134977873830477,2.0,0.0,0.4141194720231605,1703.6548728315558,0.8291248589974173,0.6634455806062017,0.080499214491965,0.7209150868650278,0.7571137885965814,0.7558797001347204,0.7533376506164571,0.7609279734022285,0.7571137885965813,0.8184417441029307,858.1541057695123,-inf,0.4159636622640864,0.9587632796823,0.16744208449665324,0.9308535190909276,1.5600082826003765,0.13621344437448696,0.30567653042244985,1399
0.139504635969949,0.5323194495607028,1.0,0.0,0.4135474886873095,1699.1315228813107,0.8299182846576313,0.6622290982958569,0.080499214491965,0.7199159517926754,0.7563204413125336,0.7550831571364504,0.7525269348350391,0.760152387883257,0.7563204413125337,0.8178571428571428,858.7548039245921,-inf,0.41597909783883064,0.9587649753943194,0.16745792126248368,0.9308918401143864,1.560099411334912,0.1362196679066163,0.30568916310989225,1400
0.8811591606370175,1.1103968748272244,1.0,3.0,0.4137781326296131,1701.394986347806,0.8296441622998065,0.6624625225769415,0.08049831036716684,0.7200999090372227,0.7564484966578651,0.7552128049733869,0.752696889527437,0.760237688793211,0.756448496657865,0.8179871520342612,859.3562601575851,-inf,0.4159943747796298,0.9587666686856222,0.1674737354205113,0.9309296749998925,1.5601935159483846,0.13622572846348333,0.3057016514782851,1401
0.0975278691179676,-0.0794779426278432,2.0,0.0,0.413764846494655,1700.7338811736738,0.8293473013703118,0.6626100746799273,0.08049831036716684,0.7202264400081934,0.7565404683581702,0.7553061272423741,0.7527369174235382,0.7603826529025723,0.7565404683581703,0.81811697574893,859.9563868487521,-inf,0.4160093562342869,0.9587688856271586,0.16748963080158363,0.9309682319728784,1.5602906632860565,0.13623162746493853,0.3057141774326876,1402
-1.2600705787095228,-0.2204047836102546,4.0,1.0,0.41396191656633496,1702.627731511135,0.8288630574684847,0.6626820548257903,0.08049831036716684,0.7202981254101455,0.7565975684792627,0.7553643445208097,0.7527586707588724,0.7604758219123426,0.7565975684792626,0.8182466143977192,860.5570079069577,-inf,0.41602394361854345,0.9587717262360708,0.167505503523524,0.93100645542364,1.5603797222217672,0.13623723709892105,0.30572616026326255,1403
0.4535774795593238,-0.6529382039767545,2.0,0.0,0.41414393461868154,1704.0288240387913,0.8280497676340369,0.662830593298812,0.08049831036716684,0.7204257172227385,0.7566893775495571,0.7554574982423663,0.752798880814693,0.7606202956902051,0.7566893775495571,0.8183760683760684,861.157771308761,-inf,0.4160379520820736,0.9587766981524,0.16752177451342948,0.9310445493934884,1.56047125383853,0.13624254719527243,0.3057379912629245,1404
0.5374999752842841,-0.2498346280873972,2.0,0.0,0.4142788420801037,1705.2384461592526,0.8275543880562161,0.662980370620937,0.08049831036716684,0.7205546390833253,0.7567810554056675,0.7555505163526984,0.7528392448180361,0.7607643613169536,0.7567810554056675,0.8185053380782918,861.7585404723557,-inf,0.416051645434368,0.9587838049494908,0.1675384445221831,0.9310825929513951,1.5605650435038665,0.13624768997486156,0.3057496698177377,1405
1.8375250312693827,-0.4467852043716452,3.0,4.0,0.4144900549918359,1707.9035604738012,0.8275639659188948,0.6630208152835716,0.08049741077432257,0.7205719567710536,0.7568521253020374,0.7556229316733745,0.7529352373834552,0.7608099788684642,0.7568521253020373,0.8186344238975818,862.3603505861547,-inf,0.4160652790739899,0.9587909016373399,0.1675551232819417,0.9311199894701394,1.560662830927865,0.13625265091554375,0.30576128442877853,1406
1.7046715156986751,0.4163455930235054,1.0,4.0,0.4143917253448325,1710.1226514287798,0.8274064458976574,0.6621644944728977,0.08049741077432257,0.7198503306926929,0.7562984778908384,0.7550674298146373,0.7524323560569613,0.7602045344622202,0.7562984778908383,0.8180525941719972,862.9628824275495,-inf,0.4160786422496944,0.9587979882375017,0.16757184879331508,0.9311569243616525,1.5607616705357314,0.13625758300715374,0.30577284643070424,1407
-1.0451107944724876,1.5655565796484652,6.0,2.0,0.41461154354220964,1712.8528310239167,0.8273068400895928,0.6626636210451115,0.08049741077432257,0.7202683196640012,0.7564656762861433,0.7552363247758923,0.7526013392477882,0.7603699020990664,0.7564656762861433,0.8181818181818182,863.5664974478594,-inf,0.4160919358706931,0.9588050647714702,0.16758855054685984,0.9311931914523103,1.5608627274879439,0.13626248934135649,0.3057843451833333,1408
0.8772702467177788,0.6231791413360117,1.0,3.0,0.41467774793733425,1714.4978480817654,0.8272318927219509,0.662893222134469,0.0804965156794425,0.7204492180924116,0.7565922377053326,0.7553644553582701,0.7527700241532731,0.7604534641665182,0.7565922377053327,0.8183108587650816,864.1704231757757,-inf,0.41610521215537144,0.9588121312606779,0.16760522859316032,0.9312292349540139,1.5609657091326894,0.13626752258786987,0.30579570618643837,1409
-1.0685691967051534,0.0819281653700395,4.0,1.0,0.41479944480815223,1715.2453365268916,0.8267002838204988,0.6629661401507183,0.0804965156794425,0.7205215189507391,0.7566495661934416,0.7554228927125305,0.7527923331669384,0.7605465309580297,0.7566495661934416,0.8184397163120567,864.7740224051025,-inf,0.41611803087239746,0.9588204165636875,0.16762188298265757,0.9312654200046567,1.561061674232134,0.1362724064301041,0.3058062257542594,1410
-1.3730281105213318,0.0562191815902805,4.0,1.0,0.4148944516138985,1716.0429746360464,0.8262188342864306,0.6630404791658333,0.0804965156794425,0.7205952579502104,0.7567069525551562,0.7554813851998152,0.7528148777189045,0.7606394808172421,0.7567069525551562,0.8185683912119065,865.3773313719568,-inf,0.4161304452519998,0.9588300144836802,0.1676385137656495,0.9313017257859878,1.5611505125496048,0.13627716948215882,0.30581590098516587,1411
-0.2835694093891727,-0.8932315309779861,5.0,1.0,0.4142334629937766,1714.1283056996804,0.8273694647859546,0.6622732440154683,0.08021825396825397,0.7199737575585653,0.7564417713624311,0.7552156626955442,0.7525286457213538,0.7603958059931623,0.7564417713624311,0.8179886685552408,865.9784297957016,-inf,0.4161437849978966,0.958838119254741,0.16765512099229163,0.9313392531609209,1.5612295438970296,0.13628281889090285,0.30582680562018233,1412
0.180140707473134,-0.3646161607718136,2.0,0.0,0.4143372768174267,1714.630557681135,0.826709325346362,0.6624242495259776,0.08021825396825397,0.7201035218599965,0.7565335844715353,0.7553088057863231,0.7525696864902937,0.7605394604536068,0.7565335844715352,0.8181174805378627,866.579032858607,-inf,0.4161565902552368,0.9588477644783057,0.1676720103520184,0.9313770186708523,1.5613114659814773,0.13628824679284388,0.30583762829690453,1413
-0.2669431877829086,1.1829999147033716,6.0,2.0,0.41442549950697916,1715.9209990181153,0.8267884317875578,0.6629205265805574,0.08021825396825397,0.7205189977574171,0.756699967735746,0.7554768703417083,0.7527378932898621,0.7607039720450673,0.756699967735746,0.8182461103253182,867.1796990298653,-inf,0.41616940661538965,0.9588573960594041,0.16768887582297615,0.9314147016253254,1.561395783359048,0.13629371468139562,0.3058483845168299,1414
0.3083145644339148,-1.3254763802183152,2.0,0.0,0.4141351431946069,1714.4162744782657,0.826418470014187,0.663071874036747,0.08021825396825397,0.7206492670400643,0.7567915373731777,0.7555697633382866,0.7527789917978766,0.7608470884065228,0.7567915373731776,0.818374558303887,867.7784527934331,-inf,0.41618186729950535,0.9588654356037699,0.16770540659762592,0.9314534367400789,1.5614828804522796,0.13629907173558106,0.30585942179484177,1415
0.2352347190355744,-0.2678816480646748,2.0,0.0,0.41427174191028404,1714.949477462391,0.8258579562459764,0.6632244263043027,0.08021825396825397,0.7207808308812275,0.7568829738153878,0.755662518843478,0.7528202326764379,0.7609898036365843,0.7568829738153877,0.818502824858757,868.3767374153746,-inf,0.416193881884745,0.9588750610475333,0.16772222859062724,0.93149239475528,1.5615727304467824,0.1363042109856934,0.3058703702232163,1416
-0.296768084802659,-1.1398660211425125,5.0,5.0,0.4141838261830631,1715.662420883328,0.8263186490492057,0.6632251891955459,0.08043623331685615,0.7207731509427353,0.7569347561983822,0.7557154694415632,0.7529206366048337,0.7609919069466752,0.7569347561983821,0.8186309103740297,868.9746807346886,-inf,0.41620615791785437,0.9588843472047247,0.1677392512225432,0.9315315020529215,1.5616653530546571,0.13630934589637592,0.3058815276209143,1417
0.1655118764615959,0.5893671757602162,1.0,0.0,0.41356031448171526,1710.807251448095,0.8272008396433086,0.6620184258648756,0.08043623331685615,0.7197828158042278,0.7561586500321411,0.7549362810627508,0.7521265790430915,0.7602341850388667,0.7561586500321411,0.8180535966149506,869.5683567366023,-inf,0.4162192646287593,0.9588898083639211,0.1677554975176184,0.9315730240144481,1.5617607205793855,0.13631463412516054,0.30589322888495174,1418
-0.6500289443552674,1.295170847378072,6.0,2.0,0.4138277061850763,1713.3608469076526,0.8270920647059135,0.6625136224720296,0.08043623331685615,0.7201973793625925,0.7563246732582063,0.7551039760333434,0.752294448251904,0.7603983126443408,0.7563246732582063,0.8181818181818182,870.1629955598374,-inf,0.41623231833300406,0.9588952618259233,0.16777172091446235,0.9316139407793461,1.5618584438337293,0.13631989928292026,0.3059047697855166,1419
-0.5726212369507494,-1.1671158021160868,5.0,5.0,0.4138279500511155,1715.3631813225225,0.8271189034011838,0.6625170967327619,0.0806527093596059,0.7201921498995428,0.7563771701462192,0.7551576411977883,0.7523952001729228,0.7604015126597873,0.7563771701462192,0.8183098591549296,870.7582069582621,-inf,0.41624537688768537,0.958900255809131,0.16778772589163246,0.9316544790458792,1.5619583693073733,0.1363252382228723,0.305916483299666,1420
-1.3333547571102349,-0.979072351069116,4.0,1.0,0.4134409771846134,1716.5482821571627,0.8278019741300272,0.6625905722729893,0.0806527093596059,0.7202649630333787,0.7564342802109835,0.755215844476059,0.7524174593022662,0.7604942193357603,0.7564342802109835,0.8184377199155525,871.3534146114632,-inf,0.41625891970448686,0.9589041503354337,0.16780370834244485,0.9316949716223918,1.5620479691451807,0.13633099790973413,0.3059289776926425,1421
1.6900753996472488,0.8666913565871093,1.0,3.0,0.4133518818042741,1717.724746573798,0.827865544445883,0.6628156487662299,0.08065181872903947,0.7204418192685713,0.7565594413823084,0.755342546769133,0.7525848550386854,0.7605762321606379,0.7565594413823085,0.8185654008438819,871.9486124539121,-inf,0.41627243993967245,0.9589080393842031,0.16781966831442352,0.9317354220871971,1.5621380031063263,0.1363366752101713,0.30594157945886236,1422
2.019966103281985,0.569543099306667,1.0,4.0,0.4132342554788198,1719.3433319305393,0.8276747783688313,0.6619736561088838,0.08065181872903947,0.7197321509265008,0.7560195565387203,0.7548008879216191,0.7520967689434399,0.7599834796530144,0.7560195565387203,0.8179901616303584,872.5441112026657,-inf,0.4162855946332856,0.9589119229669868,0.16783626363239562,0.9317756517473732,1.5622295200109848,0.13634234997675604,0.3059542997514987,1423
-0.2286328508162231,-0.6983419186816446,4.0,1.0,0.41275526973214594,1717.5290857730809,0.8285857907350315,0.6620494213091953,0.08065181872903947,0.7198069790490448,0.7560770434972978,0.7548594662325736,0.7521195892686533,0.7600763641696938,0.7560770434972978,0.8181179775280899,873.1374995275044,-inf,0.41629946585457156,0.95891476676403,0.16785283564233683,0.9318170491690341,1.5623119842209312,0.13634846874695972,0.30596792788941213,1424
-1.346249535800033,0.2498010692861619,4.0,1.0,0.412707500290906,1717.2786343280266,0.8280728125212836,0.6621265711225998,0.08065181872903947,0.7198832094096984,0.756134582534683,0.7549180939378773,0.7521426353682124,0.7601691297880911,0.756134582534683,0.8182456140350877,873.7298792712244,-inf,0.4163129536591897,0.9589193312591654,0.16786938439331678,0.9318589802571036,1.5623881633686425,0.13635469490418228,0.305980535824669,1425
0.2404197271513944,-0.4367022600102758,2.0,0.0,0.4128595792529003,1718.1149503596616,0.827342361277101,0.6622778328704652,0.08065181872903947,0.7200135539355255,0.7562256070352785,0.755010423127081,0.7521835545065472,0.7603113362978947,0.7562256070352784,0.8183730715287517,874.3220146646943,-inf,0.4163258895965298,0.9589256696579554,0.1678862629544288,0.93190100385426,1.5624670740139683,0.13636068406960392,0.3059930281667935,1426
-0.8723204515937301,-0.2597099221111986,5.0,1.0,0.4130327235963938,1719.6900253136039,0.8268984637480109,0.6615173648184213,0.08037588894724405,0.7193977793990023,0.7559624880297069,0.7547467712501098,0.75189955897606,0.7600695641385646,0.7559624880297069,0.8177995795374913,874.914423922332,-inf,0.41633850466225647,0.9589323071384918,0.16790311785953368,0.9319428209841247,1.562538273268875,0.1363664210775606,0.3060051656475373,1427
1.4536915077110242,-0.9154125630709604,3.0,0.0,0.4124261866019118,1718.0923831517202,0.8280560930302526,0.6607031534018349,0.08037500274767548,0.7187279760860646,0.7556024160512358,0.7543857497766098,0.7514949657954816,0.7597550132950054,0.7556024160512357,0.8172268907563025,875.504884678095,-inf,0.4163519330979588,0.9589366006672484,0.16791948642511453,0.9319857143553115,1.5626101721401484,0.1363726441319532,0.30601767282057174,1428
1.6786916322644692,0.3565631525018056,1.0,4.0,0.41238972806100777,1720.5064345039655,0.827849577538605,0.6598732168604305,0.08037500274767548,0.7180282757484888,0.7550747795676338,0.7538564070375409,0.7510187710328214,0.7591748363631103,0.7550747795676338,0.8166550034989503,876.0962083658668,-inf,0.4163650983383386,0.9589408881868674,0.16793578426904934,0.9320280605788211,1.5626832097649048,0.1363788242158452,0.30603009331451964,1429
-0.4033063864699373,1.2440604368818662,6.0,2.0,0.4125834124005952,1722.487537398125,0.827841304401317,0.6603660601707869,0.08037500274767548,0.7184404940386476,0.7552406406570066,0.7540239254183522,0.7511864737191631,0.7593388058784492,0.7552406406570066,0.8167832167832167,876.688090414141,-inf,0.41637824333389567,0.9589451697099556,0.16795205931879686,0.9320700364957667,1.562758570467438,0.1363850115631243,0.30604238680606244,1430
-1.2229165648197733,-0.3532518852427436,4.0,1.0,0.4127794279710396,1724.6327284301403,0.827403368231722,0.6604444023244878,0.08037500274767548,0.7185178435288774,0.7552981602192631,0.7540825279632529,0.7512094034105813,0.7594316699933906,0.7552981602192631,0.816911250873515,877.2806443191135,-inf,0.4163910791217964,0.9589497231591125,0.1679683116221436,0.9321115776669275,1.5628258867573603,0.13639093315333284,0.306054345716888,1431
2.014971942598893,0.7378380330310141,1.0,4.0,0.4125021380730589,1725.3063535091942,0.8273662529809479,0.6596200836917493,0.08037500274767548,0.7178230242752262,0.7547806621145046,0.7535633753895816,0.7507429355957643,0.7588620557598214,0.7547806621145046,0.8163407821229051,877.8728410434085,-inf,0.41640370267406546,0.9589542702487037,0.16798560753024397,0.9321532761851875,1.5628942169133637,0.13639698824212002,0.30606654339673467,1432
-0.5631303057876134,0.2032599330739141,4.0,1.0,0.4123512459724227,1723.8263244508644,0.8271495476717138,0.6597010296708136,0.08037500274767548,0.7179027291807516,0.7548385905301741,0.7536223865369727,0.7507664618988187,0.758955134207557,0.7548385905301741,0.8164689462665736,878.463178435877,-inf,0.4164161664908386,0.9589599881394084,0.16800287929890528,0.932195996532472,1.562956474348351,0.1364028683533924,0.3060781113102553,1433
0.9724904438377312,-0.4101311410881979,2.0,0.0,0.4121383856699492,1724.9854507250568,0.8272749008075091,0.6598534322450011,0.08037500274767548,0.7180340466880996,0.7549296479147923,0.7537147412829089,0.7508075459529716,0.7590972622800498,0.7549296479147922,0.8165969316596932,879.0535008014901,-inf,0.4164286649630453,0.9589672175619782,0.1680204297902998,0.9322386769275266,1.5630201921872275,0.1364088584216346,0.3060895949639494,1434
-1.1537800300598,-1.571532633615495,5.0,5.0,0.4123614321242837,1728.030869791009,0.8270323101849827,0.6598601746718316,0.08059019968649903,0.7180311549796207,0.7549828928503112,0.7537691438403669,0.7509088697542728,0.7591013639639035,0.7549828928503113,0.8167247386759582,879.6451226614133,-inf,0.41644094539402343,0.9589749706985007,0.168037931407958,0.9322805617404202,1.5630858913608514,0.13641457316184163,0.30610064700374556,1435
-0.7125983024298836,1.630401067793937,6.0,2.0,0.41265045827874464,1731.2691075993116,0.8268982875809961,0.6603507819625483,0.08059019968649903,0.7184414434184978,0.7551481593696998,0.7539360548007025,0.7510759782154065,0.7592647383153258,0.7551481593696997,0.8168523676880223,880.2381755757154,-inf,0.4164531610763896,0.9589827130367827,0.16805540865010415,0.9323215783382337,1.5631535820901692,0.13642025049398995,0.3061115496532954,1436
0.6023689039289416,-0.8492478203374546,2.0,0.0,0.4127579117804132,1732.4914882557093,0.8263815258371615,0.6605033581936555,0.08059019968649903,0.7185730394240586,0.7552389417942236,0.7540281266446115,0.7511170780656593,0.7594062937943877,0.7552389417942236,0.8169798190675017,880.8312537334607,-inf,0.41646493476374224,0.9589920237310808,0.16807317595605106,0.9323625331903219,1.5632234154252718,0.13642563932847232,0.3061223620086556,1437
1.308215774882891,1.2296740334240062,1.0,3.0,0.4129414184893162,1734.7432385666796,0.8261822507995381,0.6607206221192787,0.08058931788494317,0.7187432838898504,0.7553615889559502,0.7541522800517323,0.7512830459291678,0.759484656642733,0.7553615889559502,0.8171070931849791,881.4250729162375,-inf,0.41647653159648684,0.9590013214758737,0.16809091855086314,0.9324030174313089,1.5632953184060685,0.136430800287654,0.3061331321490229,1438
0.899765476256324,-0.7008572769989247,2.0,0.0,0.41288200173531153,1736.0455213882717,0.8260690353608813,0.6608739202771448,0.08058931788494317,0.7188756914691773,0.755452156182856,0.7542441305168074,0.7513241956157644,0.7596257274145741,0.755452156182856,0.817234190410007,882.0189717685461,-inf,0.41648797880487265,0.9590121230743851,0.1681089384601643,0.9324434093731873,1.5633688333234999,0.13643585020512633,0.3061438190909417,1439
-1.437472817375258,-0.0105628556152255,4.0,1.0,0.41298145612918763,1737.0259606669433,0.825639284885843,0.6609541567489855,0.08058931788494317,0.7189546058266094,0.7555098920669182,0.7543029374811971,0.7513478566484724,0.7597182949038354,0.7555098920669183,0.8173611111111111,882.6127266219478,-inf,0.4164990695658132,0.9590240568877388,0.1681269333418137,0.9324838367062954,1.563435396264508,0.13644072014929323,0.30615377125377413,1440
1.1493479742429964,-0.0164783882724178,3.0,4.0,0.41278343654494015,1737.9555938812123,0.826347493104535,0.6609856635519362,0.08058844044874156,0.718964313652907,0.7555763780668996,0.7543706982425032,0.751436206558102,0.7597624243544151,0.7555763780668996,0.8174878556557946,883.2063025187273,-inf,0.41651068295969756,0.9590359741378541,0.1681449954222686,0.9325243193537367,1.5635026748270653,0.13644608939742237,0.30616368309339886,1441
-0.4569095064421601,-0.6134173756824648,4.0,1.0,0.4125504435324422,1737.882600841106,0.8268116837416458,0.661067167537364,0.08058844044874156,0.7190444694493254,0.7556341371803543,0.7544295243900044,0.7514600685637466,0.7598548354643647,0.7556341371803542,0.8176144244105409,883.7990045286596,-inf,0.41652258880868104,0.9590471687450269,0.16816303245129424,0.9325652535585109,1.5635614757476082,0.13645164555556308,0.3061740791061356,1442
-0.6328908885931408,-0.2568311622650113,4.0,1.0,0.4126169437156017,1738.5871606700887,0.8266572909705535,0.6611500027015632,0.08058844044874156,0.7191259743017918,0.7556919388622323,0.7544883904948608,0.7514841397971922,0.7599471248764013,0.7556919388622323,0.8177408177408177,884.3913733132345,-inf,0.4165343309154694,0.95905852880967,0.1681810444809727,0.9326063308835019,1.5636129129627139,0.1364569789382608,0.3061842811851497,1443
0.1958167717788575,-0.5482148904753265,2.0,0.0,0.4127260568915559,1739.2872837731582,0.8259111664804241,0.6613034556115231,0.08058844044874156,0.719258557926009,0.7557822313967301,0.7545799562721425,0.7515254538590964,0.7600875059624852,0.7557822313967301,0.8178670360110804,884.9834064922233,-inf,0.4165454909169801,0.9590714268625469,0.16819934082071075,0.9326475526222006,1.5636671258597787,0.13646209806065931,0.30619439647004976,1444
0.4847034284617418,-0.3540577636683049,2.0,0.0,0.4129007128612655,1740.6299261955362,0.8252326816106869,0.6614580546089204,0.08058844044874156,0.7193923737694358,0.7558723925253362,0.7546713865992731,0.7515668968613959,0.7602275021339617,0.7558723925253361,0.8179930795847751,885.5755494124331,-inf,0.41655626308237953,0.9590864644420359,0.168218041247766,0.9326886647954616,1.5637235952525028,0.13646700690255964,0.306204355366567,1445
0.4582391741405932,-0.0817878094130227,2.0,0.0,0.4129835585250225,1741.18033022719,0.82503082796172,0.6616137925083043,0.08058844044874156,0.7195274141186365,0.755962421876109,0.754762681124597,0.7516084661131424,0.760367115187055,0.755962421876109,0.818118948824343,886.1672539634807,-inf,0.41656686367784274,0.9591029764999538,0.16823701343416136,0.9327299798492182,1.5637823224418725,0.13647179984823185,0.30621423397451125,1446
-1.1720213914839863,-0.3504124258982866,5.0,1.0,0.41318337552587275,1743.3273582937852,0.8245651796973457,0.6608628509564195,0.0803146014260129,0.7189195519131321,0.7557018138933295,0.7545015504916811,0.7513259210631393,0.7601289777251596,0.7557018138933295,0.8175535590877678,886.7596244571437,-inf,0.4165771639480369,0.9591197117471318,0.16825595939776972,0.9327708688230758,1.5638332990406933,0.1364763462329662,0.30622380208038463,1447
-0.838651755177287,-0.7070334162534496,5.0,1.0,0.4130825693869793,1744.8659364964653,0.8247355955152099,0.6601158317974486,0.08004262525377902,0.718315232084061,0.7554438024872717,0.7542430284953738,0.7510460901395445,0.759893319337543,0.7554438024872719,0.8169889502762431,887.3522393135245,-inf,0.41658756486035453,0.9591357103033648,0.16827487919292008,0.9328115722479932,1.5638756009885515,0.1364810801652625,0.30623372838478413,1448
-1.0353859169146933,1.5118745148472297,6.0,2.0,0.4132974062208131,1747.54414607075,0.8246384271364979,0.6605993115395362,0.08004262525377902,0.7187189647026029,0.7556078041369445,0.7544086476158717,0.7512120697026514,0.7600552848448643,0.7556078041369445,0.8171152518978606,887.9458845217765,-inf,0.4165979039894279,0.9591516867773945,0.1682937728737914,0.9328516444932506,1.5639200822489436,0.13648578688787485,0.3062435877535291,1449
1.2668242655127897,-0.3599704440905172,3.0,4.0,0.41321005702919045,1748.7542361745952,0.8253443063920739,0.6606329345591291,0.08004175215059568,0.7187302995112332,0.7556746397650808,0.7544767464801909,0.7513006889335188,0.7600998176980465,0.7556746397650808,0.8172413793103448,888.5395454539508,-inf,0.4166087803996646,0.9591676412149082,0.16831273492732893,0.9328916618412737,1.5639665684498534,0.13649072469152954,0.30625340843054055,1450
0.1202648297798502,-0.1265054598918227,2.0,0.0,0.41323101707747606,1748.4032732084784,0.8250050870204096,0.6607905702576858,0.08004175215059568,0.7188669255187876,0.7557647509467842,0.754568116541695,0.7513427601902903,0.7602391006764132,0.7557647509467841,0.8173673328738801,889.1321462311765,-inf,0.4166193542159992,0.9591843184187095,0.16833181928903046,0.9329322341223807,1.564015869100673,0.13649550528792145,0.3062632345065288,1451
0.7748661500831414,0.2037041357527581,3.0,0.0,0.4128977079020626,1747.6386652459478,0.8256714954419541,0.6599844006015986,0.08004088334841326,0.7182044298918819,0.7554082988454658,0.7542107335426637,0.7509411606677441,0.7599289025769712,0.7554082988454656,0.8168044077134986,889.7234041643823,-inf,0.4166303549809159,0.9592009404125998,0.16835087093795723,0.9329735222445554,1.5640668519547056,0.13650061804221408,0.3062731546882313,1452
-0.9843678086934584,-0.7539312403725177,4.0,1.0,0.412799028130044,1749.424655974111,0.825848729651213,0.6600646891668238,0.08004088334841326,0.7182838782031431,0.7554650373686123,0.7542685196415242,0.7509638154915371,0.7600205446139293,0.7554650373686121,0.8169304886441845,890.3150774278439,-inf,0.4166414636808507,0.9592168019316687,0.16836989636300387,0.9330145280046968,1.5641090352566913,0.13650592625813984,0.30628344875821856,1453
1.8424503020715253,0.0724317358330277,3.0,4.0,0.4130241870228369,1752.6729327126798,0.8253098649954586,0.6600979003193014,0.08004001881552901,0.718295126615503,0.7555311660035301,0.7543359002204938,0.7510523031013039,0.7600637683286096,0.7555311660035301,0.8170563961485557,890.9081708633906,-inf,0.4166521702608734,0.959232641632967,0.16838864874737472,0.9330546830962345,1.5641535898724888,0.1365110033000098,0.30629360684684964,1454
0.7784385100687535,1.0406812484975556,1.0,3.0,0.41322595303448506,1754.6952332072826,0.8251114406421457,0.6603130947891948,0.08003915852055107,0.7184629763252819,0.7556531220874945,0.7544593336760976,0.7512170810635022,0.760141865199278,0.7556531220874945,0.8171821305841924,891.5018389474758,-inf,0.41666277584691513,0.95924845956148,0.16840737535527225,0.9330944677222601,1.5642010587340147,0.13651595258824278,0.3063036362707241,1455
0.7452051718356619,-0.4015593315302573,2.0,0.0,0.41326755423658906,1756.218434252952,0.8247230821455177,0.6604693647469849,0.08003915852055107,0.7185987166771791,0.7557423923304611,0.7545498504342465,0.7512582446547845,0.7602803918482375,0.7557423923304613,0.8173076923076923,892.095737707988,-inf,0.41667316874554844,0.9592663207070121,0.16842648751822012,0.9331340766993452,1.5642503323552008,0.13652080556498913,0.30631351822546926,1456
1.2112690753431148,-0.8550676810457125,2.0,0.0,0.41289607263027145,1756.1628719747423,0.8253107339757509,0.6606267502458757,0.08003915852055107,0.7187356562992384,0.7558315326218529,0.7546402333299338,0.751299529931624,0.7604185431897279,0.755831532621853,0.817433081674674,892.6887830986993,-inf,0.4166838733604364,0.9592837814226912,0.16844549857518623,0.9331741218028843,1.564300708302698,0.13652580497361966,0.306323532774009,1457
-1.3782871195226494,-1.082876368999128,5.0,1.0,0.4123800896199121,1756.8013069184206,0.8261946277833317,0.6598899232247091,0.07976902625456962,0.7181395785077664,0.7555772619511337,0.7543854691483963,0.7510233717060573,0.7601867148598669,0.7555772619511337,0.8168724279835391,893.2814528681231,-inf,0.4166952369991363,0.9592999621211683,0.16846448355388494,0.9332143333385936,1.5643412547550848,0.13653138586865224,0.30633450265726603,1458
0.0380460172192659,1.8529172802685523,6.0,2.0,0.41230811902852016,1757.5961654874632,0.826397542687543,0.660369236274122,0.07976902625456962,0.718539567935457,0.7557403332126887,0.7545501375469632,0.7511884806981526,0.7603476862492512,0.7557403332126887,0.8169979437971213,893.8738550015153,-inf,0.41670667570413056,0.9593161206391129,0.16848344250793837,0.9332546502841658,1.5643833230255138,0.1365369598669165,0.30634560997211696,1459
-0.7300174808355828,-0.7378203076107662,5.0,1.0,0.4121102163002175,1758.7201618641068,0.8267207915014119,0.6596365995784174,0.07950071920660155,0.7179471574658215,0.7554887007134374,0.7542980233456745,0.750915084627125,0.7601183714744175,0.7554887007134373,0.8164383561643835,894.4662154856677,-inf,0.41671830674641763,0.9593314400426881,0.1685023754908219,0.9332949450863901,1.5644168400140739,0.13654281113832833,0.30635718128283757,1460
-0.6880487640898928,1.539577731150838,6.0,2.0,0.41240163945946995,1761.8806708520747,0.8265665878374197,0.660116457893963,0.07950071920660155,0.7183477548770015,0.7556513868739223,0.7544623007542101,0.7510798112171403,0.7602789546899066,0.7556513868739223,0.8165639972621492,895.0599283230165,-inf,0.4167298761521526,0.9593467384751428,0.16852128255586435,0.9333344328194105,1.5644523929770149,0.13654862752457242,0.3063685921163449,1461
0.245258382117821,0.3424378742067417,3.0,0.0,0.41206219743594147,1759.473861574838,0.827011360572048,0.6593170419866017,0.07949986311844502,0.7176911555701664,0.7552992094190157,0.7541092130935716,0.750682889107624,0.7599726571077987,0.7552992094190156,0.8160054719562243,895.6511827233255,-inf,0.4167417687143592,0.9593607440103836,0.16853990963567764,0.9333752602454106,1.5644904637013244,0.13655445668610283,0.306380238141623,1462
0.6356626643805385,-1.442772205330932,2.0,0.0,0.41186587971573047,1757.654433979193,0.8270316615833302,0.6594740129915913,0.07949986311844502,0.7178278823669192,0.7553878287533201,0.7541990651883809,0.7507236854720484,0.7601102897192218,0.7553878287533202,0.8161312371838687,896.2403852190575,-inf,0.41675362793511417,0.959372531185792,0.16855807188101674,0.9334172011351113,1.564530649729341,0.13656006832242337,0.3063922290773687,1463
0.1168128658250442,0.0617315282229001,2.0,0.0,0.41181340151821416,1756.4894169891438,0.8269673440227034,0.6596320863519376,0.07949986311844502,0.7179657937994663,0.7554763199530841,0.754288785310105,0.7507646017724858,0.7602475521137275,0.7554763199530841,0.8162568306010929,896.8279870167146,-inf,0.41676539264153495,0.9593842825022973,0.16857620536754864,0.933460002046211,1.5645735825630585,0.1365655668622763,0.30640430941066416,1464
1.758010410230102,0.4878455964431959,1.0,4.0,0.4116825068212991,1758.5272978581645,0.8268268371595386,0.6588372470506537,0.07949986311844502,0.7172948849164674,0.7549747586723953,0.7537856661739597,0.7503123611455295,0.7596954622456881,0.7549747586723953,0.8156996587030717,897.4161776725791,-inf,0.41677689432254994,0.9593960177760498,0.16859450560613132,0.933502422394959,1.56461749644513,0.13657105586478607,0.3064163760996798,1465
-0.446867855922,1.6229620057671106,6.0,2.0,0.41193619045721136,1761.472508041583,0.826755442664925,0.6593167197745529,0.07949986311844502,0.7176951720772395,0.7551371943168689,0.7539496851430324,0.7504768661067618,0.7598557638180237,0.7551371943168688,0.8158253751705321,898.0055748965689,-inf,0.4167883581147299,0.9594077370398791,0.1686127808784949,0.9335441140524974,1.5646632782677958,0.13657651572244175,0.3064283027025184,1466
0.906900316301248,-0.3653310236450345,2.0,0.0,0.4118053196598335,1762.7237611602511,0.8267642493236215,0.6594760403578538,0.07949986311844502,0.717834244933985,0.7552257872082152,0.7540395031642894,0.7505181839562485,0.7599928198352842,0.7552257872082153,0.8159509202453987,898.5950215129722,-inf,0.41679980117897164,0.9594210543009232,0.16863135414752406,0.9335857316526651,1.5647105826126824,0.13658203933945665,0.3064401259847551,1467
1.1307605406113357,-0.0805459972542861,3.0,4.0,0.4115896823103832,1763.539418061056,0.8275334115347167,0.6595065826866133,0.07949901120632828,0.7178433332824397,0.7552902421398296,0.7541051819561603,0.7506047248215306,0.7600346239365312,0.7552902421398295,0.8160762942779292,899.184220693182,-inf,0.41681180478202323,0.9594343534185601,0.1686500239045915,0.9336274427147986,1.5647587280879656,0.13658805221448395,0.3064519165466675,1468
0.2230776457771739,0.9328106968370062,1.0,3.0,0.4113001226454654,1762.555911721621,0.8281184922613388,0.6597181600917031,0.07949816343976927,0.7180078840104979,0.7554110160389399,0.7542274074630099,0.750768380459792,0.7601114275768149,0.7554110160389398,0.8162014976174268,899.7719481887766,-inf,0.416824100030189,0.9594476344298422,0.16866866824333748,0.9336699383348803,1.5648108045338724,0.13659417570238447,0.3064638434030825,1469
-0.6661029731629032,-0.4132453384842371,5.0,1.0,0.41134795769750254,1763.6263429297421,0.828039470248636,0.6589986074963936,0.07923166317326902,0.7174259304303138,0.7551640153323482,0.7539799482881916,0.7504999441211769,0.7598864199143134,0.7551640153323483,0.8156462585034013,900.3596042396209,-inf,0.41683630377829706,0.959460761904738,0.16868728721563625,0.9337124277449872,1.564855341118191,0.13660017766947194,0.30647575714339664,1470
-1.551756025449418,-0.1447160032648675,4.0,1.0,0.41142470616947363,1764.7679559453854,0.8277473240188346,0.659073456464683,0.07923166317326902,0.7175005297098623,0.7552191915555436,0.754036145070938,0.7505203927254982,0.7599771967980233,0.7552191915555436,0.8157715839564922,900.947237381501,-inf,0.416848260602174,0.9594747477967344,0.16870588087322078,0.9337548835791931,1.5648929554430409,0.13660592294490456,0.30648712064636363,1471
0.4203942447550313,-0.4384183701394281,2.0,0.0,0.41161961834535216,1766.0976034467162,0.8269961352768395,0.6592338210961414,0.07923166317326902,0.7176404808873075,0.7553076729638094,0.7541258436629025,0.750561968429864,0.7601137722963501,0.7553076729638095,0.8158967391304348,901.5349754019255,-inf,0.41685976808592706,0.9594907534084026,0.16872485707819213,0.9337972338200611,1.564932870345758,0.13661143555117697,0.3064983322316667,1472
-1.566059378558481,-0.1554891567292008,4.0,1.0,0.4116916687286436,1767.2356781549577,0.8267194882389184,0.6593096911948958,0.07923166317326902,0.7177160995925002,0.7553628697868291,0.7541820573546861,0.7505826557823866,0.7602043612681159,0.7553628697868291,0.8160217243720299,902.1226880310858,-inf,0.41687104294938915,0.9595075951370893,0.16874380751777995,0.9338395520550978,1.5649658804318616,0.13661668826035064,0.3065090144935688,1473
-1.2914184920648288,-1.1246519954595178,4.0,5.0,0.4114580607487069,1769.1439942815564,0.827518424727514,0.6584787780205514,0.07896695149916136,0.7170149319672346,0.7547740828686605,0.7535912999318489,0.7500371988923423,0.7595711790020274,0.7547740828686605,0.8154681139755766,902.710897872504,-inf,0.41688285060161273,0.9595232314763408,0.16876290966166238,0.9338815440781858,1.5649993202385402,0.13662237603692726,0.3065204580885042,1474
-0.5664544369294124,1.5149923246140518,6.0,2.0,0.41173970292274814,1772.1733050183568,0.82737285618229,0.6589548705865591,0.07896695149916136,0.7174121734079733,0.7549358819369474,0.7537546664609863,0.7502010889674183,0.7597308205216026,0.7549358819369474,0.8155932203389831,903.300363911247,-inf,0.4168946066864759,0.9595388466137765,0.16878198590433274,0.9339227842800121,1.565034750771503,0.13662803384068917,0.30653173979775133,1475
-0.8934821052460611,-1.3050597161801,5.0,5.0,0.41186348378642756,1775.120004030372,0.8269121693424019,0.6589512708938537,0.079181793558182,0.7173995467341461,0.754984804334317,0.7538046750585006,0.7502988683207595,0.7597296395310075,0.7549848043343169,0.8157181571815718,903.8910276240648,-inf,0.4169061895982008,0.95955423525176,0.16880070709610392,0.9339633078899292,1.5650719461711862,0.13663365497176497,0.3065429975788864,1476
-1.1392311219193798,-0.5345750051437725,4.0,1.0,0.4119936392731262,1777.344300091508,0.8266383229553259,0.6590263429154986,0.079181793558182,0.7174746426285519,0.7550394112985387,0.7538602908438853,0.7503197334752238,0.7598188406162022,0.7550394112985387,0.8158429248476642,904.482397476785,-inf,0.4169176203364618,0.9595694356229322,0.16881940293758152,0.9340033917472415,1.5651012893367193,0.1366391507365824,0.3065542159318615,1477
-1.0168983814377264,-1.4355070096892206,4.0,5.0,0.4121960456691388,1780.4965468544765,0.8262390954233023,0.6581969394485104,0.07891901286061871,0.7167752305188498,0.7544610743002935,0.7532800347011448,0.7497841178932498,0.7591967441981315,0.7544610743002934,0.8152909336941814,905.0750998782582,-inf,0.4169288100387996,0.9595847730074877,0.16883782569159902,0.9340426876934397,1.5651324767405146,0.13664447844795102,0.3065651947519787,1478
-0.6615354520090637,-0.1982341733109334,5.0,1.0,0.41227758418983423,1781.1815887708208,0.826027551606822,0.6574807312875514,0.07865797821420199,0.7161964736015134,0.7542156549835098,0.7530341639325774,0.7495167502034775,0.7589738486387148,0.7542156549835097,0.8147396889790399,905.6674639681113,-inf,0.4169397989790123,0.959600407451161,0.16885622353317026,0.9340821280368246,1.5651569717032054,0.13664956850632892,0.30657589493044846,1479
0.0641090976758105,1.8607676659856,6.0,2.0,0.4121848065647467,1781.828441012246,0.8262402775494992,0.6579566951879182,0.07865797821420199,0.7165936178219475,0.7543772429109085,0.7531973119829017,0.7496804020693884,0.7591333073783948,0.7543772429109085,0.8148648648648649,906.2594646282762,-inf,0.41695086879167464,0.9596160207672081,0.16887459651279346,0.9341217267083803,1.5651829419893104,0.13665465407032557,0.30658674689140214,1480
-0.728566644613712,1.2529046416041338,6.0,2.0,0.41242719787904913,1784.232751421881,0.8261531053856425,0.6584328485353557,0.07865797821420199,0.7169911612882173,0.7545383269150131,0.753359950160627,0.7498435449098375,0.7592922675182388,0.754538326915013,0.8149898717083052,906.8522892648689,-inf,0.41696189134484857,0.9596316129984257,0.16889294468083035,0.9341608228017888,1.5652111943090428,0.13665971673426228,0.30659746809005683,1481
1.857480185083732,0.0856133159126287,3.0,4.0,0.41264765601136144,1787.4840469807384,0.8256256593192767,0.6584663492081768,0.07865713456301464,0.7170025018845908,0.7546038056620314,0.7534266422549682,0.7499307840361232,0.7593354301827168,0.7546038056620314,0.815114709851552,907.4465077248661,-inf,0.41697251392106094,0.9596471841874958,0.16891104663347628,0.9341991015734086,1.5652417614103262,0.13666455417266515,0.3066080619007304,1482
0.887212879557495,0.2568195850841474,3.0,0.0,0.4121952194256545,1786.2357648375942,0.8265218807286621,0.6576797641756409,0.0786562949973052,0.716356622427062,0.7542571148943551,0.7530790723009518,0.7495398302684628,0.7590341527443457,0.754257114894355,0.8145650708024275,908.0390830836745,-inf,0.4169837339738276,0.9596621347671458,0.1689290047528397,0.9342382486618109,1.5652737761718685,0.13666990177817387,0.3066188108626696,1483
-0.9125174418355352,1.5538191825166638,6.0,2.0,0.41245374151340797,1789.2346275830482,0.8264055368907094,0.6581560680387653,0.0786562949973052,0.7167544533174315,0.7544177809696951,0.7532412852407404,0.749702557029147,0.7591926927353163,0.7544177809696951,0.8146900269541779,908.6328806203989,-inf,0.41699488965791626,0.9596770651977664,0.1689469386698859,0.9342766742590045,1.5653078151823059,0.13667521878398547,0.30662945199356295,1484
0.1195439468418602,0.2473610644305318,2.0,0.0,0.4122378457445085,1787.0124220583914,0.8266301478000301,0.6583146825119819,0.0786562949973052,0.7168926283629962,0.7545060037657192,0.753330710517402,0.7497440825286569,0.7593288013433066,0.7545060037657193,0.8148148148148148,909.2243819951049,-inf,0.41700619712790793,0.9596909746948379,0.16896464910519463,0.9343163303784655,1.5653445030586457,0.1366804858312596,0.3066402952142027,1485
-0.6818252264294666,-0.6033567291600924,5.0,1.0,0.4121703876982474,1788.127737335214,0.8267755030508793,0.6576070558066202,0.07839698905715616,0.7163207978805747,0.7542641410415477,0.753088412567382,0.7494805314227362,0.7591092063218914,0.7542641410415477,0.8142664872139973,909.8158378196943,-inf,0.4170175721813534,0.9597043379220388,0.1689823357041167,0.9343559678638661,1.5653733566618986,0.1366858369737657,0.3066513980334075,1486
-0.6157458653295715,-0.3516329299294042,5.0,1.0,0.41221069948450567,1788.9001101710799,0.82671148446537,0.6569030898290459,0.07813939470737112,0.715752276600301,0.7540246129498068,0.7528484596981099,0.7492194274962876,0.7588918332380691,0.7540246129498068,0.8137188971082717,910.4070175590025,-inf,0.4170288572706327,0.9597176562492293,0.1689999985147416,0.9343957147629282,1.5653951785836928,0.13669103104151498,0.306662441788253,1487
2.139192648676508,0.4832524490537576,1.0,4.0,0.4122047998548759,1790.8290603287548,0.8264093839266754,0.6561318937781144,0.07813939470737112,0.7151008362315654,0.7535376121771492,0.7523599881297864,0.7487798862388763,0.758356185647422,0.7535376121771493,0.8131720430107527,910.9986990393587,-inf,0.4170397261154847,0.9597309566754425,0.1690182433612737,0.9344351394206184,1.56541899446682,0.13669618753332854,0.30667359305815534,1488
0.979239092132462,1.3556539670940475,1.0,3.0,0.41238313247762987,1792.8164504193317,0.8262698749165196,0.6563420269965167,0.07813855919753467,0.7152636390457514,0.7536582154776964,0.7524820208036842,0.7489431128487438,0.7584330637558216,0.7536582154776964,0.8132975151108126,911.5909204976394,-inf,0.417050457383239,0.9597442392367446,0.1690364637016318,0.9344742213332619,1.5654457468668577,0.13670124422568655,0.30668470205595927,1489
0.3861474527985493,-0.5278749284208819,2.0,0.0,0.412578714986923,1794.1180388213832,0.825505119745399,0.6565038293808292,0.07813855919753467,0.715404446724519,0.7537468803519694,0.752571885821389,0.7489854653844857,0.7585692207154541,0.7537468803519694,0.8134228187919463,912.1832205770512,-inf,0.41706070340093393,0.9597594284527386,0.1690550449663741,0.9345132163742744,1.5654748158601355,0.13670606064495117,0.3066956710089553,1490
-1.0386119668451896,-0.0142193164801208,4.0,1.0,0.412730211454296,1795.2729949595573,0.8250074120993071,0.6565735846393612,0.07813855919753467,0.7154751937189252,0.7537995832769239,0.7526255755492198,0.7490042446843315,0.7586567197653203,0.7537995832769239,0.8135479543930249,912.7755007744909,-inf,0.4170705522690023,0.9597754735167188,0.1690736013065494,0.9345521791387844,1.565497744229247,0.1367106760644972,0.3067059924779462,1491
0.4889751956390543,0.9273120670040224,1.0,3.0,0.4127421938841609,1796.0496987615654,0.8251993416204711,0.6567839393844972,0.07813772771425163,0.7156383503441088,0.7539197784803168,0.7527471915203162,0.7491668280218654,0.7587334224286169,0.7539197784803168,0.8136729222520107,913.3675076096029,-inf,0.4170804724675439,0.9597914970725703,0.169092132772274,0.9345912497809739,1.5655238843353645,0.13671528136504638,0.3067162772288945,1492
1.7923557364590454,-0.2454623532592153,3.0,4.0,0.41300116065758685,1799.1483108179275,0.8249010815347148,0.6568160276591065,0.0781369002284844,0.7156486901668114,0.7539838583230049,0.7528124635284575,0.7492523502516898,0.7587755048548186,0.7539838583230049,0.8137977227059612,913.9607968280948,-inf,0.41709020108508904,0.959807499163511,0.16911042733932172,0.9346295695167601,1.5655529946699938,0.13671967542290586,0.3067264392760387,1493
-0.127854851483451,2.134514302125981,6.0,2.0,0.4129610623318828,1800.215710591513,0.8250719554986826,0.6572891772346846,0.0781369002284844,0.7160436350021414,0.7541439026575975,0.7529740383441302,0.7494144496533062,0.7589334286479715,0.7541439026575976,0.8139223560910308,914.5540062750582,-inf,0.4170999977756924,0.9598234798326433,0.1691286974156505,0.9346678905102169,1.5655833353951196,0.1367240375641985,0.30673678641158075,1494
-0.5405992427524092,1.2830244548379848,6.0,2.0,0.41319834682126033,1802.6086478709137,0.8249988518685324,0.6577625089990405,0.0781369002284844,0.7164389681396793,0.7543034531353363,0.7531351135288203,0.749576050174041,0.7590908638279797,0.7543034531353364,0.8140468227424749,915.148022757731,-inf,0.41710976029996655,0.9598394391229539,0.1691469430504056,0.9347057247825022,1.5656158329004877,0.1367283901364727,0.30674699441620795,1495
-0.4288292977171885,1.7952453853091133,6.0,2.0,0.41340898371031104,1805.519270435198,0.8249731967733371,0.6582360159457084,0.0781369002284844,0.716834681760277,0.7544625125324868,0.7532956918954559,0.7497371546136679,0.759247813146334,0.7544625125324869,0.8141711229946524,915.7431907040395,-inf,0.4171194974507922,0.9598553770773149,0.16916516429260087,0.9347428846084849,1.5656499647266617,0.13673271120653982,0.306757115128688,1496
0.9150917988265906,-0.6433631337770029,2.0,0.0,0.4133322120836325,1806.8366387867475,0.824901405000602,0.6583955446531159,0.0781369002284844,0.7169734678128957,0.7545505968450823,0.753384962153535,0.7497792849790975,0.7593830232702237,0.7545505968450823,0.8142952571810287,916.33844350837,-inf,0.417129128430924,0.9598727230857479,0.16918364658018778,0.9347799561225322,1.5656855832771264,0.13673696666565563,0.30676715504472385,1497
-0.1424188790421996,1.5413023933453325,6.0,2.0,0.4134231749887995,1808.6468980812995,0.8249826095540702,0.6588684036754984,0.0781369002284844,0.7173688038060316,0.7547090693910898,0.7535449460381001,0.7499398171797736,0.7595393700864026,0.7547090693910898,0.8144192256341789,916.934110033452,-inf,0.4171387756817175,0.9598900459352911,0.16920210419182324,0.9348167594220682,1.565722996367459,0.13674122895822582,0.3067771473611576,1498
0.6325812247109507,-1.936581563257664,2.0,0.0,0.4128948998585572,1801.9967631507711,0.8253875649165381,0.6590281538975398,0.0781369002284844,0.7175079570944379,0.7547969261842702,0.7536339832303938,0.7499819719390424,0.759674104827071,0.7547969261842702,0.8145430286857905,917.5245454257918,-inf,0.41714906173747945,0.9598999800912812,0.16921906653616176,0.9348563949533011,1.5657624879627623,0.13674548867636752,0.30678808335105606,1499
2.042453257129204,0.0835315558602523,3.0,4.0,0.413106718194514,1805.1728231936481,0.8249130939184594,0.6590592610907332,0.07813607671147382,0.7175176429078003,0.754860712856984,0.7536989477493173,0.7500670725910799,0.7597160190457622,0.7548607128569841,0.8146666666666667,918.1163109443037,-inf,0.41715889065693623,0.95990990100173,0.16923598983991503,0.93489525462771,1.5658047056743454,0.13674955341999329,0.3067989509085954,1500
