Feature_0,Feature_1,TrueLabel,PredictedLabel,silhouette_score,calinski_harabasz_score,davies_bouldin_score,adjusted_rand_index,jaccard_index,fowlkes_mallows_index,normalized_mutual_info_score,adjusted_mutual_info_score,homogeneity_score,completeness_score,v_measure_score,purity_score,iCH,icSIL,iDB,iGD43,iGD53,iWB,iPS,irCIP,iXB,Iteration
-0.6229728289762556,0.3693647943487578,1.0,0.0,,,,1.0,0.0,0.0,1.0,1.0,1.0,1.0,1.0,1.0,0.0,0.0,0.0,0.0,0.0,0.0,0.0,0.0,0.0,1
-1.309255418303001,-0.5336554632802029,1.0,1.0,,,,0.0,0.25,0.0,0.0,0.0,1.0,0.0,0.0,1.0,0.0,0.5,0.0,inf,0.0,0.0,0.9816843611112658,0.0,0.0,2
-1.3876877142260575,0.0974877275357374,1.0,1.0,0.21854352681861858,2.8725460908038083,0.34064802060922345,0.0,0.3333333333333333,0.5773502691896257,0.0,0.0,1.0,0.0,0.0,1.0,1.4362730454019041,0.6473264876758363,0.03868035798166063,inf,0.16666666666666666,0.23208214788996376,1.142245814815021,0.0,0.025786905321107088,3
0.4652752769561548,1.3403543186809737,2.0,0.0,0.32512155298747714,4.3658585247230075,0.6299982933654574,0.0,0.2222222222222222,0.408248290463863,0.3437110184854508,2.6948494595149616e-16,0.3836885465963443,0.31127812445913283,0.34371101848545077,0.75,2.4128015385089387,0.7092884091536129,0.08627277449378065,inf,0.21029123421664905,0.4031116349476136,1.3475265416668987,0.026927472879704328,0.04797143199459791,4
0.3280187590908058,0.1071976227790595,1.0,0.0,0.36884800402350326,5.461746591564288,0.6306489775057664,-0.15384615384615385,0.16666666666666666,0.408248290463863,0.2019643764564272,-0.09818114302780209,0.23679725954056519,0.17606518336876079,0.20196437645642723,0.8,3.175037801772776,0.7458074847971099,0.11550108992987566,inf,0.242526203956417,0.5421992450418454,1.4040283111113585,0.025632453133367438,0.06474233804572886,5
-0.6621889769377839,0.0392283560758044,1.0,0.0,0.28946566681296,4.413515893736944,0.7304315182291149,-0.17391304347826086,0.13333333333333333,0.47809144373375745,0.13921962366837867,-0.1141814199193085,0.1679485738334383,0.11888362619874532,0.13921962366837867,0.8333333333333334,3.422733420165609,0.7621921904856305,0.15088512832508094,inf,0.26688711825940753,0.7539350111685109,1.4139183796298873,0.029590933585774665,0.08751887136777108,6
-0.0053184985821848,0.621822070675134,2.0,0.0,0.3581890872369441,6.138247845626546,0.640119292175071,-0.14545454545454545,0.13333333333333333,0.4545454545454545,0.19647826253528472,0.02574561118215871,0.19647826253528472,0.19647826253528472,0.19647826253528472,0.7142857142857143,3.8753191577424317,0.7788272081598897,0.16676611998188906,inf,0.2873872345616364,0.87896278030811,1.4066970000002652,0.0294068491211236,0.09876441736983445,7
0.5339035358888294,-1.5531944638290294,1.0,1.0,0.25724478281984464,3.2643073033761913,1.257580781282078,-0.06060606060606061,0.16666666666666666,0.4853626716970755,0.23155983328701932,0.0971224639148287,0.25199003493562466,0.21419396448413938,0.23155983328701926,0.75,3.788031749975826,0.7626324028891653,0.2682552643184949,inf,0.28886197801614255,1.2286079932220657,1.4262809652780484,0.02923182435478243,0.14026834493912893,8
1.6907799007539144,0.4567538515386572,2.0,0.0,0.2326374622602956,3.526426103355665,1.2589599824199311,0.0,0.16666666666666666,0.5000000000000001,0.2740175421212815,0.17606698137331958,0.2740175421212815,0.2740175421212815,0.2740175421212815,0.6666666666666666,3.755331044148306,0.7559304040854092,0.3439358799550675,inf,0.30066640295884633,1.5332098894500599,1.4304018271607688,0.02817520813831134,0.17369562833199131,9
-1.073958530533831,0.3887845848354021,1.0,0.0,0.1960364739129698,3.081922911259835,1.388624567681171,-0.07142857142857142,0.14285714285714285,0.5000000000000001,0.21744375685031822,0.11996114104996274,0.21744375685031822,0.21744375685031822,0.21744375685031822,0.7,3.6805079182718092,0.7416708681081584,0.42627260188964033,inf,0.31179483577025463,1.8990452993086655,1.4265556595240878,0.027869215676668262,0.21083748737317146,10
1.4260709020135984,0.3887845848354021,2.0,0.0,0.20488027729520233,3.5135264207194177,1.3554632737074013,-0.0158311345646438,0.14285714285714285,0.5184758473652126,0.24387069416580162,0.16251270840163184,0.2309366019335449,0.25833954617767513,0.24387069416580165,0.6363636363636364,3.6638097685165696,0.7350074213247475,0.4847741690542726,inf,0.32338914203492525,2.192137372377434,1.4185386652239464,0.02708645566457235,0.23785879561105852,11
0.6417479427830323,-2.6115730453511445,1.0,1.0,0.27044946381989826,4.8877423851805535,1.337712429430356,0.029411764705882353,0.16666666666666666,0.5294117647058824,0.27401754212128115,0.20841239013891252,0.27401754212128115,0.27401754212128115,0.27401754212128115,0.6666666666666666,3.7750763700314773,0.7283173461656989,0.5295777872283319,inf,0.3243420787063435,2.3504483149891233,1.4222745033071618,0.026136846561433533,0.2559249023075232,12
1.279010347157867,1.0393475661379867,2.0,0.0,0.2933558538322033,5.78938191781346,1.2839244781676518,0.07874015748031496,0.16666666666666666,0.5506887917539348,0.29713541993678255,0.24089575662088272,0.28620115326776285,0.30893835765495403,0.29713541993678255,0.6923076923076923,3.9429351656799754,0.725352678912576,0.559703510033882,inf,0.3251487825819416,2.461956924073099,1.4211620927963782,0.025180893794261132,0.2673722285275883,13
0.1809582042350746,-0.8249523205798676,2.0,1.0,0.2730302150633505,6.4120093409366765,1.2611669549182998,0.011585807385952208,0.14814814814814814,0.49466312545461666,0.09376856772019718,0.033381678499157276,0.09162989371796218,0.09600946239843511,0.09376856772019716,0.6428571428571429,4.132863948392029,0.7222180035016393,0.5854502808888029,inf,0.329310553353974,2.5534583192243474,1.4281451060093573,0.02473542711086113,0.2789655278981716,14
0.4358631659850086,-0.4171367203603369,2.0,0.0,0.2541163380194868,6.226115502437727,1.3218927723491365,0.05063291139240506,0.14814814814814814,0.5200970367573581,0.11367474260382765,0.058945108907942474,0.10919888760135761,0.11853319305843413,0.11367474260382765,0.6666666666666666,4.28238191653815,0.7175094168758348,0.6137023668917071,inf,0.33223988417730815,2.661624998431134,1.4304933470902355,0.024596300981968574,0.29130085201848716,15
2.4849068969748624,1.6413610712239604,2.0,0.0,0.24268011718530993,6.55063880210439,1.272386665751491,0.08839779005524862,0.14814814814814814,0.5469696739087316,0.1310690985051051,0.08057584366713724,0.12425601093475863,0.13867266643665957,0.1310690985051051,0.6875,4.433599042242567,0.716012973510727,0.6344215197205363,inf,0.34019286063459714,2.7624229542468335,1.4297071489450952,0.02447741082753851,0.3017922509196178,16
0.1319380192831642,0.8936991374881543,1.0,0.0,0.26784774223689767,7.230709623576836,1.235445262510651,0.03608247422680412,0.13333333333333333,0.530523884575674,0.09991932658312229,0.05015082081019185,0.09373278351725246,0.10698022621549978,0.0999193265831223,0.6470588235294118,4.6084184535759585,0.7146987898453363,0.6502006181478621,inf,0.34577002208775715,2.8439845670822375,1.426785280706513,0.024281808161978738,0.30937441063011883,17
-0.2994396082936471,-0.5627851490101693,2.0,1.0,0.2519650333266348,7.947933862727209,1.2148787281986855,-0.0030651340996168583,0.12121212121212122,0.49759366083497786,0.042387154430856055,-0.0046757169808942485,0.04065555088106774,0.04427282513257631,0.042387154430856055,0.6111111111111112,4.804860536467209,0.7135134246321538,0.6643524386163397,inf,0.35355707112575024,2.9096634027289188,1.4288176941240696,0.0243176877543965,0.3170400520687079,18
-1.201411011408798,-0.5627851490101693,1.0,1.0,0.262972777400597,9.087284713981742,1.1968895919954552,0.01845018450184502,0.1388888888888889,0.5003191829243043,0.06279445073234004,0.020694711670388746,0.06126709761100678,0.06439990286722531,0.06279445073234004,0.631578947368421,5.042772990773572,0.713048567900798,0.6752902787914387,inf,0.36145365146474784,2.953443837499315,1.4350221341994271,0.024303982289942277,0.32326416506835615,19
0.1907622412254567,0.5344330134852345,2.0,0.0,0.2817059541416136,9.711215323179204,1.171412542625053,0.04422332780541736,0.1388888888888889,0.519107409700378,0.07559610710556587,0.0360400602880584,0.07310400793180957,0.07826411310300306,0.07559610710556589,0.65,5.288480481952815,0.7125763937316884,0.6842606774395847,inf,0.3672962222367213,2.9911243476392735,1.4383625405236593,0.02425747263322162,0.32818482666913595,20
0.5829237208407397,0.1071976227790595,1.0,0.0,0.29236651823828547,10.138835080015514,1.1660357503896275,0.012658227848101266,0.12820512820512822,0.5102520385624567,0.05617905409074542,0.01745269317250334,0.05392630013158781,0.05862822965346653,0.05617905409074542,0.6190476190476191,5.53099821185595,0.7120724117636674,0.6923501137198103,inf,0.3716155346917785,3.0271643833036856,1.4395533110807486,0.024221522890105478,0.3323874809367005,21
1.524111271917419,0.2722658419155362,2.0,0.0,0.3007007200930983,10.743040046401799,1.1591770940432415,0.034482758620689655,0.12820512820512822,0.526635431152213,0.06660973817558256,0.029890121351755845,0.06335895923698028,0.07021213526849274,0.06660973817558258,0.6363636363636364,5.779190680167657,0.7119877389140581,0.6986489099329055,inf,0.37541632434312966,3.058808768754526,1.43912067825386,0.024086450009358138,0.33563690379036326,22
-2.926921521716044,-0.6307544157134244,1.0,1.0,0.3139324399973984,12.17605887749953,1.1467772954500872,0.053497942386831275,0.14285714285714285,0.5281487996192368,0.0862087028650633,0.05281190469669755,0.08333729519470656,0.089285041650034,0.0862087028650633,0.6521739130434783,6.0699574164100145,0.7116906505433603,0.7049654116932992,inf,0.3753555724244649,3.0757906480754618,1.441624216397425,0.023773393383829926,0.3380542291362218,23
-0.7504253098512226,-0.485105987063592,1.0,1.0,0.3128587071979762,13.235061259860789,1.1119346418975642,0.07319376672438219,0.15555555555555556,0.533073978425788,0.10419927733353286,0.07342396185729001,0.10207594511389556,0.10641282309705659,0.10419927733353287,0.6666666666666666,6.381483670473091,0.7115810563109438,0.7096576809916154,inf,0.3764771670473704,3.0861536600202233,1.446696904140138,0.02355489230594643,0.34020156074162866,24
-0.7308172358704584,-0.2035190250072494,1.0,1.0,0.3058957389947816,13.871320630609752,1.1039217142569107,0.09333333333333334,0.16666666666666666,0.5405899027195887,0.12062599104684511,0.09198730010034646,0.11949011487966824,0.12178366980734179,0.12062599104684513,0.68,6.693560210478785,0.7114833672760469,0.7140819194831045,inf,0.37838973205698573,3.095355301742752,1.4540304435301004,0.023482212822366642,0.34251123288676394,25
-0.5543445700435811,1.6899105474405711,1.0,0.0,0.3027063765132586,13.943582329560243,1.11847488296045,0.05868433506862281,0.1568627450980392,0.5292934112111308,0.09954618275070767,0.07113943915684048,0.09845121556652474,0.10066578015954201,0.09954618275070767,0.6538461538461539,6.9835610952420435,0.7113337266324236,0.7188191465651339,inf,0.3806896570178605,3.108704863394741,1.4591973004028864,0.023310785410751003,0.34500656282213626,26
0.7201802387060888,0.6412418611617783,2.0,0.0,0.3182713288381098,15.025577333537576,1.0880114083182912,0.07766423357664233,0.1568627450980392,0.5399906781361233,0.11151624635652296,0.0845984239129998,0.10925908706545336,0.11386863324154776,0.11151624635652295,0.6666666666666666,7.292869412099564,0.7114659486208827,0.7220566707139316,inf,0.3822182831482024,3.116814281668633,1.4626197713635267,0.023107648102485782,0.3465988629811465,27
-2.368091413264265,-1.0094403302029886,1.0,1.0,0.3315430684985592,17.50401540763775,1.049902743693334,0.09539004114535225,0.16666666666666666,0.5464671610995675,0.12610262878127743,0.10083818205259248,0.12491168263180806,0.1273165032250855,0.12610262878127743,0.6785714285714286,7.671060004526904,0.7122836262293193,0.7225351418291853,inf,0.3833050751967195,3.111597590466377,1.4678986204488276,0.022864722696328825,0.3468736137642775,28
0.5339035358888294,0.0100986703458379,2.0,0.0,0.3373874190947252,18.023482310574014,1.0495424709453534,0.1138380947761556,0.16666666666666666,0.5568191728897194,0.1378691974583368,0.1138539750854893,0.13545761037327292,0.14036820921232526,0.13786919745833684,0.6896551724137931,8.040789372600015,0.7128448650344723,0.723114714125398,inf,0.3839287432815322,3.1076146177140718,1.4715738346862348,0.022660636001474322,0.34707420983252735,29
-2.3975035242354115,-2.184337654644969,1.0,1.0,0.3494892172760676,21.206066522390714,1.0130767993417744,0.13113090897561905,0.17543859649122806,0.5635479659308824,0.1518639803953145,0.1292221691024629,0.15061884033611014,0.1531298787776261,0.15186398039531449,0.7,8.494764446730729,0.7141189755035386,0.7212064166339931,inf,0.38391429926377935,3.092052589274796,1.4768558864930001,0.022529308584280767,0.34606808456291965,30
0.5142954619080652,1.621941280737316,2.0,0.0,0.3588784151799167,22.732242193153553,0.9984035080000231,0.14877683474787817,0.17543859649122806,0.5734090451388806,0.16327103873457544,0.14168920409591393,0.16077788634733503,0.16584273070893188,0.16327103873457544,0.7096774193548387,8.969347038278155,0.7155626838013768,0.7185984031897329,inf,0.3838004586117691,3.0746135415756517,1.4806652988509987,0.02236750321309025,0.3446680970278783,31
-0.8190535687838971,0.0877778322924152,2.0,0.0,0.3385128443547161,21.607195289093177,1.0377205937848366,0.16608187134502925,0.17543859649122806,0.583766942675753,0.17383501167887147,0.15318679974539542,0.17010909596151857,0.17772780060915905,0.17383501167887147,0.71875,9.377019562497994,0.7162342824485834,0.7176975179912152,inf,0.3838343973193154,3.065308517333097,1.483249780831359,0.022286745399388345,0.3440663575424391,32
0.8868488675425842,0.0003887751025158,2.0,0.0,0.3448677025505501,22.35630830054155,1.0346350309173993,0.1829436038514443,0.17543859649122806,0.5944051496109855,0.1836461074216499,0.16382694068329554,0.17871403556560495,0.18885813160731463,0.18364610742164994,0.7272727272727273,9.782622335561854,0.717027910104592,0.7167468580699965,inf,0.3836394730796645,3.0564587580480156,1.4848118266743815,0.02221391065878547,0.34336355293195087,33
0.2201743521966029,0.8548595565148657,2.0,0.0,0.35604028231731055,23.44813741999872,1.0209908399904635,0.199288256227758,0.17543859649122806,0.6051538076530737,0.19278352864499118,0.17370578784343163,0.18667878584500655,0.19930104267195298,0.19278352864499115,0.7352941176470589,10.196728853272061,0.7178614133466388,0.7155008310399742,inf,0.3831518080430744,3.046840202801004,1.485518045527402,0.02212590893634051,0.3424312359393907,34
0.1221339822927821,0.0683580418057709,1.0,0.0,0.35892554585176073,23.78052559599234,1.0256965852013327,0.16139543799118267,0.16666666666666666,0.589533879182929,0.17023464715626013,0.15110766041563017,0.1641124273350562,0.17683134670793532,0.1702346471562601,0.7142857142857143,10.596252286881482,0.7184872764168642,0.7145899434684573,inf,0.3824627830787129,3.0390842028594918,1.4855063257311139,0.0220672633467813,0.3415804885164934,35
0.2691945371485133,0.1557470989956703,2.0,0.0,0.36592441561027234,24.365883570771487,1.0233434051405021,0.17661961635903003,0.16666666666666666,0.5996915972804638,0.17841735743736584,0.15994228040626518,0.1711286367475548,0.18635458247913658,0.17841735743736584,0.7222222222222222,10.989670323564052,0.7190564840282504,0.713794364893485,inf,0.3815657604459226,3.0321870684672434,1.48489139230032,0.022023912782082964,0.3407056828624506,36
-1.3974917512164395,0.0100986703458379,1.0,1.0,0.36139766257734396,25.18025143521894,1.019681159773622,0.19056878949927078,0.17460317460317462,0.602359870579765,0.19248135602552383,0.17503623030286666,0.18629907311440644,0.19908803715015538,0.1924813560255238,0.7297297297297297,11.383853132221134,0.7195975816054466,0.7131215323269824,inf,0.38102284930108765,3.025370022159642,1.48543582464056,0.02202628358920628,0.3400590698593653,37
-1.4759240471394963,-0.2229388154938938,1.0,1.0,0.3642674525345564,26.65114012203485,1.0015465855891867,0.20426247534038355,0.1818181818181818,0.6059801074252238,0.20543743040418858,0.1888891428683216,0.2004405636921285,0.21068980473633464,0.20543743040418858,0.7368421052631579,11.796482510324207,0.7202719204631967,0.7120460770751678,inf,0.3808612800780335,3.016849047326586,1.4870480938751731,0.022037044185284276,0.339381474063908,38
-0.2504194233417367,-0.5336554632802029,2.0,1.0,0.3533767761810077,26.739530935815075,1.0160305466197463,0.16929460580912864,0.17391304347826086,0.5851182513081448,0.1598928225449201,0.14301454944111824,0.1568302950530011,0.16307734016243589,0.1598928225449201,0.717948717948718,12.189720626784494,0.7207703000320979,0.7115150765032505,inf,0.3809933044264158,3.010453898007062,1.4896460587045925,0.022097525105767592,0.33907701273186475,39
-1.1425867894665056,-0.9220512730130892,1.0,1.0,0.36102950716958454,28.888524395620898,0.9816559391917431,0.18234157498324066,0.18055555555555555,0.5895564587461145,0.171377271148716,0.15525513335030774,0.16903844035286894,0.1737817305264912,0.171377271148716,0.725,12.617895082395686,0.7215447088305871,0.7101612404911897,inf,0.3815071539497815,3.000962611151882,1.4931557919592078,0.022134739358564075,0.33849249468496756,40
-0.162183090428298,-2.873740216920843,1.0,1.0,0.3608921139803288,29.441683361685442,1.0060550549982843,0.19519855337980918,0.18666666666666668,0.5946394682359918,0.1821151154271425,0.16666846020190176,0.18053693964658174,0.18372112598640367,0.18211511542714254,0.7317073170731707,13.038489789377929,0.7221451754448168,0.7092339736668135,inf,0.38150730280385975,2.9923855971250877,1.4975105788761993,0.022103291729151816,0.3380782862984009,41
-0.4759122741205244,-1.0871194921495655,1.0,1.0,0.36283219484022783,30.697895940110822,0.9957841700137151,0.2078561195334569,0.1923076923076923,0.6002447786162395,0.19217475123690386,0.17733539937353526,0.1913797900715282,0.19297634423397442,0.19217475123690383,0.7380952380952381,13.469207012566535,0.7227880377564718,0.7080616236464384,inf,0.3817818969969859,2.983186935294997,1.5026500584796834,0.022069186586415115,0.3376265927964311,42
-0.417088052178232,-0.0093211201408063,1.0,0.0,0.3539837461298276,30.24197991303851,1.0153761443111213,0.1761070151428193,0.1851851851851852,0.5866797041382876,0.17255065492370952,0.15765673310724862,0.1717293672609179,0.17337983587541575,0.17255065492370952,0.7209302325581395,13.868558748292056,0.7231678928606337,0.7075440533533977,inf,0.38198959498332147,2.976867766641403,1.5068528181016099,0.022076846992947777,0.33744808692446077,43
-1.4857280841298783,0.7092111278650334,2.0,0.0,0.3378861928126739,28.368842851815913,1.0550344188224405,0.18828766021343915,0.1851851851851852,0.5932682744738283,0.1809294857730449,0.1665321050129663,0.17929047069158646,0.1825987440115664,0.18092948577304493,0.7272727272727273,14.205774657676331,0.7231895108273213,0.7083147031838216,inf,0.38253551225900156,2.976507020470909,1.5102351725658965,0.022099866563007532,0.3379126497359855,44
-1.4955321211202603,-1.4366757209091634,1.0,1.0,0.3463292101400202,30.93362079420747,1.0263553840996187,0.20001632453169,0.19047619047619047,0.598388361081729,0.1902369380433563,0.17636578834124395,0.18941136416921836,0.19106974016327663,0.1902369380433563,0.7333333333333333,14.585952978961132,0.7235947125991249,0.708063042965538,inf,0.3832671892253579,2.9721434550854213,1.5143219010198048,0.022096238956366643,0.33793924056266583,45
-2.3092671913219727,-0.3685872441437262,1.0,1.0,0.3487384111872114,32.24610713972403,1.018657833867903,0.21157580283793875,0.1954022988505747,0.6038834951456312,0.19901040481840457,0.18561834480454406,0.19901040481840457,0.19901040481840457,0.19901040481840457,0.7391304347826086,14.978400849200307,0.7240241805093376,0.7076007105592688,inf,0.38394270212288767,2.96685797967881,1.5190670660292285,0.022066265243084932,0.33788236108773917,46
-0.5347364960628169,0.0100986703458379,2.0,0.0,0.3415571337675435,31.83491827593831,1.0366480361409516,0.22294903523274562,0.1954022988505747,0.6096749062285116,0.2072950312437891,0.19434108872752034,0.20647140688966226,0.20812525286892314,0.20729503124378906,0.7446808510638298,15.34484688021635,0.7242284720350365,0.7076610808128795,inf,0.3845354024140553,2.9638840731713487,1.523004138304421,0.02206987732450698,0.3380454332903414,47
0.357430870061952,1.2238355757611077,2.0,0.0,0.349310074655296,33.478699396891315,1.022976789542111,0.2341195996579993,0.1954022988505747,0.6156934524574107,0.2151314677976399,0.2025797995763873,0.21349730084127125,0.21679084444096366,0.2151314677976399,0.75,15.730673529507307,0.7246371085118777,0.7072937295134457,inf,0.3849909197472721,2.959386820650138,1.5262260195170008,0.02205373663531,0.33796032576269,48
1.4652870499751267,0.2528460514288919,1.0,0.0,0.35307520855695357,34.64320584138917,1.018165441687321,0.20419211549139368,0.18888888888888888,0.6027590376999769,0.19667669495246148,0.18405471319545513,0.194997218393839,0.19838535291455153,0.1966766949524615,0.7346938775510204,16.12468461933818,0.7251035253351654,0.7067116355947584,inf,0.3854446043266137,2.9543661661535077,1.5288137312541297,0.02201888911240319,0.3377515346589425,49
-2.3288752653027367,-0.6210445204701023,1.0,1.0,0.35816772901292326,36.63355361004363,1.0036348664058121,0.21471951936263306,0.19354838709677422,0.6073568548867426,0.20502263368301332,0.1928156886706263,0.20418007179395473,0.20587217815523848,0.20502263368301332,0.74,16.54323296608727,0.7256292143415467,0.7057412826238532,inf,0.38590693372517937,2.947689810667137,1.5319875896941875,0.02196154472043556,0.33738015984827363,50
-1.4269038621875858,1.7093303379272156,2.0,0.0,0.34996355868947343,35.138619217170614,1.028894510396004,0.22519098055135256,0.19354838709677422,0.6128895555420021,0.21238703947037954,0.20053785565691853,0.21071480789158284,0.21408602501004345,0.21238703947037954,0.7450980392156863,16.915140691108935,0.7259303142972289,0.7054897376270027,inf,0.38672418692689836,2.9445773479093407,1.5345636903319981,0.021880202448639096,0.33738765907851526,51
0.5339035358888294,-0.8249523205798676,1.0,0.0,0.3412820994029056,34.42709602672896,1.0483991376459336,0.19767433925439645,0.1875,0.6012426480689057,0.19561674032511048,0.18371100441163724,0.19391622977030382,0.19734733932594867,0.1956167403251105,0.7307692307692307,17.25851236435639,0.7260867080236191,0.7057230734384505,inf,0.38757628054182186,2.9438102603124867,1.5366064669998682,0.02183219835355536,0.33762363407234086,52
1.4750910869655087,-0.3006179774404711,1.0,0.0,0.34126339688368634,34.860556634000666,1.0511973817265414,0.17274370284240992,0.1818181818181818,0.5911540188341726,0.18064861015538733,0.16870910546143278,0.17893981613228027,0.18239035526097033,0.18064861015538733,0.7169811320754716,17.5970132156957,0.7262904821239067,0.7059590770125226,inf,0.3884715064419003,2.9434731412952724,1.5381727359663335,0.021775398941443033,0.33785692762270286,53
-1.073958530533831,-0.6890137871733574,1.0,1.0,0.3446324048445345,36.23573521274656,1.033973614550674,0.18234401844850134,0.18627450980392157,0.5951672535087169,0.1882456885777823,0.1766674336894677,0.18738581686702557,0.189113488186809,0.1882456885777823,0.7222222222222222,17.948687215640057,0.7265352020846939,0.7059601371821208,inf,0.3895576215869645,2.9421142855719786,1.5402596986747814,0.021721627426568343,0.3380162187317803,54
2.09274541735958,1.1558663090578525,2.0,0.0,0.34603121823493793,37.61674507324584,1.0220415470403557,0.19195546776800143,0.18627450980392157,0.60004320466616,0.19500797665271166,0.18374447530281218,0.19329790251679427,0.1967485783391008,0.19500797665271166,0.7272727272727273,18.312910509299424,0.726944441573581,0.7056047646542932,inf,0.39084000727713913,2.939855734808522,1.5418919839514071,0.021663699852427113,0.33801860164992653,55
-1.191606974418416,-0.4171367203603369,2.0,1.0,0.34825705977284366,38.791089780859174,1.013061670424515,0.16890826453946758,0.18095238095238095,0.5860598471660935,0.16323051618446993,0.15180259404079322,0.16201009391762644,0.16446946489637818,0.16323051618446996,0.7142857142857143,18.685241041509602,0.7273038329825761,0.7051569504251279,inf,0.39226598608614743,2.937075177383638,1.544007098866422,0.021614588155537465,0.3379989935856957,56
1.916272751532702,0.4858835372686237,2.0,0.0,0.35089542081446584,40.091597021200876,1.0051206194180113,0.1781100651246915,0.18095238095238095,0.5910886138183931,0.16952070440217032,0.1583787744680811,0.16769020093394113,0.17139161241711454,0.1695207044021703,0.7192982456140351,19.067497398289806,0.7277629841147788,0.7044702725662804,inf,0.3937426165115184,2.933682930274863,1.5456883657364469,0.021552126810157574,0.3378620264912796,57
0.9750852004560228,0.8063100802982549,2.0,0.0,0.35741907998213235,41.79947627249174,0.9915533134809755,0.1872014610845743,0.18095238095238095,0.5962641122874357,0.17555065523026867,0.1646762989522091,0.17311366161835817,0.17805724169202633,0.1755506552302687,0.7241379310344828,19.46630404520563,0.7282718287358725,0.7035041906498157,inf,0.3950642113091436,2.9292997661192417,1.5469784211438424,0.021481123511502186,0.33756432340334025,58
0.5927277578311219,-0.5142356727935585,2.0,0.0,0.35524418260353907,41.808376997033676,0.9985587907967449,0.1961694781924657,0.18095238095238095,0.6015520605321963,0.1813361478708586,0.1707127009361282,0.17829816786644198,0.18447944925624402,0.18133614787085864,0.7288135593220338,19.851512199547493,0.7286876937794556,0.7027124680872333,inf,0.3963089180483628,2.9258663170876598,1.5479153565670218,0.021425121839229788,0.3373393893417318,59
0.7201802387060888,0.0683580418057709,2.0,0.0,0.3598475717157743,42.788189529244974,0.9923114341300966,0.20500292841274925,0.18095238095238095,0.6069221622503861,0.18689188295370754,0.17650421841276115,0.1832598969598109,0.19067074280689394,0.18689188295370757,0.7333333333333333,20.240269442423724,0.7291288225486271,0.7018529567017431,inf,0.3974037280274803,2.922285686305382,1.5485332730216406,0.02136911026695245,0.3370575412510791,60
-0.3190476822744112,-0.1452596535473165,2.0,0.0,0.35380978948508823,42.37804462211738,1.0037626184484747,0.21369235176167287,0.18095238095238095,0.6123477618943162,0.1922315313393285,0.18206587527749674,0.18801364700088274,0.1966430060852439,0.19223153133932852,0.7377049180327869,20.609232362085283,0.7294585833068654,0.7012598594389837,inf,0.39842375833971594,2.9200262603804004,1.548862758383864,0.02133385426605095,0.33689285000836694,61
0.9652811634656407,0.6703715468917447,2.0,0.0,0.3599650093966155,43.943126376342896,0.9918086825441943,0.22222992169634814,0.18095238095238095,0.6178055117015627,0.19736779261078072,0.18741156667422335,0.19257296447672076,0.2024074881962166,0.19736779261078072,0.7419354838709677,20.99175521477803,0.7298880612309497,0.7004458023603184,inf,0.3993188787719142,2.916974264477816,1.5489312995706745,0.021290584761275783,0.3365980831840126,62
1.9358808255134663,-0.0675804916007392,1.0,0.0,0.360396112827245,44.62809408961936,0.9890073789552846,0.1999155515135767,0.17592592592592593,0.6082201018063796,0.1837569094752166,0.17377160096249478,0.17888651988892998,0.18889992545172293,0.18375690947521656,0.7301587301587301,21.372986486952893,0.7303351419484864,0.6995755771981415,inf,0.40028496430401134,2.914065212900727,1.5487636396127675,0.021236256492953045,0.33628432638948363,63
-0.4072840151878499,-1.582324149558996,1.0,1.0,0.36150152207465097,45.96399681923159,0.9924656983695198,0.20790256337629232,0.1801801801801802,0.6103422494874112,0.1913795791138199,0.18168770365354223,0.18708377058735914,0.1958773043386009,0.1913795791138199,0.734375,21.763319984290643,0.7307702653072119,0.6986773433597325,inf,0.401296914916506,2.910685501038995,1.5489918440285448,0.02117197813475588,0.3359696365736139,64
-1.3778836772356755,0.6703715468917447,2.0,0.0,0.3504497946490188,44.03205389925896,1.0173760957196116,0.21603405462930117,0.1801801801801802,0.6154493825801177,0.19630717258299793,0.18680752852297836,0.1914232336187606,0.20144685240709614,0.19630717258299793,0.7384615384615385,22.111268951712024,0.7310174884289621,0.6982937955727195,inf,0.4024474504041115,2.909929596865364,1.5489878860570452,0.021118230438382558,0.33592743989273977,65
-0.4857163111109065,-0.5919148347401357,1.0,1.0,0.34704569076237846,44.51449045261544,1.0217645972531035,0.22380684496206535,0.1842105263157895,0.6176220151859745,0.20367897298929385,0.19444936407452926,0.19938297483262016,0.20816417496137954,0.20367897298929383,0.7424242424242424,22.45593389787977,0.7312561175192771,0.6980331985174526,inf,0.40369608210521857,2.9094074538978316,1.5493535971741128,0.021079571211928032,0.33596353606223056,66
-0.6425809029570198,0.3499450038621135,1.0,0.0,0.34315361836900093,44.13785325662204,1.0326444381974178,0.20269597321198593,0.1794871794871795,0.6086422358808279,0.1908406700314003,0.1815815678305821,0.18649228264171822,0.19539667868518876,0.1908406700314003,0.7313432835820896,22.784447827557685,0.7314146869224096,0.6979731992835975,inf,0.40488848521783855,2.9099434275725695,1.549491704939583,0.021049779980273613,0.3360903850227806,67
0.4260591289946265,0.8257298707848992,2.0,0.0,0.3485658659605363,45.42861233157682,1.0219320849012372,0.21045638871024266,0.1794871794871795,0.6134325799866451,0.1955756323305028,0.18649360572646914,0.19063156186703112,0.2007829820548768,0.1955756323305028,0.7352941176470589,23.122420432095282,0.7316408691888862,0.6977477614632095,inf,0.4059498741682523,2.90988040306651,1.5494221809119384,0.021014042101009045,0.336114902585492,68
-1.456315973158732,0.3596548991054356,1.0,1.0,0.3430668819568412,45.43368055978925,1.0330669005021194,0.21786027133387664,0.18333333333333335,0.6155206063937704,0.20254576862013932,0.1937087145740613,0.1981975627910623,0.2070890423537823,0.20254576862013932,0.7391304347826086,23.45052719867902,0.7317811539445886,0.6977807316722122,inf,0.4069538836408567,2.9104524817910837,1.5496917128554355,0.020999354919513834,0.33626237416949784,69
0.3966470180234803,1.4471631663575173,2.0,0.0,0.34667709402126246,46.738589170928414,1.025374249135048,0.22540134219356536,0.18333333333333335,0.6201487632564778,0.20719445113332272,0.1985230655077886,0.20225530137998513,0.21238087106788756,0.20719445113332274,0.7428571428571429,23.788035343204374,0.7319831133681732,0.6976342594833317,inf,0.4078996063805942,2.9104431768925947,1.5497572285736667,0.020976369323921013,0.336311122326986,70
1.6221516418212398,1.4083235853842286,2.0,0.0,0.34893758359490035,48.286520655189,1.0141826909374594,0.23282364933741082,0.18333333333333335,0.6248017921140125,0.21168468035044283,0.20317071042065188,0.20616426247998262,0.21750887044500292,0.2116846803504428,0.7464788732394366,24.138013704804152,0.7322653393928076,0.6972463685650667,inf,0.4088856875820893,2.9097037016996117,1.5496359507064363,0.020950702327114563,0.3362456054490227,71
1.0143013484175512,-0.3297476631704375,1.0,0.0,0.34983956540680394,48.72837913461543,1.0150561815717105,0.21272201620135586,0.17886178861788618,0.6162352499540313,0.19950898595470287,0.19096588464140368,0.19393542268731737,0.2054123888997302,0.19950898595470284,0.7361111111111112,24.484356879871918,0.7325073920142869,0.6968725401775965,inf,0.40982123277047927,2.9091948876774536,1.5493435918567202,0.020925799929207137,0.3361786207590327,72
1.6123476048308578,0.8257298707848992,2.0,0.0,0.35328432399435744,50.21876102800172,1.0054556821170988,0.2199262607536401,0.17886178861788618,0.6207959250534907,0.20376977394586995,0.1953748069981537,0.19761392930737207,0.21032146943891772,0.20376977394586998,0.7397260273972602,24.841779159707055,0.7328203709312263,0.6963094759567314,inf,0.41073786631743403,2.908077539923563,1.5488945044557272,0.020894559339684413,0.3360145794561572,73
-0.5739526440243452,-1.397836139935875,1.0,1.0,0.35575712252239616,51.89298953830308,1.001984563567787,0.22681714249868445,0.18253968253968256,0.6224606007575134,0.21051790999561917,0.20234206403203583,0.20495461275370142,0.21639165482270367,0.21051790999561915,0.7432432432432432,25.212343685441244,0.7331442105814473,0.6956543089906998,inf,0.4117300606135008,2.9062784015852,1.5487450761161758,0.020856690388467925,0.3358188467739331,74
0.8378286825906738,0.7480507088383219,2.0,0.0,0.3609491594245504,53.3925275887677,0.9915937645926873,0.2338268333429345,0.18253968253968256,0.626872247301582,0.2147070492613275,0.2066704510045876,0.20856686754640222,0.2212197296054472,0.21470704926132747,0.7466666666666667,25.593156981432145,0.7335015633210402,0.6948650851994823,inf,0.4126211792348583,2.9039875567419084,1.5484400580642605,0.020813964448240158,0.33554140044916836,75
0.5437075728792115,-0.9706007492297,1.0,0.0,0.35428381612532833,52.39398432584143,1.0048395267895582,0.21474507997939443,0.17829457364341084,0.6187863427593834,0.20320482707354523,0.1951414155789894,0.19702232778938003,0.20978790623349522,0.20320482707354526,0.7368421052631579,25.950501346024268,0.7337666946249496,0.6943087895086976,inf,0.4135398595296164,2.902944980610168,1.5479920195421755,0.020787802714479598,0.3353830459317078,76
1.3084224581290134,1.243255366247752,2.0,0.0,0.35780566186203083,54.0113265893216,0.9948103356065393,0.22156007236352027,0.17829457364341084,0.6231120507214285,0.20719232659619177,0.1992604600580303,0.20043375166047322,0.21442260199383,0.20719232659619177,0.7402597402597403,26.3197227308045,0.7341108498545915,0.6935779599200078,inf,0.4144300860157207,2.9013118673097624,1.547412496200362,0.020757101695007916,0.33513360223058264,77
1.6025435678404758,-0.2617783964671824,2.0,0.0,0.3585618198188412,54.53947313648282,0.9940094357832622,0.22827026092966995,0.17829457364341084,0.6274434419811219,0.21105820375071563,0.20325207027970357,0.20373302030032273,0.21892978406024105,0.2110582037507156,0.7435897435897436,26.686212995813307,0.7344421786011691,0.6928390959277839,inf,0.41532291218249606,2.899845975212442,1.5467120858250805,0.02072163803428135,0.3348804741884913,78
1.2201861252155748,0.8063100802982549,2.0,0.0,0.36307031458008143,56.09122395139445,0.9846058952407466,0.23487310811254472,0.17829457364341084,0.6317714963077614,0.21480823983638772,0.2071224134189344,0.20692601775198236,0.22331474086181216,0.21480823983638772,0.7468354430379747,27.063200315756657,0.7348139581100315,0.6919664057030828,inf,0.4161495001512968,2.897892577273342,1.5459005339975895,0.02068138635413833,0.33455062460718465,79
-1.701416897918284,-0.0384508058707728,2.0,1.0,0.3639620112863402,57.53185318916329,0.9828972920605874,0.21656216133147854,0.17424242424242423,0.6211166890030921,0.19010990745433554,0.18231669446590631,0.18388280102367316,0.1967735532775306,0.19010990745433556,0.7375,27.448879466052933,0.7351790332232984,0.6910924507983524,inf,0.41698891690894463,2.895563187179126,1.5453496555811708,0.020641973254692574,0.3342242146846883,80
0.2888026111292774,-1.0774095969062436,1.0,1.0,0.35725159739420054,56.87165220939021,1.0043759116103943,0.22288551152803582,0.17777777777777778,0.6223372840752155,0.1965824753445102,0.18898141011417163,0.19079654045636665,0.20273030345955306,0.19658247534451023,0.7407407407407407,27.816664125344648,0.7354444214219019,0.6905195364597895,inf,0.4177661390018786,2.8941140800322085,1.545049796005043,0.020610982446723356,0.33403963502428574,81
-1.3582756032549113,-0.7569830538766125,1.0,1.0,0.36137017886768685,59.167249067406324,0.9896287563853796,0.2291216261394789,0.18115942028985507,0.6237409584133855,0.20281538469842147,0.19539527475959909,0.1974849031601935,0.20844160789265243,0.20281538469842142,0.7439024390243902,28.203708383888618,0.7357659653327102,0.6897868572904987,inf,0.4186425712295603,2.8917980392223326,1.5449917716530988,0.02057678549741562,0.33379151127811646,82
-1.5249442320914066,-0.6307544157134244,1.0,1.0,0.36546554047043284,61.461397785310524,0.9775389083720484,0.23527746720070197,0.1843971631205674,0.6253139084829629,0.2088216491567797,0.20157226121003963,0.20395787609357788,0.2139230614875465,0.20882164915677967,0.7469879518072289,28.60928996195474,0.7361249723974704,0.6889166730088699,inf,0.41959610018014704,2.8887137348507537,1.545166841493138,0.0205394235144919,0.3334853932736294,83
-0.6033647549954915,1.0878970423545975,2.0,0.0,0.36353112074584687,61.20101783796655,0.9845002486488917,0.24148816390249295,0.1843971631205674,0.6292545600088667,0.21259501058181987,0.20545559982397377,0.20727354714920992,0.21819691650894102,0.2125950105818199,0.75,29.001961382147652,0.7364365832739498,0.6881488286595351,inf,0.42054409796097003,2.8862254046167135,1.5452038360301232,0.020499649227867137,0.33322944035634017,84
-0.2308113493609725,-0.3782971393870483,1.0,0.0,0.3564305692123476,60.40737130515826,0.9955069035201719,0.22409705208251007,0.18055555555555555,0.6217159479077964,0.20194197067421638,0.1947795425935453,0.1965516077859211,0.2076363283610711,0.20194197067421638,0.7411764705882353,29.375835309802543,0.7366892261180903,0.6875495107553646,inf,0.421467893971976,2.884599329265766,1.545112529680317,0.020474276425883006,0.3330543959048791,85
-0.544540533053199,0.5344330134852345,1.0,0.0,0.35430666730403676,60.14216411211875,1.0024144538502777,0.2077092871830277,0.17687074829931973,0.614765414360283,0.19202778045821128,0.18484814702909327,0.18659691684385424,0.19778424899768512,0.19202778045821128,0.7325581395348837,29.737792119241558,0.7369149158904149,0.6870522981469055,inf,0.4223572149124688,2.8835386551695703,1.544901978007975,0.020452035150819885,0.3329256136824395,86
-0.8778777907261895,-0.6307544157134244,1.0,1.0,0.35546079537827924,61.551361544442784,0.9948411197205391,0.21352899590822425,0.18000000000000002,0.6162210932833905,0.19766282608593974,0.19063894719947128,0.19270102307664796,0.20288690236018045,0.19766282608593974,0.735632183908046,30.10771734511599,0.7371626508795315,0.6865167744219789,inf,0.4232160226504197,2.882140751455382,1.5449052530198455,0.02043259030682724,0.3327898155740461,87
1.2103820882251926,-0.8249523205798676,1.0,0.0,0.3530002609331126,61.17753866455757,1.000968764688102,0.1979729331578637,0.17647058823529413,0.6097457258618757,0.18831277764689208,0.18127459596727835,0.18332929614236199,0.19357476400959817,0.18831277764689208,0.7272727272727273,30.464841728098083,0.7373747134567847,0.6860754003944088,inf,0.4240307010885675,2.8813378949151445,1.5447903898452011,0.020415486997697185,0.33270466189056963,88
-0.936702012668482,0.6995012326217112,2.0,0.0,0.3481899409872197,60.19374847241843,1.0128845537716549,0.2038252089695562,0.17647058823529413,0.6133512167328531,0.1918575542056807,0.1849206968488676,0.1863975371775198,0.19764709698309693,0.19185755420568074,0.7303370786516854,30.802670213829,0.7375283964193211,0.6858011116853091,inf,0.42480830244929185,2.8814427009553176,1.5445654667120468,0.020401443127513585,0.33270598596297024,89
0.6025317948215039,1.6996204426838937,2.0,0.0,0.35012236607689334,61.434537944235075,1.0067777441968047,0.2096095940451854,0.17647058823529413,0.6169755561557685,0.1953089299061364,0.18846946894500363,0.1893780446284519,0.2016233087227947,0.1953089299061364,0.7333333333333333,31.146848502934684,0.7377294933250912,0.6854271439250244,inf,0.4255641481898858,2.8812582044923407,1.5442379933058417,0.02038297351764836,0.3326561247772345,90
-1.828869378793251,-0.4559763013336256,1.0,1.0,0.35378837649741723,63.65372540206209,0.998336276705785,0.21516436380227572,0.1794871794871795,0.6182849071970583,0.20075319150725804,0.19405724771707117,0.19529191196320655,0.20652870457493197,0.20075319150725807,0.7362637362637363,31.508036024036105,0.7379599030987192,0.6849409200559478,inf,0.4262767402673655,2.8803254761694403,1.5441071828240622,0.02036023803450313,0.3325518349637498,91
1.2201861252155748,0.8645694517581879,2.0,0.0,0.35749876317930884,65.28412636469639,0.9896357934377914,0.22082931005339815,0.1794871794871795,0.6218182737589281,0.20415995864280145,0.1975566730216387,0.19823077363194896,0.21045476970120774,0.20415995864280148,0.7391304347826086,31.879201851955447,0.7382204263298303,0.6843409865697676,inf,0.42698977799810856,2.8789869238115338,1.5438743955772878,0.020333473015778206,0.3323841101415346,92
-1.191606974418416,-1.0094403302029886,1.0,1.0,0.3615206310434151,67.67595919391788,0.9763200747962059,0.22627876894284416,0.18238993710691823,0.6231625892729813,0.2094696870224684,0.20300167804350597,0.20401703106375413,0.21522180714224762,0.20946968702246846,0.7419354838709677,32.26829704045504,0.7385137892978555,0.6836187544992803,inf,0.4276321225952469,2.8769471274070573,1.5438288634599322,0.020303466085578203,0.33216351598639665,93
1.2103820882251926,-0.2714882917105046,2.0,0.0,0.36256284625478674,68.30162949495981,0.9754487692345027,0.23182369378394052,0.18238993710691823,0.6266062190885137,0.21283020602222602,0.2064504219004819,0.2069130403261251,0.21909576543476086,0.21283020602222605,0.7446808510638298,32.65575222813789,0.7387989057641825,0.6828937706431472,inf,0.42826748781958246,2.875000166478765,1.5436821243687542,0.020272060915529685,0.331938150013653,94
-0.3092436452840291,-0.0093211201408063,2.0,0.0,0.3592573539225531,67.94191018264596,0.9818283174408523,0.23730011401863874,0.18238993710691823,0.6300585593963105,0.21610520713241216,0.20981041116714555,0.20972977804901904,0.22288039256430853,0.21610520713241216,0.7473684210526316,33.0311368872284,0.7390451960482479,0.682262106085166,inf,0.42890098451060615,2.8735541939195124,1.5434406890743764,0.020247948616517894,0.3317552468290378,95
-0.1719871274186801,1.6607808617106048,1.0,0.0,0.3593404114441126,68.34686134975689,0.9824236687858295,0.22208322536942876,0.17901234567901236,0.6235971208483639,0.2069225765390509,0.20061012768495098,0.2005108733341467,0.21375787700055757,0.2069225765390509,0.7395833333333334,33.402881355255005,0.739299008243321,0.6816364649068065,inf,0.42951153236944756,2.872274201882849,1.5431106383444007,0.020218455095809693,0.3315763856222789,96
-0.8092495317935151,-1.6600033115055732,1.0,1.0,0.3625585858926789,70.63566736681676,0.9786622340699414,0.2272997163962781,0.1818181818181818,0.6248149032455144,0.21205991585246545,0.20587276332403648,0.2061240540499949,0.21834779097742466,0.21205991585246545,0.7422680412371134,33.790722876208775,0.7395831511452615,0.6809274257708998,inf,0.43008743429056717,2.8703936348947585,1.542953671467188,0.020183627713236126,0.33135581924643703,97
-0.4366961261589961,-1.0288601206896328,1.0,1.0,0.3625644571589985,71.7289859370496,0.9801298107145793,0.2324665314448288,0.18452380952380953,0.6261530029204126,0.21703691220257168,0.2109690811487638,0.21158438920956146,0.22277789139146256,0.2170369122025717,0.7448979591836735,34.18183899023806,0.7398527607504722,0.6802386883972869,inf,0.4306170115563283,2.868417599329706,1.54296448995745,0.02014998742825967,0.33114853205192313,98
1.3084224581290134,0.8839892422448322,2.0,0.0,0.3657549594607929,73.42689194166046,0.9722439791536279,0.23772983154605193,0.18452380952380953,0.6293713508965371,0.22026095419462977,0.21427270474740928,0.21434553965946238,0.2265121371711585,0.22026095419462974,0.7474747474747475,34.58229871423217,0.7401519830548965,0.679459554028163,inf,0.431147023661111,2.8661313991048973,1.5428819930250628,0.02011332545806384,0.33089143216885675,99
-1.0249383455819208,-0.4656861965769477,2.0,1.0,0.3667099261858151,74.84937555481268,0.9677150946312191,0.22306459973363055,0.18128654970760236,0.6208537630823739,0.20006876697075807,0.1940064222342024,0.19516172995444175,0.20522892796428246,0.2000687669707581,0.74,34.98903686413702,0.7404474047153492,0.6786715654233367,inf,0.4316232470851207,2.863656008315902,1.5429598761900534,0.02007971965469535,0.3306344871963675,100
0.3476268330715699,0.9810881946780536,2.0,0.0,0.3697140849370826,76.1613271416661,0.9619356385594189,0.22819791364594683,0.18128654970760236,0.6240824435489356,0.20319488446533748,0.19720880361963344,0.19790010377165915,0.20878077552030944,0.2031948844653375,0.7425742574257426,35.400759766912316,0.740753494644182,0.6778390359894538,inf,0.43211270044644673,2.861043024209651,1.5429453598141372,0.020043292113325516,0.33034844963898774,101
0.8672407935618199,1.184995994787819,1.0,0.0,0.3728478450415813,77.8637021781422,0.9545626189239238,0.21423973549794328,0.17816091954022986,0.6181271273012395,0.19471659633447166,0.1887173861035424,0.18938140185479427,0.20036110770301022,0.19471659633447166,0.7352941176470589,35.82118493930073,0.7410846634606191,0.6769328311778373,inf,0.4326074092695286,2.8581758469173013,1.5428439297321683,0.02000411028975967,0.33002031918367164,102
-0.9661141236396282,-0.4365565108469812,2.0,1.0,0.37340606678497457,79.2023535838611,0.9512644905010872,0.2009191461693623,0.17514124293785313,0.6103042208230245,0.17729722695613445,0.17124624825669785,0.172857096456169,0.18197147589832202,0.1772972269561344,0.7281553398058253,36.246490514247405,0.7414095488645039,0.6760315304228506,inf,0.4330527324108837,2.8551880159713128,1.542893834364263,0.019968538612428918,0.32969873343465916,103
-2.0151460816105105,-1.0871194921495655,1.0,1.0,0.37794621437633114,82.51579472241889,0.9419065923432116,0.2057730598993012,0.17777777777777778,0.6115412729170319,0.18198585658469751,0.1760428876019237,0.1778628488438711,0.18630454992904452,0.1819858565846975,0.7307692307692307,36.695707059957805,0.7417770859471765,0.6750136322431589,inf,0.433480518289424,2.851505957709934,1.5430907082859768,0.019929604589158403,0.32931429619549024,104
-0.2994396082936471,-1.2424778160427203,1.0,1.0,0.3779041334321188,83.52153442418566,0.9460423733300138,0.21058688147295743,0.18032786885245902,0.612882852484301,0.1865467535701782,0.18070714613264377,0.18274836645077105,0.19050638960129562,0.1865467535701782,0.7333333333333333,37.145955399998456,0.7421232830477368,0.6740345290852807,inf,0.4338826600222764,2.847838565566912,1.54343035237475,0.019890166826688104,0.32894774277961303,105
0.1613501302543105,0.689791337378389,1.0,0.0,0.38020786246291394,84.58157804175038,0.9419804720627408,0.1978164776055813,0.17741935483870966,0.6074678739544859,0.17875524109074806,0.17290704543960997,0.1749243754802635,0.18275765653192774,0.17875524109074808,0.7264150943396226,37.59772323468181,0.7424681950726615,0.6730443452832419,inf,0.43430085547141534,2.8441718275295016,1.5436756257323763,0.019849682344044134,0.32856994775627346,106
-1.6229846019952274,0.7577606040816441,1.0,0.0,0.37179532843033475,81.33696897256162,0.9598114510800898,0.18565174168445384,0.17460317460317462,0.6024125656589567,0.17140119211413998,0.165547016915616,0.16755098786044456,0.17543250818011344,0.17140119211414,0.719626168224299,38.01035762843539,0.7427300720936121,0.6722898098220191,inf,0.4346574391852094,2.841720238516085,1.5438317754694164,0.019814753295511855,0.32832333117569973,107
0.2986066481196595,0.0198085655891601,1.0,0.0,0.37255540400936055,81.8728831573271,0.9590656595403212,0.17406357826339566,0.171875,0.597699956744289,0.164451118818653,0.1585932912964266,0.16059301816884325,0.16849915724186615,0.164451118818653,0.7129629629629629,38.42028777356522,0.7429948831262375,0.6715496248118131,inf,0.4350272928425101,2.839383754126084,1.5439037406626641,0.019781999662137697,0.3280788255762811,108
1.367246680071306,0.816019975541577,2.0,0.0,0.375280465231062,83.5716530131973,0.9523939045093501,0.178753785880173,0.171875,0.6005401342663895,0.16737094208227563,0.16158224035015625,0.16316668388418834,0.17179758977800544,0.16737094208227563,0.7155963302752294,38.838355970228484,0.7432880861188179,0.6707423878055554,inf,0.43539848292561706,2.836826810360324,1.5438961730157594,0.019746737482330246,0.32779761918845235,109
-1.946517822677836,-1.8542012163720163,1.0,1.0,0.3798606540423604,87.29783935341175,0.9439715406655691,0.18326917737612305,0.17435897435897438,0.6017432953048323,0.17163701971639791,0.1659433426909181,0.16775745025758698,0.17570027545565595,0.17163701971639791,0.7181818181818181,39.282938386587965,0.7436238568235892,0.6698172722819227,inf,0.4357803965649119,2.8335310033747527,1.5440204952681003,0.019711940005069664,0.3274471528046465,110
-2.72103674491802,0.1169075180223817,1.0,1.0,0.3804074920550058,88.28459042014147,0.9471001162740141,0.1877599407992424,0.17676767676767677,0.6030422537089294,0.17579592272612116,0.17019346621860074,0.17224866715618461,0.1794923533617567,0.17579592272612116,0.7207207207207207,39.72840795052936,0.7439312575991229,0.6689644510603512,inf,0.4362308584771067,2.830249526741931,1.544273142827815,0.019671719833831293,0.32711337902651305,111
1.5339153089078013,-0.9997304349596664,2.0,0.0,0.3773529544149321,87.24789034711307,0.9536006670791436,0.19235182641653772,0.17676767676767677,0.6057603091980192,0.17872322439097552,0.1731866058149264,0.1748283909517036,0.18279555050916232,0.1787232243909755,0.7232142857142857,40.15651139554363,0.7442037657835593,0.6682007989010534,inf,0.43663902397115517,2.827493289368721,1.544443639072411,0.019632320605326704,0.32683106538245216,112
-2.5053479311296143,-2.087238702211748,1.0,1.0,0.3816160951700739,90.94440383729705,0.946066506439985,0.1967842961803031,0.1791044776119403,0.6070765401830861,0.18281118470441557,0.1773616822793953,0.17925351872210318,0.18651292907041575,0.18281118470441554,0.7256637168141593,40.60997472091643,0.744518904508421,0.6673425859078963,inf,0.43710332941160496,2.824073453112771,1.5447375399346752,0.019597957015487246,0.32648487093736234,113
-0.3876759412070857,-0.6501742062000687,2.0,1.0,0.3792865147493993,91.25360555731972,0.9510278849782681,0.1854348605600731,0.17647058823529413,0.6003003863027676,0.16779575973106511,0.16230926026781775,0.1647815965217782,0.17092224690650748,0.16779575973106514,0.7192982456140351,41.05814844513239,0.74479947253125,0.666549570350616,inf,0.43753936932546067,2.820833313420468,1.5451515979246688,0.0195687186044218,0.3261725189658454,114
2.808440117657471,0.6703715468917447,2.0,0.0,0.3779218735725283,91.56677532979496,0.9473442388575225,0.18988670564126617,0.17647058823529413,0.6029609617684831,0.1706557068605571,0.1652317662887863,0.16734282919458562,0.17410240348248643,0.1706557068605571,0.7217391304347827,41.501206575699605,0.7450903756853574,0.6657553337720566,inf,0.4379037693521036,2.817766451047749,1.5454814712651648,0.019538204550312705,0.325871119826684,115
1.6809758637635324,0.6606616516484225,2.0,0.0,0.38001927760344806,93.24685852323589,0.94180250675684,0.19430543572044867,0.17647058823529413,0.6056428482167988,0.17345827892185936,0.1680949973549442,0.16984823663298518,0.1772251131607289,0.17345827892185936,0.7241379310344828,41.95116876654775,0.7453901568671296,0.6649103196705264,inf,0.43826328435152584,2.814554003949255,1.5457314571450653,0.019505486447143495,0.3255432007279139,116
0.4358631659850086,0.136327308509026,2.0,0.0,0.3816276728973046,94.11610090126857,0.9391261432691435,0.1986896969924295,0.17647058823529413,0.6083424540635015,0.1762051953774115,0.17090075977222738,0.17229970701412023,0.18029184007110427,0.17620519537741153,0.7264957264957265,42.40086645736431,0.7456817425241209,0.6640663148618356,inf,0.43863620239769646,2.8113850820898496,1.5459056194622012,0.019473663641851647,0.32521126417417223,117
-1.9171057117066896,0.1460372037523482,1.0,1.0,0.38140284338262603,95.1959761064967,0.9414871853864724,0.2029495771537668,0.17874396135265702,0.6095393632880264,0.18022101269086485,0.17499778755003104,0.17659764827310012,0.18399617735790713,0.18022101269086482,0.7288135593220338,42.85210671077569,0.745967154390203,0.6632562484895485,inf,0.43901115435805776,2.8082129864772742,1.5461929199615632,0.019442370977022675,0.3248915252061059,118
-1.887693600735544,-1.0871194921495655,1.0,1.0,0.38511791854480876,98.39360990875335,0.9331849184465221,0.20718113140752065,0.18095238095238095,0.6108144501477207,0.18414185719686843,0.1789968196404806,0.18080592389051944,0.18760320270375652,0.18414185719686846,0.7310924369747899,43.322797415843304,0.7462804244202093,0.6623646128413003,inf,0.4393609723232431,2.8045994590353653,1.5465905064200702,0.019408477380740582,0.3245308555716268,119
0.1907622412254567,1.000507985164698,2.0,0.0,0.387182733454367,99.59887077479584,0.9300507461415131,0.211471513228735,0.18095238095238095,0.6134001811163966,0.18689188295370754,0.18180309081235507,0.18325989695981085,0.190670742806894,0.18689188295370757,0.7333333333333333,43.7957055953303,0.7465905664524326,0.6614600898121661,inf,0.4397207372670525,2.800973670011318,1.5469105050652705,0.019373035200417936,0.32416028428040894,120
0.2986066481196595,-0.5530752537668472,1.0,0.0,0.3844959029548201,99.20548236748677,0.9349298814741672,0.20026219120840105,0.1784037558685446,0.6086445622249685,0.18004388820181727,0.17494824625418295,0.17638365516757484,0.18385925139385173,0.1800438882018173,0.7272727272727273,44.25745373509827,0.7468781495532154,0.6606126646377256,inf,0.4400787749051292,2.797652077386106,1.5471567162263498,0.019342733703095506,0.3238172813795338,121
0.484883350936919,-0.4559763013336256,1.0,0.0,0.3834737509884543,99.24343670011272,0.9376710112846959,0.1895185926688634,0.17592592592592593,0.6041654943592918,0.17353421298837293,0.16843349373122263,0.16985552132333337,0.17737577660606993,0.17353421298837293,0.7213114754098361,44.71188334637938,0.7471551820324371,0.6598022830656622,inf,0.4404386759795092,2.7945426008465595,1.547332742159882,0.01931572431115915,0.3234909792255541,122
0.4260591289946265,-0.4753960918202699,1.0,0.0,0.38227931585892777,99.2042222770179,0.9407123951849232,0.17922110173674144,0.1735159817351598,0.5999515481593192,0.1673399856347089,0.16223579322745602,0.16365151098483996,0.1711985601470765,0.16733998563470887,0.7154471544715447,45.15854186220428,0.7474195197698713,0.6590312150339317,inf,0.44079988369893086,2.791655362625468,1.5474419988872417,0.019292217007935805,0.32318257682924145,123
-0.4366961261589961,1.6607808617106048,2.0,0.0,0.3813701446529115,99.06506630256486,0.9437287844077821,0.18333600455283064,0.1735159817351598,0.6024202097975863,0.16993460595710808,0.16488372143177793,0.1659430494540034,0.17412291919307363,0.16993460595710808,0.717741935483871,45.59680628854868,0.7476756196307429,0.6582949033855459,inf,0.4411432713077171,2.789005139343952,1.547487727218523,0.019265611932462567,0.32289380271799073,124
0.1417420562735463,-1.815361635398728,1.0,1.0,0.37976570407761784,98.84692717058891,0.9550627275133506,0.18731169600034514,0.17567567567567566,0.6035234348319729,0.1736603140776003,0.16868170685416178,0.1699556755388874,0.17753005650919906,0.17366031407760033,0.72,46.02624274727481,0.7479037464156777,0.6576579515102733,inf,0.44151126374115085,2.7866026700928113,1.547635287999068,0.019236037370351185,0.3226462839907108,125
-0.3386557562551754,1.301514737707685,2.0,0.0,0.379823716227213,99.15821347819826,0.9565406542127562,0.19137456531169164,0.17567567567567566,0.6059538254504822,0.17623353388891716,0.17130636564651128,0.17222612029974302,0.1804318818157608,0.1762335338889172,0.7222222222222222,46.4512985131222,0.7481235432363827,0.6570380458242177,inf,0.44187386586809324,2.784336407088356,1.5477199716743395,0.0192046197245481,0.32240676575846433,126
0.2888026111292774,-0.2714882917105046,2.0,0.0,0.3792527711325699,99.30645173099641,0.9584536387649083,0.1954089325803852,0.17567567567567566,0.6084007367734611,0.17875917749818343,0.17388202430270627,0.17445081344398852,0.183285735199996,0.17875917749818346,0.7244094488188977,46.8707838561212,0.7483320799004447,0.656446116986625,inf,0.44224101029153073,2.782235016472368,1.5477447649857425,0.019176095824881036,0.3221786471385258,127
0.5927277578311219,0.2237163656989254,2.0,0.0,0.3814343406768016,100.42193706916694,0.9543042671100347,0.19941377299390461,0.17567567567567566,0.6108614893237436,0.18123857667633952,0.1764100741025373,0.17663120296862747,0.18609275215068724,0.18123857667633952,0.7265625,47.29244647984597,0.7485473041982564,0.6558402656508254,inf,0.44261907921090926,2.780103585571332,1.5477125061640007,0.01914740012285958,0.3219393180498197,128
-0.799445494803133,-1.4463856161524855,1.0,1.0,0.3833544074325019,102.53204676735412,0.950781374628196,0.20329562029408285,0.17777777777777778,0.6118720583338222,0.18495752877376728,0.1801976953936884,0.18063867475878825,0.18948795854834058,0.18495752877376728,0.7286821705426356,47.72400585709212,0.7487748725285049,0.6552040971538922,inf,0.4429713203218363,2.7777560713983047,1.54777645041711,0.019116662538326206,0.3216870360305931,129
-0.6425809029570198,0.4761736420253015,1.0,0.0,0.3811443233586508,102.00429069977056,0.9560499785775364,0.19312107022863567,0.17543859649122806,0.6076542954031326,0.17882947250312212,0.17406463520696033,0.17449663851851582,0.18338295799924792,0.17882947250312212,0.7230769230769231,48.14478325897335,0.7489779477104707,0.6546207525554856,inf,0.4433195332579507,2.7756940889213246,1.5477838206129866,0.019088113648309445,0.3214606252170675,130
1.1809699772540465,1.175286099544497,2.0,0.0,0.3833084862071702,103.83293795804678,0.9504505279205243,0.19703274934411644,0.17543859649122806,0.6100358307632839,0.18125940553628966,0.17654122785949625,0.1766259418169396,0.186142519545885,0.1812594055362897,0.7251908396946565,48.57315367973545,0.749204202216423,0.6539893261174695,inf,0.4436671973407134,2.7734732230921035,1.5477372416406325,0.01905836288010638,0.3212084367851553,131
-2.113186451514331,0.7674704993249662,1.0,1.0,0.3808098641781178,103.16114813767972,0.9606745693279096,0.20081791019195888,0.17748917748917747,0.611027101342601,0.1848732738912014,0.18022044044107563,0.18053051787554797,0.1894301143541786,0.1848732738912014,0.7272727272727273,48.989855927506014,0.749390675565596,0.6534768130973858,inf,0.444061251433389,2.771555461379017,1.5477826425979433,0.019030879018412054,0.3210033698285991,132
0.2888026111292774,0.7966001850549328,2.0,0.0,0.38307327483863135,104.39247048681207,0.9566553684688002,0.20467889788285756,0.17748917748917747,0.6133709600913275,0.18728282957952283,0.1826751003079102,0.182640199185548,0.1921676432473636,0.18728282957952283,0.7293233082706767,49.40957270447045,0.7495817619045732,0.6529457030934619,inf,0.444464273276534,2.769587071085732,1.547774517883341,0.019002410759241733,0.3207852556655913,133
-1.4269038621875858,-0.4948158823069142,1.0,1.0,0.38474018435775154,106.38843047598125,0.951362841611503,0.20841928638404975,0.1794871794871795,0.6143770517043291,0.19084067003140068,0.18629576280429117,0.1864922826417186,0.19539667868518912,0.19084067003140065,0.7313432835820896,49.8379851689179,0.7497825842258988,0.6523870536207645,inf,0.44483773482727096,2.7674369648333497,1.5478553559398882,0.018973853045425263,0.3205571162747453,134
-1.2308231223799444,0.3984944800787243,1.0,0.0,0.3785794467334551,104.26092891944833,0.9625204171343968,0.1984606672950821,0.1772151898734177,0.6102450298791984,0.18484298316915518,0.18029256913083883,0.18048112972756622,0.1894208920686942,0.18484298316915518,0.725925925925926,50.24412654019053,0.7499416148225009,0.6519353152485375,inf,0.44518686516648664,2.765835885771913,1.5478831237947048,0.018950048627172256,0.3203861425615569,135
1.8574485295904093,2.622060490799498,2.0,0.0,0.37689632894417224,104.54000864810945,0.9581065758443505,0.2022353128180552,0.1772151898734177,0.6125164964650461,0.18720562660285783,0.18269853672328648,0.18254259564195877,0.1921131359869112,0.1872056266028578,0.7279411764705882,50.64631825950845,0.7501200498635611,0.6514722049154774,inf,0.44547517485977295,2.7643489439828848,1.5478601895834185,0.018931905124632,0.3202215216270144,136
-0.3582638302359395,-1.1745085493394651,2.0,1.0,0.37664350611777164,105.44138020334067,0.9607349657168832,0.19264063160862824,0.17500000000000002,0.6067841951112997,0.17414653226871496,0.1696108285104478,0.1700810679342527,0.17841111042014865,0.17414653226871496,0.7226277372262774,51.04922312674251,0.7502827006246914,0.6510302790660307,inf,0.44574726969337647,2.7628621962776645,1.547922465411543,0.018914027608435934,0.3200680224876247,137
-0.3484597932455575,-0.9026314825264448,1.0,1.0,0.37559315054953146,106.05538468932414,0.9639205878046627,0.19625591574655876,0.17695473251028807,0.6077733151296801,0.17756351883522892,0.1730870378575378,0.17375162618059264,0.18154641947380143,0.17756351883522892,0.7246376811594203,51.45072795566646,0.7504346279398181,0.6506191847394227,inf,0.44600154664841657,2.761426221585968,1.5480680988869175,0.018898074687042583,0.31993076925101444,138
0.2789985741388954,-2.572733464377856,1.0,1.0,0.3750291541589679,105.47326749959943,0.9759655265234537,0.19985228346341674,0.17886178861788618,0.6088210172755174,0.18091133620088812,0.17649219003636396,0.17735731114632824,0.184610710568139,0.1809113362008881,0.7266187050359713,51.842195633521044,0.7505574292063131,0.650318491960935,inf,0.44631797850078236,2.7602491599544074,1.5482952909236303,0.0188767012449555,0.3198335988056118,139
0.612335831811886,0.3499450038621135,2.0,0.0,0.3772427535277424,106.68214206771418,0.9713051018813047,0.2035110369751773,0.17886178861788618,0.6110068009948108,0.1832535616590963,0.17887573417475833,0.17943243854673258,0.18724097225474345,0.1832535616590963,0.7285714285714285,52.236727622256254,0.7506823989620757,0.64999738140738,inf,0.4466448979575961,2.7590125563481527,1.5484686397350427,0.01885475315127047,0.31972276693815344,140
-0.8680737537358075,-0.3977169298736926,2.0,1.0,0.37661292119569073,107.599939917637,0.9709302154486754,0.19414839183357005,0.17670682730923695,0.6054897690954429,0.17122741275667538,0.16682546527241002,0.16788766849074133,0.1747027271528847,0.17122741275667538,0.723404255319149,52.63217913865183,0.7508037031848033,0.6496877479438586,inf,0.4469475212333074,2.757768811731132,1.5487210492219925,0.01883550584323789,0.31962023230192793,141
-0.0543386835340951,-1.815361635398728,1.0,1.0,0.3764559413782175,108.22160924702098,0.9766553651750849,0.19766988568854155,0.17857142857142858,0.6065471180068731,0.17448534854328054,0.17013804727016146,0.17137018418590133,0.177715864573179,0.17448534854328057,0.7253521126760564,53.02643041601615,0.7509164679600349,0.6494118875323677,inf,0.4472564395824697,2.7565682119888204,1.5490508490885173,0.01881416449056434,0.3195312624757967,142
-0.034730609553331,0.5538528039718789,2.0,0.0,0.37751844020967373,108.91089052286702,0.9756023242067917,0.20124056994869505,0.17857142857142858,0.6086948796763516,0.17678518292104403,0.17247757413946796,0.17343379790176947,0.1802686425194249,0.17678518292104403,0.7272727272727273,53.41998295197989,0.7510252736230509,0.6491359759604887,inf,0.44757339796318907,2.755398313588442,1.5493257992502936,0.018792913168370458,0.3194395949728499,143
-0.4563042001397603,-0.0870002820873835,1.0,0.0,0.37397836953030594,108.18981184852035,0.9815253310350124,0.192127425167591,0.17647058823529413,0.60485209961806,0.17122075539251239,0.16690956747815094,0.1678483150922253,0.1747314938303639,0.1712207553925124,0.7222222222222222,53.802988748459185,0.7511154724035687,0.6489112196698971,inf,0.4478879057016979,2.754492881680682,1.5495481634937807,0.018775590275853512,0.31937289250879786,144
0.4946873879273011,0.4373340610520129,2.0,0.0,0.37618097282886087,109.39158734531215,0.9763985314631084,0.19564140663694898,0.17647058823529413,0.6069810870106488,0.1734582789218587,0.16918554514128106,0.1698482366329845,0.1772251131607282,0.17345827892185867,0.7241379310344828,54.189020683159555,0.7512159649748504,0.6486663875834872,inf,0.4482125712664497,2.753527142116838,1.5497201060444004,0.018757645169459807,0.3192928482367695,145
-0.2406153863513546,0.1460372037523482,1.0,0.0,0.3753681169798445,109.38042902616357,0.9789295288164513,0.18681431930820616,0.1744186046511628,0.6032974163461362,0.16810218411842953,0.16382660362899637,0.16447562654127723,0.1718922728859717,0.16810218411842953,0.7191780821917808,54.5696510855251,0.7513056590019258,0.6484461112202844,inf,0.4485405653790253,2.752701697053139,1.5498436965962752,0.018741648952625787,0.3192231426019367,146
0.4162550920042445,0.1557470989956703,2.0,0.0,0.37694707740195105,110.22702861158426,0.97654762058681,0.19027232811494502,0.1744186046511628,0.6054066651843986,0.1702799318130059,0.16604162679934767,0.166414740620095,0.17432894022362552,0.1702799318130059,0.7210884353741497,54.95086600008715,0.7513992167458398,0.6482191205678698,inf,0.4488768191948986,2.7518733430709355,1.5499209150492195,0.018725822087350418,0.3191470119633542,147
-0.8092495317935151,0.4179142705653686,2.0,0.0,0.37416241039532755,109.39364756720212,0.9827777213660941,0.1937093230848365,0.1744186046511628,0.6075268258218658,0.17242374012161749,0.16822183658533976,0.16832100217792798,0.176731479119399,0.17242374012161749,0.722972972972973,55.32122505836685,0.751474284448081,0.6480428388574785,inf,0.4492058505370692,2.7513151393897823,1.5499536559724332,0.018712214239262635,0.31909643322465203,148
1.112341718321372,0.136327308509026,2.0,0.0,0.37577579704703956,110.5500217860852,0.9800057147269738,0.19712467358351576,0.1744186046511628,0.609656249940564,0.1745344033927905,0.17036805831650395,0.17019527952214328,0.17910056732584437,0.1745344033927905,0.7248322147651006,55.6943926038244,0.7515607614702767,0.6478451612163373,inf,0.44953802978780305,2.750698457904099,1.549943732812895,0.01869747086800386,0.3190330602998787,149
-0.6229728289762556,-0.1549695487906387,1.0,0.0,0.37124502712894114,109.46997529912821,0.9871736736913268,0.18850356842115373,0.1724137931034483,0.6060615410199166,0.16932790583738022,0.16515888995257194,0.16497320487363162,0.17391873676152636,0.16932790583738022,0.72,56.0553025547996,0.7516233560714904,0.6477062975999753,inf,0.4498635429965877,2.750386719930399,1.5498928818650997,0.018687122429636358,0.31899922135057013,150
0.0633097603504897,0.990798089921376,1.0,0.0,0.3728682146523572,110.48653022393054,0.9849340979412439,0.18017561753032763,0.17045454545454544,0.6026399940447174,0.16432886235654043,0.16015802395696574,0.15996546205295012,0.16893698001149904,0.16432886235654046,0.7152317880794702,56.41817740592714,0.7516956626344413,0.6475511951100906,inf,0.45019360206578085,2.7500342340958253,1.549802766017577,0.018675517911252257,0.31895478410516853,151
-0.1425750164475338,0.7383408135949998,2.0,0.0,0.37397428304541597,111.14130729940635,0.9842346363031121,0.1835046604950959,0.17045454545454544,0.6047172972417333,0.16636325894707252,0.16222671010288287,0.16176112075865925,0.17123492898863052,0.1663632589470725,0.7171052631578947,56.780582239658784,0.7517669650477514,0.6473937552727254,inf,0.45051545905132573,2.7497002353977154,1.5496749782904937,0.018663444459246562,0.31890670683993905,152
-1.5445523060721709,-1.941590273561916,1.0,1.0,0.37705198178199156,114.52665922484977,0.9776475772697067,0.18674060663342287,0.17228464419475656,0.6054711311114491,0.1695219868048737,0.16543527919108414,0.16513918480184536,0.17414377096292838,0.1695219868048737,0.7189542483660131,57.16049064087715,0.7518654671198642,0.6471637477667311,inf,0.45083322152596794,2.748963244459793,1.549616241895467,0.018650168181870947,0.3188220077335544,153
-0.0445346465437131,-1.9124605878319487,1.0,1.0,0.37718692849024715,115.26429306847771,0.9829130018609317,0.18996120981872114,0.17407407407407408,0.6062764778013491,0.17262282351859567,0.16858449695343283,0.16846384239239762,0.17699235378953324,0.17262282351859567,0.7207792207792207,57.54025405543663,0.7519522809336586,0.646961115668753,inf,0.4511267786172841,2.7482389178572615,1.5496252116766775,0.018634561760002454,0.3187480690523486,154
0.3084106851100416,0.1751668894823146,2.0,0.0,0.3786163447811425,116.04931818402443,0.9809306182449141,0.1932427665985795,0.17407407407407408,0.6082908564985368,0.17466307109462015,0.17065786758424195,0.17026465667450666,0.17929475841159462,0.17466307109462018,0.7225806451612903,57.9201830432846,0.7520367275486616,0.6467545717148988,inf,0.4513975271085784,2.7475200214639846,1.5495953804741427,0.018619229011144434,0.3186693037625623,155
-0.671993013928166,-0.4268466156036591,1.0,1.0,0.3768570563438013,116.6178871445501,0.9823952745277552,0.19643335657365205,0.17582417582417584,0.6091095298958141,0.17772478047313078,0.17376636660661268,0.17355335964569785,0.18210166301437977,0.17772478047313076,0.7243589743589743,58.29887790845406,0.7521158678065628,0.6465685061769911,inf,0.4516891302891572,2.7468378692277287,1.5496313425026187,0.018607000301390623,0.3186036845486475,156
0.5339035358888294,0.5150132229985902,2.0,0.0,0.3790839658378235,117.9253802788482,0.9774977263391235,0.19968044754621825,0.17582417582417584,0.6110973033831009,0.1797516176974855,0.17582540118758888,0.17534112005307156,0.18438972218258445,0.17975161769748552,0.7261146496815286,58.68109907749504,0.7522013935697734,0.6463614195245634,inf,0.45195691382851466,2.7460859146955516,1.549628769034966,0.018593967111635967,0.31852460433960766,157
1.524111271917419,0.0780679370490931,2.0,0.0,0.3799092095995296,118.92767386077512,0.9757690881378513,0.2029076838343855,0.17582417582417584,0.6130931125026357,0.18174847806568079,0.17785375255733524,0.17710018039651093,0.1866473577624806,0.18174847806568079,0.7278481012658228,59.06483522261148,0.7522928932377957,0.6461386474951085,inf,0.452222464789573,2.745309695126943,1.5495891484855202,0.018579449657535687,0.3184374756143817,158
-0.1425750164475338,-0.2132289202505716,2.0,0.0,0.3780998616748394,118.60937969057389,0.9793883751618708,0.20611459695770892,0.17582417582417584,0.6150956589377757,0.18371603749534643,0.17985212010702478,0.17883126747559092,0.18887515599000534,0.1837160374953464,0.7295597484276729,59.44169942810492,0.7523698912861162,0.6459454243377737,inf,0.45247746604497874,2.744693567711547,1.5495139094885364,0.018567563735472213,0.3183637525537264,159
0.5927277578311219,-0.5919148347401357,1.0,0.0,0.37699624678342636,118.41892565493991,0.9824037297235542,0.19780127231081107,0.17391304347826086,0.6116216376204491,0.17870466457324052,0.17483747220308032,0.17380502883459267,0.18388855920891245,0.17870466457324052,0.725,59.81262537921709,0.752440948702185,0.645775621761727,inf,0.4527273551305893,2.744217310248344,1.5494044236367512,0.01855733290764893,0.3183010788173325,160
0.3476268330715699,0.2042965752122811,1.0,0.0,0.3785898180083038,119.27196387682415,0.9799971684585582,0.18975053027946095,0.17204301075268816,0.6083018317909329,0.17387896351345536,0.17000922408452762,0.16897086223219426,0.17908072629410235,0.1738789635134554,0.7204968944099379,60.18424624482712,0.7525148450048941,0.645599369476516,inf,0.4529561234010172,2.7437325791364713,1.5492620080758959,0.018547128981801546,0.3182323521384605,161
0.0731137973408718,-0.3006179774404711,2.0,0.0,0.3774917590064072,119.13863775400844,0.9827104698777518,0.19288506229747368,0.17204301075268816,0.6102597886374217,0.17578129383469984,0.1719413519204826,0.17063489031751738,0.18124778571178882,0.17578129383469981,0.7222222222222222,60.55042258960465,0.7525798153809515,0.6454457165540712,inf,0.4531736936294267,2.7433758745769143,1.5490879279637906,0.01853904864416598,0.31817334385132023,162
0.0535057233601076,-1.2133481303127538,1.0,1.0,0.37568514087137334,119.21526308412088,0.9891048485500555,0.19593366452990424,0.17375886524822695,0.610943462706407,0.17878728391401255,0.17499136450905003,0.17386546724834734,0.18399587405955548,0.17878728391401255,0.7239263803680982,60.91255123463253,0.7526355506418536,0.6453330360905384,inf,0.4533891852436369,2.7431158779848444,1.548974973893646,0.018531995662344897,0.31813480765298474,163
-0.1523790534379159,0.8063100802982549,1.0,0.0,0.37671646600846614,119.89806605513121,0.9885371377281347,0.18807380035478227,0.17192982456140352,0.6077229454173256,0.17408742431829036,0.17028911038095992,0.169160019774202,0.179310498702466,0.17408742431829036,0.7195121951219512,61.274425558684676,0.7526911490303068,0.6452169686932583,inf,0.4535903932676055,2.742866973019327,1.548830452614583,0.018524293210370482,0.3180925959205281,164
-0.5641486070339632,-1.3298668732326198,1.0,1.0,0.37772857296759715,121.58849341281685,0.9861854567863881,0.19107353614813524,0.17361111111111113,0.6084288542505449,0.1770095983730349,0.17325375251111205,0.17230910975945365,0.18197373205517356,0.17700959837303493,0.7212121212121212,61.64219426511231,0.7527538132975685,0.6450833873462214,inf,0.45381183872369973,2.7424930808369115,1.5487454031663195,0.018515750835095563,0.31804487453683195,165
-0.4661082371301424,0.136327308509026,1.0,0.0,0.3762846195454252,121.24222391333907,0.9898625403258644,0.18342204471949372,0.17182130584192437,0.605327976678105,0.17244647559536086,0.16868853663150257,0.16774397744494354,0.17742023586815786,0.17244647559536083,0.7168674698795181,62.00340656601065,0.7528036301455868,0.6449770569351174,inf,0.45402536217360867,2.742269195645734,1.5486289034970742,0.018509066326363063,0.3180096557664694,166
0.5829237208407397,1.0976069375979196,2.0,0.0,0.3781762905829715,122.78453550173772,0.9858975300110938,0.18646097593413435,0.17182130584192437,0.607179943369145,0.1743173093589014,0.1705878775001574,0.16937375406634006,0.1795581183081859,0.1743173093589014,0.718562874251497,62.369557945141544,0.7528668702591569,0.6448411268636851,inf,0.4542248333911665,2.7419420440385056,1.5484821219538218,0.018501084030512035,0.31795776843344375,167
1.5535233828885653,-1.281317397016009,2.0,0.0,0.3749837549878357,121.01670525478083,0.9923674648633287,0.18948336826864356,0.17182130584192437,0.6090399065617006,0.1761622705854452,0.1724607589371397,0.17097887931893593,0.18166976651049896,0.1761622705854452,0.7202380952380952,62.72073846795375,0.7529104209084271,0.6447617878368208,inf,0.45446416479805035,2.7419508586337877,1.5483061824051567,0.01849342485850512,0.3179397683286113,168
0.2789985741388954,0.2528460514288919,2.0,0.0,0.3765307546829017,121.84465611306872,0.9899640773194245,0.19248877597204475,0.17182130584192437,0.6109067568199582,0.17798190439644831,0.17430774440400756,0.17255994317820908,0.18375564278834194,0.17798190439644834,0.7218934911242604,63.07266654917468,0.752956038964883,0.6446753678383285,inf,0.45468404242427807,2.7419463879373627,1.5481021661650007,0.018485735368231844,0.3179155351226846,169
-0.1229669424667697,0.136327308509026,1.0,0.0,0.37667526646900956,122.06656897539855,0.9909541970336861,0.18499328202586351,0.17006802721088435,0.6078675250919321,0.17352671849044096,0.1698505789157707,0.16810487356224013,0.1793099582447928,0.17352671849044096,0.7176470588235294,63.421742894891985,0.7529971358391808,0.6445991068420973,inf,0.45488954256139924,2.742009035148004,1.5478711138209547,0.018479033435979036,0.31789432795808403,170
0.7888084976387634,-0.1258398630606722,2.0,0.0,0.3776533600776685,122.79016474317176,0.9899999358937172,0.18795701562092806,0.17006802721088435,0.6097162519465722,0.17530540672595094,0.1716559221142729,0.1696453217694525,0.18135621663229742,0.17530540672595094,0.7192982456140351,63.770968905764214,0.7530412617703542,0.6445173692489373,inf,0.4550818405366613,2.7420713417386633,1.5476140269726628,0.01847214050205708,0.3178684933053343,171
0.8770448305522021,1.4374532711141952,2.0,0.0,0.3788724601425273,124.33678617888073,0.986297670124392,0.190903911786473,0.17006802721088435,0.6115705685956169,0.17706027364059576,0.1734369154051195,0.1711632343047087,0.1833781500743002,0.17706027364059576,0.7209302325581395,64.12515497168887,0.7530982579413332,0.6444030255131454,inf,0.455271230054852,2.7420273717907997,1.547331869885245,0.0184643039788699,0.31782606918898837,172
-0.7406212728608406,-1.5434845685857073,1.0,1.0,0.3805398221432453,126.59241573243253,0.9824247064123988,0.1937671848757559,0.1717171717171717,0.612132353837849,0.17994559784628686,0.17636216825809284,0.17427140090608131,0.18600172888929947,0.17994559784628691,0.7225433526011561,64.48833672029785,0.7531627961784024,0.644257938557365,inf,0.4554783743292772,2.7417935930267032,1.547104584968945,0.018455030538438427,0.31777129472151927,173
1.1025376813309895,-0.8637919015531562,1.0,0.0,0.37892743672457885,126.01289243943847,0.9861170128887684,0.1864140731233092,0.17,0.6091547598045122,0.17558140205561645,0.17199595693556244,0.16990860720281264,0.18164607978684405,0.17558140205561643,0.7183908045977011,64.8439699903507,0.7532161106432584,0.6441390154224611,inf,0.45569491856368866,2.7417251206892517,1.5468522122453998,0.01844635189536394,0.3177309922579882,174
-1.838673415783633,-0.3782971393870483,1.0,1.0,0.37995678074910527,127.94649314074256,0.9840612360772143,0.18923280736664902,0.1716171617161716,0.6097378051748834,0.17839017795476148,0.1748433145218192,0.1729422652580818,0.18419248770778088,0.17839017795476148,0.72,65.20662816937593,0.7532774556941945,0.644002728539092,inf,0.45591611088418327,2.741511008223491,1.546653292681679,0.018436635603926735,0.3176829447087032,175
0.2201743521966029,0.9810881946780536,2.0,0.0,0.3815919291316996,129.12839834753782,0.9814825819084679,0.19211958702538368,0.1716171617161716,0.6115213565711743,0.18013374436842647,0.17661207440093057,0.17444755252449456,0.18620311370696502,0.18013374436842644,0.7215909090909091,65.57189542753684,0.7533419474752683,0.6438502771199703,inf,0.4561231615167343,2.7412466956539108,1.5464292874468135,0.018425923307671028,0.3176249002876718,176
-0.0641427205244772,-1.9513001688052376,1.0,1.0,0.38189600124580597,130.04290219043062,0.9854565084458927,0.1949158509406989,0.173202614379085,0.6121186947607072,0.18290897166191242,0.17942473455311317,0.17745059127916135,0.18871380862252268,0.18290897166191245,0.7231638418079096,65.93820796596238,0.7534019410593245,0.6437152441992452,inf,0.45631288144350085,2.7409651859526503,1.5462573722701076,0.01841333383464974,0.3175733274946605,177
-0.2406153863513546,-0.727853368146646,1.0,1.0,0.3796736078530468,130.2620119409371,0.9891180583173008,0.19770014554563006,0.17475728155339806,0.6127550712070614,0.18563830250339958,0.18219052997423726,0.1804111902039022,0.19117734615326165,0.1856383025033996,0.7247191011235955,66.30161928785489,0.7534521320078512,0.6436072102202602,inf,0.4565143139122665,2.740747662405038,1.5461366692292333,0.01840333360739259,0.3175371202429079,178
-1.5445523060721709,-0.7084335776600017,1.0,1.0,0.381239878423513,132.55495607868693,0.9841621172061348,0.2004727966619815,0.1762820512820513,0.6134290875909869,0.18832285003545918,0.18491061115678678,0.1833301362324905,0.19359511471203325,0.18832285003545918,0.7262569832402235,66.67382904510676,0.7535131185868318,0.64346868098297,inf,0.4567335893120374,2.740355722679196,1.5460663200202376,0.01839248682596395,0.3174883577814436,179
-0.917093938687718,0.816019975541577,1.0,0.0,0.3794689123764015,131.7402811320222,0.9889741616048007,0.19319204017281863,0.17460317460317462,0.6104735412212245,0.1839840713855237,0.18056916400906659,0.17898966027586705,0.18926520460341945,0.1839840713855237,0.7222222222222222,67.0373287774359,0.753560617793111,0.6433617847972758,inf,0.45695925307398,2.7401442277057186,1.545969207761941,0.018381967734209182,0.317456323055447,180
-0.8876818277165717,-1.9124605878319487,1.0,1.0,0.3814653473426044,134.39224035272164,0.9852521504358795,0.19592656145086576,0.1761006289308176,0.6111646406499647,0.1866012392926552,0.18322074272544148,0.18184272843473342,0.19161548638607903,0.18660123929265524,0.7237569060773481,67.41152273063193,0.7536231381791106,0.6432194272902001,inf,0.45718907826294974,2.739722681002891,1.5459212108444762,0.018369947068213006,0.31740726567201066,181
0.729984275696471,1.981207404740236,2.0,0.0,0.38167943287852263,135.60749530187223,0.9825816321868889,0.19873181147171962,0.1761006289308176,0.6128290874500313,0.1883574435579638,0.1850010005188384,0.18335785259107756,0.19363732330551592,0.18835744355796377,0.7252747252747253,67.7882960597548,0.7536928070989943,0.6430551815230717,inf,0.45742248208286695,2.7392556361442386,1.545846557155572,0.01835759059115362,0.3173489552855169,182
0.2103703152062208,1.0393475661379867,2.0,0.0,0.38323504786073204,136.85244274925407,0.980025853379601,0.2015226339531512,0.1761006289308176,0.614500881077318,0.19009065105796166,0.1867577993952617,0.18485131258288645,0.1956356558761942,0.19009065105796166,0.726775956284153,68.16776939321359,0.7537638100353099,0.6428755005015475,inf,0.4576515055974945,2.7387415878032684,1.5457461458395587,0.018344313591632806,0.3172812973643456,183
0.4064510550138624,0.5926923849451674,2.0,0.0,0.3851041007664837,138.11579890001133,0.9761214808563105,0.2042987051199617,0.1761006289308176,0.6161791521883085,0.19180132742462172,0.1884916184775526,0.18632360399608253,0.1976108853839271,0.1918013274246217,0.7282608695652174,68.54999906264965,0.7538382943827263,0.6426816409206633,inf,0.4578634197992654,2.7381803274217886,1.5456208448084785,0.018330460467710388,0.3172043479508851,184
-0.2308113493609725,0.8936991374881543,2.0,0.0,0.3858468998344279,138.73898942801844,0.9759242036745843,0.20705972154099136,0.1761006289308176,0.6178630679357042,0.19348992655380765,0.19020292463094993,0.18777520739840792,0.19956340576022405,0.19348992655380767,0.7297297297297297,68.93146096680925,0.7539120009444584,0.6424872786944529,inf,0.4580656402472516,2.7376390671725988,1.5454714919768764,0.018316123050211512,0.31712589928603696,185
0.0829178343312538,1.8938183475503363,2.0,0.0,0.38591236153244945,139.50037019097064,0.9749476985338097,0.2098053995347744,0.1761006289308176,0.6195518307934469,0.19515689090180124,0.19189217278450668,0.18920658887688208,0.20149360361740912,0.19515689090180122,0.7311827956989247,69.3129145301831,0.7539905636765891,0.6422842317292148,inf,0.45827627318952713,2.737103297086303,1.5452988964405627,0.01830070390961085,0.3170443335570668,186
-1.5249442320914066,2.2045349953366458,2.0,0.0,0.38246376707651686,136.55006787311063,0.9820700979840284,0.21253547456847,0.1761006289308176,0.6212446774043069,0.19680265177941883,0.1935598062487052,0.1906182005552529,0.20340185829737245,0.1968026517794188,0.732620320855615,69.67440460191926,0.7540473085820475,0.6421457467859568,inf,0.45847559400291665,2.7369563747770638,1.5451038396022554,0.0182831929537073,0.31700347607016827,187
0.9554771264752586,0.0100986703458379,2.0,0.0,0.3834879979722456,137.42816668619596,0.9807815029066257,0.215249700653012,0.1761006289308176,0.6229408774508035,0.19842762964288796,0.19520625702849165,0.19201048109196936,0.20528854193209115,0.19842762964288793,0.7340425531914894,70.03672418525764,0.7541069182852232,0.6419995748231221,inf,0.45867728344104935,2.736796333841489,1.5448870762468172,0.018265300268551485,0.31695737634440047,188
-0.0445346465437131,-0.4074268251170148,1.0,0.0,0.38143426911082656,136.93612142627745,0.9843760342343693,0.208014907297977,0.17445482866043613,0.6199511086809911,0.19411139861152768,0.19088686462579152,0.1876891023418598,0.2009887797394676,0.19411139861152774,0.7301587301587301,70.39257204292264,0.7541568339432575,0.6418769228729111,inf,0.4588785823416784,2.736766726127229,1.5446493355686657,0.018249549499411592,0.3169224063692835,189
-1.68180882393752,0.3596548991054356,1.0,1.0,0.3796224029030925,136.82890582534597,0.990405217645895,0.21063694648264894,0.17592592592592593,0.6204896891856635,0.1967430876247183,0.1935510647666286,0.19055261937031187,0.20334928000662986,0.1967430876247183,0.7315789473684211,70.74408703648044,0.7541971599077307,0.641795729561526,inf,0.4590875007468887,2.7368256242454976,1.5444568873255518,0.01823526630908262,0.31690521136525635,190
-0.8288576057742792,-1.2327679207993982,1.0,1.0,0.3809609819508091,138.94764905210556,0.9853651927048099,0.21324674798477952,0.17737003058103976,0.6210616383868461,0.1993329159597521,0.19617260882571289,0.19337702939168425,0.205667335966228,0.1993329159597521,0.7329842931937173,71.10305315235216,0.7542457162576912,0.6416904509591226,inf,0.45928182080703717,2.7367398830242236,1.544309020117972,0.01822040454588701,0.31687878993974367,191
-0.3190476822744112,0.0489382513191266,2.0,0.0,0.3800429961341469,138.7747480510573,0.9878162039462446,0.21590912983262983,0.17737003058103976,0.6226989618919527,0.2009465862333054,0.19780704828001833,0.194756973800709,0.2075425394216699,0.2009465862333054,0.734375,71.45735521988465,0.7542856615571344,0.6416014140905442,inf,0.45947754313353373,2.7367477499488237,1.5441394721954653,0.018206958728797688,0.316859440055948,192
0.9162609785137305,2.3696032144731225,2.0,0.0,0.37949269247746553,139.60412946692136,0.9852797907297248,0.21855642379140797,0.17737003058103976,0.6243397152620097,0.2025402376758488,0.1994210972874956,0.19611835980620893,0.2093969208191717,0.2025402376758488,0.7357512953367875,71.81228633575462,0.7543364095931301,0.6414956440850709,inf,0.4596569299410677,2.7367454753007063,1.5439489501748804,0.018194125899801076,0.3168353221326265,193
0.6515519797734143,2.22395478582329,2.0,0.0,0.3792973283149699,140.55099162598975,0.9830550165437179,0.22118842153036397,0.17737003058103976,0.6259832473817071,0.20411425928768093,0.20101515497359146,0.19746158968047955,0.21123082767786983,0.20411425928768093,0.7371134020618557,72.16844543052268,0.754390886841974,0.6413731623990717,inf,0.45982518913644316,2.7367215528686057,1.5437381373487473,0.018181129253436012,0.3168051801204786,194
-0.7602293468416047,-0.3297476631704375,1.0,1.0,0.377631145534525,141.1131209239533,0.9846460109016566,0.22375504118360126,0.1787878787878788,0.6265210968820665,0.20669287543082154,0.20362439842313548,0.20027516781449972,0.2135355032024625,0.20669287543082154,0.7384615384615385,72.52383035574655,0.754437612574484,0.6412656072642202,inf,0.4599831648512227,2.7367147454758536,1.5435701867461462,0.01817024703906565,0.31678417386314606,195
-1.2798433073318547,-0.3394575584137597,1.0,1.0,0.3777352409733321,142.44375366829172,0.983563821244944,0.22630880045068608,0.1801801801801802,0.6270897500042696,0.20923092383269362,0.20619234089397664,0.20305046246585437,0.21579943927068393,0.20923092383269362,0.7397959183673469,72.88239406504165,0.7544855958637062,0.6411552862361576,inf,0.46013087868259833,2.736649273121733,1.543444442312636,0.018159868128870438,0.31676328805031706,196
0.8378286825906738,1.2723850519777185,2.0,0.0,0.37913252417492443,144.09228157627643,0.9799616898009622,0.22890508940480953,0.1801801801801802,0.6286927700426624,0.2108045857229709,0.207785479801169,0.20439346439228265,0.21763092061342612,0.2108045857229709,0.7411167512690355,73.24570981765,0.7545418234497292,0.6410200842444149,inf,0.4602800730167179,2.7364967327757292,1.5432977691262002,0.018148719116647317,0.31672896210323737,197
0.0044855384081972,-0.3006179774404711,2.0,0.0,0.3778803153567111,143.81056493135958,0.982631660752972,0.23148625308559362,0.1801801801801802,0.6302981924043434,0.21235905514117348,0.20935908660378902,0.20571878516505301,0.21944229793446535,0.21235905514117348,0.7424242424242424,73.60390705172975,0.7545890323676557,0.6409021340297356,inf,0.4604305090247085,2.7364427496851422,1.5431308294953736,0.018139130968548686,0.31670249834977915,198
0.1711541672446925,-0.4074268251170148,1.0,0.0,0.37676052459612686,143.54289949717892,0.9852442528399892,0.2242841160842618,0.17857142857142858,0.6272799289953852,0.20803646884800717,0.2050326223322181,0.2013850558102974,0.21514225941153442,0.20803646884800717,0.7386934673366834,73.95713428630272,0.7546314419517189,0.6408006873061961,inf,0.4605817821054737,2.736484866676,1.5429442644282472,0.018130958977387625,0.3166836095397038,199
-0.4955203481012886,-1.592034044802318,1.0,1.0,0.37783763210890425,145.3982594465777,0.9839846846254546,0.22678595090857387,0.1799410029498525,0.6278221365735199,0.21053433879888078,0.20755931608096137,0.2041197918811416,0.21736512568200375,0.2105343387988808,0.74,74.31613491524882,0.7546808008928305,0.6406869870846645,inf,0.4607261429560357,2.736420211960608,1.5427983247017145,0.018121881845165996,0.31665925589114474,200
-0.7308172358704584,-1.4463856161524855,1.0,1.0,0.3792935824510966,147.593918930941,0.9804091960460581,0.22927568221920905,0.18128654970760236,0.6283932006927473,0.2129937950293398,0.2100469249801744,0.20681811984268633,0.21954963867014485,0.2129937950293398,0.7412935323383084,74.68252383532729,0.7547359929181419,0.6405524954008764,inf,0.4608601409798385,2.736222042066611,1.5426924039674088,0.01811202328221954,0.3166259584010396,201
0.1711541672446925,0.3402351086187913,2.0,0.0,0.3804972485026191,148.39462322153312,0.9785788823820972,0.2318095405312135,0.18128654970760236,0.629945931395704,0.2145371004161725,0.21160877207357465,0.2081313632382277,0.221349662146796,0.2145371004161725,0.7425742574257426,75.04925069794523,0.7547898026866947,0.6404141884990013,inf,0.4609991321817594,2.736020524297761,1.5425662775916726,0.018102177809847304,0.31658900399552076,202
0.4652752769561548,-1.941590273561916,1.0,1.0,0.37956673279912323,147.9978024735366,0.986361159448313,0.2342769207411881,0.18260869565217389,0.6305243130277017,0.21696758233956046,0.21406666489926163,0.210801875371003,0.22350483596791806,0.21696758233956043,0.7438423645320197,75.41038214237885,0.7548317418617049,0.6403223318819667,inf,0.4611546926008511,2.735923164806667,1.5424792869816693,0.018091390198479232,0.3165701551134179,203
-1.0151343085915387,-0.669593996686713,1.0,1.0,0.38011389785179955,149.60123893640224,0.9827723568140089,0.23673248300181407,0.1839080459770115,0.6311296361208275,0.21936123961257065,0.21648710913065625,0.21343716450192537,0.2256235552266899,0.21936123961257067,0.7450980392156863,75.77585434333463,0.7548762377431816,0.6402203299911283,inf,0.4612975995960596,2.735749582599927,1.5424308566114322,0.018080918236592303,0.3165483734555076,204
0.3084106851100416,0.2819757371588584,2.0,0.0,0.3814348502456043,150.48217135618498,0.9805922495108428,0.23923095395302935,0.1839080459770115,0.6326443160984901,0.22090267541169095,0.21804658571698052,0.21474881338994115,0.22741963364007797,0.22090267541169095,0.7463414634146341,76.14206177967213,0.7549209150934172,0.6401128790160421,inf,0.4614455103180798,2.7355654091745416,1.5423617022787215,0.018070385296248444,0.3165221674133273,205
0.5535116098695936,0.2334262609422476,2.0,0.0,0.38285845967792936,151.49414828057792,0.9782318630837722,0.24171536569204038,0.1839080459770115,0.6341617179493433,0.22242570206763487,0.21958734688302564,0.21604358478806523,0.22919636399924964,0.22242570206763487,0.7475728155339806,76.50963293333508,0.754968160215803,0.6399974388519326,inf,0.4615980871929522,2.7353596223888306,1.5422724453881869,0.01805959547356419,0.31649031177301246,206
-0.7406212728608406,-1.708552787722184,1.0,1.0,0.38447888789925333,153.9373429752092,0.9750111926142957,0.24413769624803058,0.1851851851851852,0.6347526635583034,0.22479935197351072,0.2219870026533129,0.218659088602147,0.2312944341166117,0.22479935197351075,0.748792270531401,76.88549560344127,0.7550240770423877,0.6398590163838632,inf,0.46174345040473413,2.735012094319544,1.5422206487457528,0.018047828547484924,0.31644776737521746,207
1.2397941991963388,1.9035282427936584,2.0,0.0,0.38461592556149865,155.3554911831795,0.9719964551854089,0.2465974215881891,0.1851851851851852,0.6362525848342139,0.22631210791595968,0.2235171072512268,0.21994454207616632,0.2330593578906125,0.22631210791595965,0.75,77.2645777076912,0.7550872396564253,0.6396995331783888,inf,0.4618806159521281,2.734612912219179,1.542148811476103,0.018036320521774514,0.31639620170836563,208
-0.8288576057742792,-0.0870002820873835,1.0,1.0,0.3822030121147859,155.44480700414286,0.9756281277725217,0.24899712066201615,0.18644067796610167,0.6368488615190758,0.22865790874954076,0.2258882483515663,0.2225328816113662,0.2351296511909533,0.22865790874954076,0.7511961722488039,77.64044419469339,0.7551398796742156,0.6395633324292258,inf,0.46201225108957455,2.734271820479958,1.5421136367496677,0.018027229512888952,0.3163567618703093,209
-0.4955203481012886,0.1071976227790595,1.0,0.0,0.3807553996572556,154.9991370539368,0.97868767022479,0.24183081659608463,0.18487394957983194,0.6338065056743477,0.22432079286160855,0.22154655064402312,0.21817919286666673,0.23081817175393377,0.22432079286160855,0.7476190476190476,78.01058148110124,0.7551854023205841,0.6394453126436894,inf,0.4621443842775379,2.734031887572873,1.5420584903905121,0.01801951494521209,0.3163259891519419,210
-0.6621889769377839,-0.2617783964671824,1.0,1.0,0.37861505090003317,155.2394888739964,0.9814358941514111,0.24420529187557424,0.18611111111111112,0.6344156201355201,0.22661686383779403,0.22386728372976633,0.22071837772992414,0.23283926909581362,0.22661686383779403,0.7488151658767772,78.37833818297219,0.7552269644233255,0.6393461921149854,inf,0.46226929117029103,2.7338355936228282,1.5420392349284444,0.018014058191193633,0.31630555527414644,211
0.229978389186985,1.2820949472210406,2.0,0.0,0.3797534212960652,156.55049287739007,0.9792150118411369,0.24662113815366696,0.18611111111111112,0.6358681400628331,0.22811814380286635,0.22538539794603846,0.22199154913100305,0.2345925037001443,0.22811814380286638,0.75,78.74882232844335,0.7552736575885826,0.639232676892623,inf,0.4623962644403987,2.7335950506504503,1.542000083313654,0.018007732967363764,0.3162770110036076,212
0.0633097603504897,-0.4365565108469812,1.0,0.0,0.3781730772363769,156.07262691784877,0.982288973127941,0.2395974873223955,0.18457300275482094,0.6328991461533374,0.22387694844438571,0.22113983381649205,0.21773608930324342,0.23037424426855208,0.2238769484443857,0.7464788732394366,79.11355725575187,0.7553122767000542,0.6391372946498541,inf,0.4625235673371419,2.733455493602111,1.5419416096493208,0.018002943155601397,0.3162571724758623,213
0.2691945371485133,1.175286099544497,2.0,0.0,0.379466048102207,157.41402667205102,0.979835734374287,0.24199127188161748,0.18457300275482094,0.6343434766571644,0.22535232769478072,0.2226317141206827,0.2189837868797773,0.23210238688970325,0.22535232769478072,0.7476635514018691,79.48116509338709,0.7553576213789214,0.6390274152248705,inf,0.46265356592087414,2.7332689435894015,1.5418643709025623,0.017997336012971207,0.3162289827010241,214
0.2691945371485133,0.9616684041914094,2.0,0.0,0.38094451466443024,158.72212078297798,0.977146659504939,0.2443720537408148,0.18457300275482094,0.6357903312117794,0.2268107204953983,0.22410633886685344,0.2202160096215378,0.23381260248716473,0.22681072049539824,0.7488372093023256,79.85144993305808,0.7554063629461045,0.6389046382934249,inf,0.4627873037952951,2.7330394876285724,1.5417689074877379,0.017991045284405097,0.3161929674344599,215
1.769212196676971,2.22395478582329,2.0,0.0,0.3801461839155198,159.5099555861534,0.9742496391012603,0.24673971485375065,0.18457300275482094,0.6372392511411985,0.22825243718997748,0.22556402508643436,0.22143306967767318,0.23550517659604872,0.22825243718997745,0.75,80.22195461051433,0.7554624703527126,0.6387680044900426,inf,0.4629041140645982,2.7328088330574083,1.5416557438269376,0.017986209522956938,0.31615396472738333,216
-0.917093938687718,-1.6114538352889622,1.0,1.0,0.3819444221666912,162.2335269471116,0.9699958237180892,0.2490491401438078,0.18579234972677594,0.6377864380045829,0.23052925653159612,0.22786454108863313,0.2239512323001761,0.2375054016094036,0.2305292565315961,0.7511520737327189,80.60163781577636,0.7555237958392772,0.6386060427092453,inf,0.4630131708383904,2.7324295307253377,1.5415767763501278,0.017980461851908124,0.31610317235935825,217
-1.3288634922837652,-1.6794231019922174,1.0,1.0,0.3840964751177112,165.51679036848236,0.9647933294004717,0.2513474504193586,0.1869918699186992,0.6383565225828586,0.23277321384921085,0.23013168748693563,0.22643760924015102,0.23947355739674253,0.23277321384921082,0.7522935779816514,80.9929518828395,0.7555950449822164,0.6384114281172026,inf,0.46311628349381223,2.7318679599967637,1.5415315344676206,0.01797388716219567,0.31603635502212685,218
0.6711600537541784,1.2723850519777185,2.0,0.0,0.38539157559991505,167.1854716900929,0.9617641183369461,0.25368242925044465,0.1869918699186992,0.6397715344420946,0.2342122734906458,0.23158630890042595,0.2276524299574584,0.24116137971125162,0.23421227349064583,0.7534246575342466,81.38833041406544,0.7556701393795643,0.6381994875891454,inf,0.46322148589670653,2.731247190060813,1.5414681687235139,0.017966574101346826,0.3159600005896712,219
-0.671993013928166,-1.3784163494492303,1.0,1.0,0.38661533916647917,169.33405870716243,0.9586353996807425,0.2559597913323628,0.18817204301075272,0.6403459600312332,0.23643075673121652,0.2338274158023026,0.23011372662572507,0.24310440398051888,0.23643075673121652,0.7545454545454545,81.78990908207047,0.7557491557323764,0.6379739795740046,inf,0.46331784290118416,2.7305360306512627,1.5414378465640937,0.017958769337026306,0.3158779543690884,220
0.8280246456002917,0.5732725944585231,2.0,0.0,0.3881212945204269,170.82371936746142,0.9556203288038514,0.2582719843769507,0.18817204301075272,0.6417452382390437,0.23786008649401633,0.23527198626842022,0.231319818866758,0.2447809501354609,0.23786008649401635,0.755656108597285,82.19460821973132,0.7558310652804369,0.6377360317562882,inf,0.46341824120950614,2.729782685424596,1.541389460872615,0.017950336323263507,0.31578840609893793,221
0.1613501302543105,-1.0871194921495655,1.0,1.0,0.3862694667558307,170.707690262484,0.9605430401265178,0.26052840054438503,0.18933333333333333,0.6423235251779248,0.2400534495695497,0.23748742636804704,0.23375627435263482,0.24669929772030805,0.24005344956954966,0.7567567567567568,82.59511990318269,0.755904619676254,0.6375242502468211,inf,0.46351835571681654,2.7290967518786946,1.5413734579287248,0.017943213968271015,0.3157112223592138,222
-1.181802937428034,-1.2521877112860424,1.0,1.0,0.3880018557700693,173.4829491740946,0.9550409713983584,0.2627739953379444,0.19047619047619047,0.6429225746637361,0.24221584130324247,0.239671436587337,0.2361624318462501,0.2485877412363885,0.24221584130324247,0.757847533632287,83.00452453953817,0.755986407364486,0.6372893112997633,inf,0.46360877135912076,2.7282837656329044,1.5413894020900778,0.01793543077713504,0.3156236475385132,223
-0.9268979756781,-0.2909080821971489,1.0,1.0,0.3870918416712901,174.21488176882198,0.956156655348527,0.2650089890667306,0.1916010498687664,0.6435417438701234,0.24434794370034987,0.24182471319986146,0.23853884915104895,0.25044703623070363,0.24434794370034985,0.7589285714285714,83.413539594378,0.7560636758770537,0.6370638171895199,inf,0.46369231976492936,2.7274815022425196,1.541436865493658,0.017928876215877004,0.31554146048056875,224
0.229978389186985,1.5151324330607725,2.0,0.0,0.38790507277591335,175.55528158437184,0.9543134565859589,0.26727810331607726,0.1916010498687664,0.6448906863392854,0.24577980356961618,0.24327136248442052,0.23974749771371648,0.25212350308075815,0.24577980356961618,0.76,83.82488665683331,0.7561449372068244,0.6368273470564323,inf,0.46377654540947116,2.7266505190939867,1.541465482822469,0.0179215042786737,0.31545340040701414,225
-0.0739467575148593,-1.2036382350694317,1.0,1.0,0.38730658409355906,176.24423693521072,0.9564747749987714,0.26949223437721337,0.19270833333333334,0.6455119383522656,0.24788824756273847,0.24540048212499804,0.24210020251314968,0.2539598283038944,0.2478882475627385,0.7610619469026548,84.23563932473722,0.7562222410995264,0.6366021627140933,inf,0.4638571545135346,2.7258331587801767,1.5415250073143925,0.017914618982201026,0.3153709235630914,226
0.2397824261773671,0.0586481465624487,1.0,0.0,0.3878731424029401,176.76807350203634,0.9562052261488776,0.2625035765733908,0.19121447028423774,0.6425060912882866,0.24362452727806025,0.24113178180522685,0.23781647496881703,0.24972337481999554,0.24362452727806025,0.7577092511013216,84.6450748741943,0.7562975045463893,0.636379553880029,inf,0.46394157427478167,2.7250396583986314,1.5415657839765982,0.017908049199294705,0.3152887472943727,227
-1.064154493543449,-0.5045257775502364,1.0,1.0,0.38811018236957306,178.17855603231865,0.9547738106957353,0.26469863367507657,0.1923076923076923,0.6431374098526487,0.24569271517391053,0.24322014909835493,0.24012920224014325,0.25152014288784647,0.24569271517391056,0.7587719298245614,85.0571166414107,0.7563743623725513,0.6361553017360081,inf,0.4640176164871648,2.7242139631303073,1.5416368740320874,0.017901892845678426,0.3152066806397633,228
0.484883350936919,0.3790746895920799,2.0,0.0,0.38946972985420764,179.345324060733,0.9521192205744069,0.26692965536473706,0.1923076923076923,0.6444465510146535,0.24711344351511724,0.24465526157388393,0.241326064620514,0.25318522371192254,0.24711344351511727,0.759825327510917,85.4706614107937,0.7564524439713879,0.6359248347578969,inf,0.46409835192668025,2.7233721085078293,1.541689317813608,0.01789543746376707,0.31512029480816817,229
-0.0543386835340951,0.9131189279747988,2.0,0.0,0.3904050980282025,180.3339608477139,0.9509095669738863,0.2691490239738309,0.1923076923076923,0.6457583045348316,0.24851838716571173,0.24607436538511634,0.24250868262615152,0.2548335183836028,0.24851838716571173,0.7608695652173914,85.88491162667545,0.756531741829313,0.635690240948549,inf,0.46418233011397325,2.722525455200909,1.5417236060786543,0.017888548840739354,0.31503094589655734,230
0.3280187590908058,-0.6890137871733574,2.0,0.0,0.3884170707898499,179.45298069465716,0.9545771994859018,0.2713566621769177,0.1923076923076923,0.6470722923483989,0.24990782617632276,0.2474777458927266,0.24367733310433,0.25646528964653065,0.2499078261763228,0.7619047619047619,86.29172931827536,0.75660351803486,0.635475748444239,inf,0.4642649224466213,2.721788118044774,1.541740216022229,0.017883041109890797,0.31495193154808365,231
0.1319380192831642,0.2334262609422476,2.0,0.0,0.3891897711213921,180.10808977478257,0.9537807425156384,0.27355249814906435,0.1923076923076923,0.6483881496494199,0.25128203398124943,0.2488656816738105,0.24483228553465824,0.25808079503197223,0.25128203398124943,0.7629310344827587,86.69786074882302,0.7566759321323695,0.6352619360624733,inf,0.464351433526929,2.721064987659318,1.5417396117063555,0.017877701913957524,0.314872191999497,232
-0.5053243850916707,-1.1356689683661767,1.0,1.0,0.3896879091888619,181.70751121491304,0.9520952183191953,0.2756974968298162,0.19338422391857504,0.6489716019318258,0.2533445467963852,0.25094772015167516,0.24713777338223072,0.25987111331495344,0.2533445467963852,0.7639484978540773,87.10738510428031,0.7567508056854227,0.6350440295865831,inf,0.46442999988133526,2.7202988186952592,1.5417682088055902,0.01787240575594781,0.31479134563327643,233
-1.2896473443222367,-0.0675804916007392,1.0,1.0,0.3889016369227953,182.326854131164,0.9542771865752295,0.27783232960104254,0.19444444444444445,0.6495728811603031,0.2553791376497058,0.2530014519655389,0.2494155906234327,0.2616348481148977,0.2553791376497058,0.7649572649572649,87.51605235332272,0.7568215256311608,0.6348377333772088,inf,0.4645057377730855,2.719549166455017,1.5418256329428157,0.017867866186671418,0.3147161496809847,234
-0.2112032753802084,0.3984944800787243,2.0,0.0,0.3891436291425293,182.7003769574381,0.9546043254730703,0.27999689187767046,0.19444444444444445,0.650858358654528,0.25674909632543785,0.25438480803119917,0.2505669163195213,0.2632440565008696,0.2567490963254378,0.7659574468085106,87.92282297128902,0.7568899464931045,0.6346355507001987,inf,0.4645844982789857,2.718830336744922,1.5418655517816138,0.017863615252523238,0.3146422330447257,235
0.9848892374464048,-0.4365565108469812,2.0,0.0,0.38882342036748624,182.74789338369524,0.9559508481941118,0.28214988218222303,0.19444444444444445,0.652145517823482,0.25810419961872355,0.2557531064273631,0.25170492218371704,0.2648373523849083,0.25810419961872355,0.7669491525423728,88.32633390921416,0.7569566334618651,0.63444030422247,inf,0.4646627975454901,2.718161161730527,1.5418884152896248,0.017859274111200994,0.3145717986406776,236
1.4358749390039804,0.6800814421350668,2.0,0.0,0.389648448338968,184.27933892728709,0.9536950206787206,0.284291244984996,0.19444444444444445,0.6534340290879787,0.25944470554229465,0.25710660981944106,0.2528298602302824,0.2664149814807971,0.2594447055422947,0.7679324894514767,88.73291443895177,0.7570288355610146,0.6342320849611637,inf,0.46474123561575825,2.7174536286874846,1.541894661310439,0.017854220898026137,0.3144946258286671,237
0.6025317948215039,0.2625559466722141,2.0,0.0,0.39087323334190943,185.3877905474918,0.9516472974647088,0.28642092940207026,0.19444444444444445,0.6547235744691442,0.2607708661106162,0.25844557473234864,0.25394197593024154,0.26797718463278913,0.2607708661106162,0.7689075630252101,89.1407409204224,0.757101256999122,0.6340185797778696,inf,0.4648235923027778,2.7167332961492585,1.5418847159377895,0.01784887388318174,0.3144137182226629,238
0.6221398688022681,1.4180334806275507,2.0,0.0,0.39186042708584073,187.04455904209547,0.9491699192131768,0.28853888910254094,0.19444444444444445,0.6560138472807647,0.26208292750909545,0.25977025172511775,0.2550415084248774,0.2695241979228143,0.2620829275090955,0.7698744769874477,89.55210150076556,0.7571789512116598,0.6337914550360649,inf,0.4649068826105993,2.715969372359807,1.5418589938764395,0.017842895147116834,0.31432554089291403,239
-0.1817911644090621,0.2431361561855697,2.0,0.0,0.3918868621737561,187.26426608383815,0.9498774061523269,0.2906450822123338,0.19444444444444445,0.6573045518267927,0.26338113025796633,0.26108088555991943,0.25612869073097083,0.27105625277571144,0.2633811302579664,0.7708333333333334,89.96093900948134,0.7572527241905166,0.6335703162662353,inf,0.4649927285707183,2.7152439267123496,1.5418178987902995,0.01783740439336078,0.31423961888486385,240
-0.162183090428298,1.0102178804080202,2.0,0.0,0.39253708689183753,188.09426249577234,0.9492657790160369,0.2927394712151566,0.19444444444444445,0.658595403104106,0.2646657093709853,0.2623777153656848,0.25720374993811446,0.2725735760624305,0.2646657093709853,0.7717842323651453,90.3698278573409,0.7573279599438232,0.6333469770755109,inf,0.4650805312385549,2.714522080558839,1.5417618236382966,0.01783147208885827,0.31415193741194036,241
0.4652752769561548,-0.174389339277283,1.0,0.0,0.3927616110530372,188.43443355572515,0.9496916254250195,0.28582913686998523,0.1929824561403509,0.6555764741026303,0.2604131435750247,0.25811991825124714,0.252920608987984,0.2683631488460939,0.2604131435750247,0.768595041322314,90.77673493492756,0.757401329868545,0.6331278323996232,inf,0.4651705229552086,2.7138311014404133,1.5416911509984823,0.017825823092312523,0.3140656583339639,242
0.1417420562735463,-1.4463856161524855,2.0,1.0,0.3920424320886799,188.82448542285778,0.9532247244566934,0.2790562322557011,0.19154228855721392,0.6517611251409197,0.25041097895491393,0.24809917179042654,0.24346821032344468,0.25776133195384315,0.2504109789549139,0.7654320987654321,91.18189092867932,0.7574710493899651,0.6329246710747256,inf,0.46526165919225104,2.7131677432086407,1.5416476098738232,0.0178202856587915,0.31398646819005066,243
-0.9563100866492462,0.2140064704556033,1.0,0.0,0.3892498095614938,187.40031935907345,0.9578891082273906,0.2724187827103355,0.19012345679012346,0.6488735843286269,0.2463364762425162,0.24402012709737972,0.23936626874999023,0.25372479574800827,0.24633647624251623,0.7622950819672131,91.577851539504,0.7575312198671902,0.6327455216452126,inf,0.4653496390864179,2.7126330654813273,1.5415895101871482,0.017816244291405044,0.31391998397762444,244
-0.544540533053199,-1.0288601206896328,1.0,1.0,0.3896180992083106,188.96507460007822,0.9559874085747022,0.27446189178008745,0.19117647058823528,0.6493750915624608,0.24835815182217902,0.24606000692448501,0.2416083268543659,0.2554959562476668,0.24835815182217902,0.763265306122449,91.976979502867,0.7575947356466911,0.6325626129528998,inf,0.4654298940812171,2.712058660457983,1.5415580490955083,0.01781235686274664,0.31385274052516227,245
-2.5739761900622886,-0.7764028443632568,1.0,1.0,0.39088255862878574,191.39077546155585,0.9551118333539667,0.2764951218384427,0.1922141119221411,0.6498935013148064,0.25035352282799056,0.24807323539247023,0.24382454237045384,0.2572417816931913,0.25035352282799056,0.7642276422764228,92.38275009861675,0.7576616012797307,0.6323732238854892,inf,0.4655197860316485,2.711398898259065,1.5415529017379883,0.017807410540741725,0.313779265554506,246
0.1319380192831642,0.1945866799689589,2.0,0.0,0.39157277474634034,192.00887322217312,0.9544961324113467,0.27854878807148464,0.1922141119221411,0.6511477561662863,0.2516269067659656,0.2493585429696889,0.24490000363921657,0.2587337959245487,0.2516269067659656,0.7651821862348178,92.78773433895641,0.7577255568721147,0.6321848368817927,inf,0.4656129581597483,2.7107534184888715,1.541532918855915,0.01780264369074098,0.3137053583798368,247
-0.3484597932455575,-1.1259590731228544,2.0,1.0,0.3916533428370042,193.26896984211697,0.9542018394544399,0.2720276578857328,0.19082125603864733,0.6474685915076822,0.24226290641510032,0.23997810167678782,0.23602075713489115,0.2488442032600041,0.24226290641510032,0.7620967741935484,93.19454096042669,0.7577902536693794,0.6319973281427254,inf,0.4657001044534765,2.710087780021708,1.5415387802985017,0.017798083186115827,0.3136326444862228,248
0.7986125346291455,0.0392283560758044,2.0,0.0,0.3924488528924501,194.1591155365619,0.9532800346222501,0.2740633919161643,0.19082125603864733,0.6487253237774186,0.24352467123829016,0.24125162126385996,0.2370984111446166,0.2503089877215486,0.24352467123829014,0.7630522088353414,93.60165618049174,0.7578551086041267,0.6318071637265879,inf,0.46578970969161065,2.70942198554954,1.5415298618608015,0.017793257283801427,0.3135578607941825,249
-1.1327827524761236,-1.1842184445827877,1.0,1.0,0.3938994639106947,196.86367712163127,0.9483682439000845,0.2760670460612896,0.19184652278177458,0.6492353760956279,0.24550135957228014,0.2432456930547111,0.2392778217675349,0.25205728708596786,0.24550135957228017,0.764,94.01636309190195,0.7579262201161242,0.6315998210429038,inf,0.46587131541346816,2.708662337543445,1.5415463312262991,0.017787918006450597,0.3134755844590954,250
-0.9072899016973358,-2.32027618805148,1.0,1.0,0.3954277266293933,199.84485536065324,0.9460758533772676,0.2780610823748076,0.19285714285714287,0.6497613271401517,0.24745306493540908,0.24521445963672708,0.24143268974229226,0.25378136724385375,0.24745306493540906,0.7649402390438247,94.43967706097698,0.7580026199108707,0.6313778289551824,inf,0.46595673780440905,2.707798874247542,1.5415878849551155,0.01778196118444511,0.3133844556218841,251
0.3770389440427161,-0.6404643109567466,1.0,0.0,0.3939566926683816,199.13990824096288,0.948985411437496,0.2716468684306577,0.1914893617021277,0.6469592524461204,0.24349609909423411,0.24125325741763967,0.23744846836167666,0.24985983790878558,0.24349609909423411,0.7619047619047619,94.85680945611635,0.7580712240827815,0.6311707002125834,inf,0.4660412703750122,2.707017123086014,1.5416144186759282,0.017777006712445843,0.313300872301131,252
0.612335831811886,-0.2520685012238602,2.0,0.0,0.3941116436459858,199.4740495535422,0.9494975715237091,0.2736527240475506,0.1914893617021277,0.6481836909457043,0.24474953838374613,0.24251816202463664,0.23851701718977025,0.2513165142753276,0.2447495383837462,0.7628458498023716,95.27195723428072,0.7581392698685202,0.6309674118725939,inf,0.46612741655546097,2.7062645577063025,1.5416262933935037,0.017772214154333544,0.3132187175371424,253
0.0437016863697255,-0.3394575584137597,1.0,0.0,0.3930788634168812,199.11173422313175,0.951639316759458,0.26735646517494727,0.19014084507042253,0.6454461773679884,0.24088064833762965,0.2386452700829233,0.2346231850950904,0.24748103385339004,0.24088064833762965,0.7598425196850394,95.68239113542245,0.7582031994076851,0.6307755532081118,inf,0.4662144032116279,2.7055754928277604,1.5416238610328021,0.017768401330380018,0.31314198170700763,254
-1.4269038621875858,-0.2909080821971489,1.0,1.0,0.39314694569154485,200.40442838874162,0.9519143619411667,0.2693197385598864,0.19114219114219114,0.6459607283974301,0.24279367595510046,0.2405748750312451,0.23673948361383676,0.24916564533973629,0.24279367595510043,0.7607843137254902,96.09468262067173,0.7582682779161038,0.6305850979968756,inf,0.4662976004222542,2.704866939151267,1.5416458053185542,0.017764653995900728,0.31306622308312226,255
-0.8386616427646613,1.1655762043011748,2.0,0.0,0.392226306627797,199.9089892590955,0.9543163319758428,0.2713040262466045,0.19114219114219114,0.6471670464011332,0.24403414941289933,0.24182658131457024,0.2377946959981029,0.2506098576106244,0.24403414941289933,0.76171875,96.50179754866555,0.7583289422571622,0.630405614178859,inf,0.4663776819333412,2.704227444711678,1.5416534999688831,0.0177605935939901,0.312996560544891,256
-0.0739467575148593,1.1364465185712085,1.0,0.0,0.3929244621623095,200.93545359243868,0.9533796834376496,0.2651152760786021,0.1898148148148148,0.6444853595359834,0.24024057975769703,0.23802917028540502,0.23397836189003038,0.2468472209229782,0.24024057975769703,0.7587548638132295,96.90974151758655,0.7583915995642027,0.6302217383267861,inf,0.46645930898159516,2.703581145288349,1.5416472833884087,0.017755996672133845,0.3129241872371364,257
-1.436707899177968,-0.3977169298736926,1.0,1.0,0.3932997888954646,202.50115972824233,0.9527769111334276,0.2670552100875407,0.19080459770114944,0.6449953138286229,0.242125447833425,0.23993021124242106,0.23606652626610097,0.24850358085123175,0.24212544783342496,0.7596899224806202,97.32060306704436,0.7584551737704806,0.6300357766761219,inf,0.4665364109165109,2.7029020733359084,1.5416648939493531,0.017751324849355953,0.3128511969864215,258
-2.2406389323892983,-0.1840992345206051,1.0,1.0,0.39364433347251954,203.776428188691,0.9542176064031069,0.26898681488034915,0.1917808219178082,0.6455202531768258,0.24398742784784655,0.24180807602150758,0.23813223266331596,0.25013781631554516,0.24398742784784655,0.7606177606177607,97.73322254426002,0.7585174254148287,0.629855467571972,inf,0.46661951646948324,2.702205046845709,1.541706055661662,0.017745733292887506,0.31277917370635244,259
-0.8778777907261895,-1.3687064542059084,1.0,1.0,0.39493311180599006,206.28550498257871,0.9505124997351266,0.27091024025289656,0.1927437641723356,0.6460597739626107,0.24582695352900982,0.24366320604502767,0.24017583977524426,0.2517504060438071,0.2458269535290098,0.7615384615384615,98.15234332587517,0.7585836868784634,0.6296617255387599,inf,0.466695860273269,2.701432671971408,1.54177049678128,0.017739679264926443,0.3127012747172426,260
0.1613501302543105,-0.2909080821971489,1.0,0.0,0.3944139439277035,206.1767101156835,0.9520145084181688,0.264815985313371,0.19144144144144146,0.643424656676351,0.24209317945820966,0.23992565608828748,0.23642218639962162,0.2480429157103206,0.24209317945820966,0.7586206896551724,98.56782165968212,0.7586454376451549,0.6294762910724406,inf,0.46677359850167893,2.70070843921612,1.54182054137927,0.01773432932240334,0.3126271542463084,261
0.2201743521966029,-1.2036382350694317,1.0,1.0,0.39295229001121856,205.94643738023657,0.9564016471037862,0.2667248735202923,0.1923937360178971,0.6439718412926897,0.2439020897186091,0.24174984421265697,0.2384354987898389,0.2496252266101593,0.2439020897186091,0.7595419847328244,98.97923398045053,0.7587023330095968,0.6293104956502193,inf,0.4668527060287921,2.7000375228761486,1.5418934770909227,0.01772974312342791,0.3125621182841275,262
0.3280187590908058,-0.5822049394968136,1.0,0.0,0.3917546328113802,205.3829694038269,0.9589459712964042,0.2607358120890245,0.19111111111111112,0.6413950161999094,0.24024358734448148,0.23808773894369686,0.2347597812541387,0.24598971598488642,0.24024358734448148,0.7566539923954373,99.38535510802068,0.7587543140852688,0.6291570472803744,inf,0.46693151074555217,2.6994350737488246,1.5419520878858697,0.017726034604732415,0.31250325400019924,263
1.9456848625038483,-1.46580540663913,1.0,0.0,0.38902535968163815,202.05460731091267,0.9644299236420947,0.2548562884717667,0.18984547461368653,0.6388817953576998,0.23666624576236642,0.23450701138204053,0.23116771689850635,0.2424327227668655,0.23666624576236642,0.7537878787878788,99.77573249282254,0.7587960986667452,0.6290391733947371,inf,0.46699349261027673,2.699033267920326,1.5419967018257172,0.01772179071061634,0.3124659790199766,264
0.0240936123889614,-0.5142356727935585,2.0,0.0,0.387353345396771,201.36542875667598,0.9672998853046262,0.2567836656602438,0.18984547461368653,0.6400136345969736,0.23789180415090228,0.23574336527526257,0.23220389675804076,0.24386536281809928,0.23789180415090225,0.7547169811320755,100.16054194836744,0.7588329038754102,0.6289348867227373,inf,0.46705559655298606,2.6987054682853153,1.542027639062329,0.0177187117988232,0.3124354805002692,265
-2.887705373754516,-0.9220512730130892,1.0,1.0,0.38860376772509825,203.75666467626542,0.966319442753985,0.2586637577719706,0.1907894736842105,0.6405487669516647,0.23966683855388576,0.23753326772765015,0.23418316962607308,0.24541347810313008,0.23966683855388576,0.7556390977443609,100.55147071337838,0.7588744238625041,0.6288262722818744,inf,0.4671317153920161,2.698301787128179,1.5420808550563807,0.017714998116151737,0.3123990593396402,266
-1.0935666045145953,1.7287501284138598,2.0,0.0,0.3870884269713807,202.43857731090068,0.9696645415252014,0.26057538818507453,0.1907894736842105,0.6416703746665586,0.24088512184620153,0.2387621606773667,0.23521278856193817,0.2468378010489988,0.24088512184620153,0.7565543071161048,100.93450494870741,0.7589085813158264,0.6287344023155235,inf,0.4671994915238661,2.6980013237722242,1.5421204564850395,0.017710500003105062,0.3123728601680721,267
-0.417088052178232,0.5247231182419123,1.0,0.0,0.38701688002622625,202.6260380764861,0.9705472136097976,0.25478608710960177,0.1895424836601307,0.6391997261363296,0.2373672819087294,0.2352410354269528,0.23168086434717344,0.24333985999453087,0.23736728190872944,0.753731343283582,101.31537211397999,0.7589410112283349,0.62864673384542,inf,0.4672688111121568,2.697730894725727,1.5421467515682692,0.017706195236953236,0.3123483377597926,268
-0.5053243850916707,-0.7472731586332904,1.0,1.0,0.3864950911967044,203.5082582627658,0.9705977668071957,0.2566448147988959,0.19047619047619047,0.6397295976710309,0.2391177780780741,0.23700605621376827,0.23363545696646823,0.2448635699910621,0.2391177780780741,0.7546468401486989,101.69668885334113,0.7589732068664972,0.6285624825890139,inf,0.46733240394989395,2.6974566986125748,1.5421948480254648,0.017702583214252495,0.3123262842751086,269
-0.7112091618896943,0.2528460514288919,2.0,0.0,0.38505281529174257,202.83945625588686,0.9734767692171464,0.25853638622934594,0.19047619047619047,0.6408350035490821,0.2403237520741936,0.23822243283171515,0.2346526848413027,0.246275723983153,0.24032375207419357,0.7555555555555555,102.07268427119448,0.7590001734654507,0.6284909956614783,inf,0.46739576905556257,2.697253095701477,1.5422296967970006,0.017699796824025314,0.3123106630351341,270
-1.5935724910240812,-0.0481607011140949,1.0,1.0,0.3847383939068395,203.62549216128917,0.9753154597509809,0.26038113643440347,0.1913978494623656,0.6413662514551015,0.24205844051888287,0.23997136286897103,0.23659145480998806,0.24778405685098695,0.24205844051888287,0.7564575645756457,102.44880578189851,0.7590266928427768,0.6284260912595844,inf,0.46745867385425277,2.697049598444351,1.5422859944814447,0.0176971275997207,0.31229790418935466,271
0.0535057233601076,-0.1355497583039943,2.0,0.0,0.38457092350936567,203.72871097627223,0.976221170064265,0.2622574377394502,0.1913978494623656,0.6424618508243229,0.2432572871450852,0.24118043589104357,0.237602270338847,0.24918804953219828,0.24325728714508524,0.7573529411764706,102.82253236933163,0.7590505417506352,0.6283662591463886,inf,0.46752360290504097,2.696878767925697,1.5423291047851024,0.017694991210232554,0.3122871738970685,272
-0.0543386835340951,0.9810881946780536,1.0,0.0,0.3853728134645861,204.7494164541269,0.9751125295806821,0.2565488497442522,0.19017094017094016,0.6400259117436833,0.23978887983276653,0.2377087909749417,0.2341202423943576,0.24573883243562206,0.23978887983276653,0.7545787545787546,103.19726356081983,0.7590767472435241,0.6283014053481009,inf,0.46759061744582775,2.6966965680123534,1.54235932060841,0.017692433683290872,0.3122733430367609,273
-0.1229669424667697,-1.1453788636094988,2.0,1.0,0.38481008670793343,205.3660400403684,0.9768371173584528,0.250977421943407,0.1889596602972399,0.6368111727417581,0.23139114431976196,0.22929807292499382,0.2260912930040532,0.23694542962760223,0.23139114431976196,0.7518248175182481,103.57150816330902,0.7591009904118882,0.6282437440116809,inf,0.4676548855387087,2.696522232772629,1.5424105346866148,0.017690269787459224,0.31226323985191584,274
0.0829178343312538,0.990798089921376,1.0,0.0,0.38578438172067875,206.57299091866517,0.9752315183117335,0.2454729429083573,0.1877637130801688,0.6344736379803347,0.22805196395614805,0.22595609023598232,0.22274003560923034,0.2336234409246131,0.22805196395614805,0.7490909090909091,103.94742598358405,0.7591271275760254,0.6281792559039177,inf,0.46772148377190925,2.6963280920583426,1.542448911280282,0.017687651207775754,0.3122490771316688,275
0.729984275696471,-1.349286663719264,2.0,1.0,0.3835043210057442,204.89059570175448,0.9831428047778422,0.24010149643096027,0.18658280922431866,0.6313557828381726,0.22013246849870527,0.21802506160509383,0.2151642785196722,0.2253355145289535,0.22013246849870527,0.7463768115942029,104.31449205528648,0.7591421302742387,0.6281522002355743,inf,0.46779767793344035,2.696249360238925,1.5425079530682735,0.017685973461050268,0.31225114357812467,276
-1.073958530533831,-0.9997304349596664,1.0,1.0,0.38455976611816933,207.10246650697633,0.9785749795584787,0.24190749852221882,0.1875,0.6318790673459412,0.22182822342459912,0.21973461576217893,0.21703571462652643,0.2268371645036483,0.22182822342459915,0.7472924187725631,104.68691225257523,0.7591614939128474,0.6281125997825213,inf,0.4678670086709637,2.6961029374399144,1.54258743623982,0.01768400845697807,0.31224793812187485,277
0.5142954619080652,0.2916856324021805,1.0,0.0,0.38566206408366827,208.22722450049545,0.9765051331428426,0.2365920584911055,0.18633540372670807,0.6296296312327477,0.21860449874568463,0.21650844652797593,0.21380115297993907,0.22362863276612857,0.21860449874568463,0.7446043165467626,105.06070399354243,0.7591817046083154,0.6280674257286575,inf,0.46793946602169745,2.6959405174790008,1.542653919820424,0.017681804362348053,0.31224114395514746,278
0.8378286825906738,1.0781871471112754,2.0,0.0,0.3867119623230847,209.9946131002891,0.9738901239609274,0.2384224868328579,0.18633540372670807,0.6306983079683327,0.21978043918864135,0.21769434435581292,0.21480893182484562,0.2249875183102563,0.21978043918864132,0.7455197132616488,105.43816409824296,0.7592066224054733,0.6280093737186526,inf,0.46801341572604027,2.695733429287303,1.5427076851132122,0.017679119689758792,0.31222742789754765,279
-0.4759122741205244,0.0489382513191266,1.0,0.0,0.38558202923741103,209.54457274962834,0.9761948301613043,0.23319451194512447,0.1851851851851852,0.6284966291310198,0.2166189279143017,0.2145305255098192,0.2116378836710424,0.22184008810844852,0.2166189279143017,0.7428571428571429,105.81130534788952,0.7592265033424958,0.6279613677172382,inf,0.4680879168150875,2.6955821435459986,1.5427490069989922,0.017677258305319275,0.3122185468483692,280
0.2397824261773671,0.4276241658086908,2.0,0.0,0.38664256503604594,210.58455572943038,0.9740939717890714,0.2350120553107121,0.1851851851851852,0.6295612115760172,0.21777911037448527,0.21570051148146271,0.21263007732725,0.223183709335354,0.21777911037448527,0.7437722419928826,106.18549552782359,0.7592486395180402,0.627908926136763,inf,0.46816550678697644,2.695419100221,1.5427781541046592,0.017675222457337842,0.3122066199958372,281
-0.5249324590724348,0.0683580418057709,1.0,0.0,0.3854516760937218,210.07895399193933,0.9765005634997854,0.22986941841995404,0.18404907975460125,0.6274059925737869,0.21467783130053844,0.21259705545608645,0.2095205817746095,0.22009537431826,0.21467783130053844,0.7411347517730497,106.55522313801617,0.7592667174348996,0.6278668628705892,inf,0.468243407727786,2.695313587287935,1.5427953889665005,0.017674011016414495,0.31219972930336737,282
0.1319380192831642,-0.9317611682564112,2.0,1.0,0.38365456007146825,209.786119147797,0.980633775302189,0.22485580836228752,0.1829268292682927,0.6244558164475353,0.20728841253852143,0.2051977538528368,0.20245741560308464,0.21235559784945518,0.2072884125385214,0.7385159010600707,106.92129014514306,0.7592808733248868,0.6278417677252106,inf,0.468320818217583,2.6952556555384364,1.5428323535378978,0.017673879131539047,0.31220108526044343,283
0.6613560167637964,-0.3006179774404711,2.0,0.0,0.38373081966817485,210.0856394595075,0.9811919192712905,0.22665102657425024,0.1829268292682927,0.6255160552384929,0.20843095638985934,0.20634992993491683,0.20344166548776244,0.2136711188046577,0.20843095638985934,0.7394366197183099,107.28582848194293,0.7592940138097409,0.6278188300027415,inf,0.4683992598396215,2.695218204213415,1.5428574540571076,0.017673829461935898,0.31220317293130123,284
0.4652752769561548,0.1848767847256368,2.0,0.0,0.38470023412583415,211.03841939032299,0.9796612351220657,0.2284396443082894,0.1829268292682927,0.6265788030863552,0.20956364416937323,0.20749213047887402,0.20441672464104668,0.2149764422196975,0.20956364416937326,0.7403508771929824,107.65115450626821,0.759308512419734,0.6277920429692865,inf,0.4684804330902245,2.6951717407399602,1.542870943886928,0.017673630395901866,0.31220256692820564,285
0.3476268330715699,-0.3200377679271153,1.0,0.0,0.38452748637981415,211.10966066812225,0.9806731763835086,0.22346592098921822,0.1818181818181818,0.6244967480671975,0.20656481416609124,0.20449142725603106,0.20140978744046587,0.21199065521943145,0.20656481416609124,0.7377622377622378,108.0141668085905,0.7593211147486265,0.627769811043385,inf,0.4685627643613596,2.6951555626297847,1.5428730707245963,0.017673826855409733,0.31220384850681937,286
-0.3484597932455575,0.9422486137047652,1.0,0.0,0.38483841415129294,211.67095676915685,0.98075761753556,0.21857813088518854,0.18072289156626506,0.6224648423801681,0.2036270488774369,0.20155193017153333,0.19846576910241567,0.209063943657663,0.20362704887743693,0.735191637630662,108.37660313712396,0.7593343700133288,0.6277469072945806,inf,0.46864593441175073,2.695147559994921,1.5428640767469692,0.0176737146086647,0.3122044554085365,287
0.1809582042350746,-0.9414710634997334,1.0,1.0,0.38297911673478624,211.27841534609573,0.9851502164312753,0.2203065304938407,0.18163672654690619,0.6229246066492043,0.20527363129379186,0.20321165688282347,0.2002738230159147,0.21052947038917502,0.2052736312937919,0.7361111111111112,108.73514603680678,0.7593425410899584,0.6277417572663544,inf,0.4687290655986706,2.695189853687966,1.5428742233715982,0.017674689571858207,0.31221364002421437,288
-0.3386557562551754,0.7771803945682885,2.0,0.0,0.38332245494766937,211.79907739207178,0.9852425197826964,0.22207052238963154,0.18163672654690619,0.6239654576216089,0.20639053609427588,0.20433787211245463,0.2012324349252995,0.2118200242128819,0.20639053609427588,0.7370242214532872,109.09300690956812,0.7593504934792166,0.6277364218726943,inf,0.4688134391487956,2.6952415001351775,1.542873287286922,0.017675479142594746,0.3122222994100084,289
-1.0151343085915387,-2.2037574451316138,1.0,1.0,0.38477487047262726,214.84903583108218,0.9823313897124255,0.22378865890957947,0.18253968253968256,0.6244278750330903,0.20802442742822647,0.2059846714901087,0.20302828855200877,0.2132726607619483,0.20802442742822644,0.7379310344827587,109.45894472590554,0.7593651222307921,0.6277143398027977,inf,0.4688992127522308,2.695192226762203,1.5428912006954993,0.01767577526795749,0.3122218880503315,290
1.131949792302136,-0.7375632633899681,2.0,0.0,0.38383457897945505,214.26635564854274,0.9845744354698579,0.22554111728142195,0.18253968253968256,0.6254609862973989,0.20913614820193202,0.20710555820816737,0.2039820721386052,0.21455743512681677,0.20913614820193197,0.738831615120275,109.82034959115602,0.7593751378642029,0.627701326573535,inf,0.46898198923479434,2.6952004219735706,1.542898071007037,0.017676053871632614,0.3122265827102915,291
0.2986066481196595,1.2335454710044298,2.0,0.0,0.3847365672336273,215.70522372161528,0.9827260167360123,0.22728729942426898,0.18253968253968256,0.6264965133647575,0.21023849488955576,0.20821695984159325,0.20492714229711995,0.21583249512627772,0.21023849488955573,0.7397260273972602,110.18421513799606,0.7593887799574567,0.6276790837127977,inf,0.4690659147342798,2.6951786899756787,1.542894129327564,0.01767582646672964,0.31222623133719624,292
-0.9955262346107744,0.9519585089480872,1.0,0.0,0.38365569173939873,214.93071833271458,0.9854920157591499,0.22244700387703475,0.1814595660749507,0.6244794503433166,0.20732767441095498,0.2053043665800901,0.20200968433901664,0.21293323146441348,0.20732767441095498,0.7372013651877133,110.54293603934785,0.7593979150039825,0.627667662874542,inf,0.4691469780624077,2.6952219344549397,1.5428796017169815,0.0176755753626257,0.31223185669459824,293
-0.936702012668482,0.6121121754318117,1.0,0.0,0.3824570627095144,214.15731313466011,0.9883655559759679,0.2176883192587633,0.1803921568627451,0.6225099668491645,0.20447436661709126,0.2024494159894951,0.19915147533521768,0.21008961077082866,0.20447436661709123,0.7346938775510204,110.89656872567998,0.7594035013113362,0.6276674861498575,inf,0.46922630195812504,2.6953299120480034,1.542854709315194,0.01767567494707596,0.3122434209133983,294
0.3672349070523341,-0.8735017967964783,1.0,1.0,0.3799282016938483,213.1621939873169,0.9942835846450032,0.21937416242325078,0.18128654970760236,0.622951640960468,0.2060835091539659,0.20407111206909181,0.20092199850953266,0.2115172013036981,0.20608350915396587,0.735593220338983,111.24441098847466,0.7594028020621071,0.6276914701539958,inf,0.46930768485634217,2.695512116940651,1.542848113111327,0.017677223955867113,0.3122662949063042,295
-0.5151284220820528,-0.3880070346303704,1.0,1.0,0.3783564959573306,213.3793629469147,0.9962916843021232,0.22105536298535508,0.1821705426356589,0.6234058302606332,0.2076763616089127,0.20567632650579623,0.20267699970370154,0.2129285960164223,0.2076763616089127,0.7364864864864865,111.59063116460496,0.7593995733831029,0.6277244043824652,inf,0.4693852777532284,2.6957153038066464,1.5428596276709419,0.017679943817475507,0.31229424004486295,296
0.8672407935618199,1.835558976090404,2.0,0.0,0.37861149514633136,214.84589734732853,0.9941843729691269,0.22277300488682966,0.1821705426356589,0.624410581710433,0.20876785891047236,0.20677666159547087,0.20361037357530162,0.2141934144684389,0.20876785891047236,0.7373737373737373,111.93946652333038,0.7594013412172333,0.6277453925608281,inf,0.469459931382406,2.6958851323142765,1.542860625410316,0.017682498868044908,0.3123167583064454,297
0.1515460932639284,-1.9513001688052376,2.0,1.0,0.3787010968931877,215.5845232627123,0.9964001710047832,0.2181111658156053,0.18111753371868977,0.6216473435729056,0.20187008802746412,0.1998703679354973,0.19702322599592734,0.20696143456342314,0.20187008802746412,0.7348993288590604,112.28843977834514,0.7594001875555649,0.6277736656206131,inf,0.4695385923513741,2.696053379269011,1.5428794659465273,0.017684305764122218,0.31234165657309215,298
-0.7112091618896943,-1.7376824734521503,1.0,1.0,0.3799183609533743,218.0760219062488,0.9936657226162587,0.21977613288526288,0.18199233716475097,0.6221050481880022,0.2034448324974702,0.201457212313695,0.1987496232834946,0.20836724591773717,0.2034448324974702,0.7357859531772575,112.64343166468039,0.759403093604236,0.6277885823950737,inf,0.46961414830101994,2.696146246828635,1.5429159702548578,0.017685512621393035,0.3123602376756215,299
0.0240936123889614,1.36948400441094,2.0,0.0,0.38053673415202155,219.24971173334438,0.9924651086119156,0.2214738999661145,0.18199233716475097,0.6231023604233261,0.20452897902169256,0.20255004268335006,0.1996844701581144,0.20961439602314297,0.20452897902169256,0.7366666666666667,112.99997440738497,0.7594074685644452,0.6277965397950993,inf,0.46969007821880876,2.69622029804864,1.5429418180524221,0.017686191291672752,0.3123751203699539,300
-1.4857280841298783,-2.271726711834869,1.0,1.0,0.3821434536809896,222.764667361019,0.9887436465255047,0.22312935799527334,0.18285714285714286,0.6235622662869478,0.20609221234940228,0.20412516767553038,0.2013997994710104,0.21100849825058918,0.20609221234940225,0.7375415282392026,113.36585671723039,0.7594186793055815,0.6277850447113501,inf,0.46976931264625466,2.6961811849516697,1.542985072194491,0.01768685488350496,0.31237917932918635,301
0.4750793139465369,1.427743375870873,2.0,0.0,0.3829276464617286,224.3559477039155,0.9867278088310177,0.22481648506217625,0.18285714285714286,0.6245524707657486,0.207171509023853,0.2052130184742919,0.20233010351449698,0.21225028717825442,0.207171509023853,0.7384105960264901,113.73459456103998,0.7594319913886952,0.6277632771174386,inf,0.46984883770902386,2.696108802854189,1.5430177123740887,0.017687072928645967,0.31237789239503283,302
-0.3974799781974678,-2.09694859745507,2.0,1.0,0.3838381413127885,226.46499983453245,0.9857272237400828,0.22020129410353714,0.1818181818181818,0.6218374025314248,0.20056459314936517,0.19859823656856865,0.1960106738553752,0.2053351481111192,0.20056459314936517,0.735973597359736,114.10787404870055,0.7594473725304342,0.6277348017026801,inf,0.4699292897342865,2.6959838477729607,1.5430675072650253,0.017686564911563212,0.3123727584785134,303
1.259402273177103,0.5829824897018453,2.0,0.0,0.3845541272970051,227.9360756295821,0.9839564995698364,0.2218741676786964,0.1818181818181818,0.6228296931966338,0.2016324594523703,0.19967453589979084,0.19693800982467133,0.20655617925467926,0.2016324594523703,0.7368421052631579,114.48354468098069,0.7594649739402022,0.6276976812767214,inf,0.47001016458862166,2.6958321435039676,1.5431067317768894,0.017685590749188063,0.3123630692170833,304
0.229978389186985,-1.1259590731228544,1.0,1.0,0.38334262310104383,227.79775654072142,0.9874075873786516,0.22350914462955446,0.18267419962335216,0.6232831149088097,0.20318197260510326,0.2012356660256558,0.19862972741490273,0.20794777102192402,0.20318197260510326,0.7377049180327869,114.85628879894035,0.7594779798303437,0.6276737252260206,inf,0.4700911409096267,2.6957154953927738,1.5431628649873455,0.017685230231251264,0.312359707381388,305
1.5633274198789473,-0.0190310153841284,2.0,0.0,0.38333152395515696,228.37909472383802,0.9873387866208704,0.22517171973646277,0.18267419962335216,0.6242683212000134,0.2042452390646632,0.2023072418985879,0.19955273173480587,0.20916375070204918,0.20424523906466316,0.738562091503268,115.22849472000561,0.7594918796937572,0.6276480667913509,inf,0.4701702282099151,2.6956060989051056,1.543208472363931,0.017684329708387337,0.3123557790441617,306
0.4358631659850086,1.058767356624631,2.0,0.0,0.38438991114004034,229.96257910126982,0.9851178656813695,0.22682867866343856,0.18267419962335216,0.6252557150333874,0.20530004260173765,0.20337025940133585,0.20046778826035616,0.2103710131063032,0.20530004260173765,0.739413680781759,115.60344270817967,0.7595083920926452,0.627613478868836,inf,0.4702510591632971,2.6954660317776913,1.5432437616961399,0.017683015331407783,0.3123468655560062,307
1.3966587910424522,-0.8735017967964783,1.0,0.0,0.3831305149007267,228.8519027641066,0.9879512816780232,0.22223457269584598,0.18164794007490637,0.6233238841275034,0.20252050581242612,0.20058917837272497,0.19767939300103096,0.20760468626816658,0.2025205058124261,0.737012987012987,115.97233020021852,0.7595205607669728,0.6275907018040139,inf,0.4703269976342738,2.6953970463965313,1.5432689364575223,0.017681596388553093,0.31234484747554553,308
-0.4465001631493782,-1.397836139935875,1.0,1.0,0.38380009883464605,230.6498365638727,0.9862829681786323,0.22384801901794996,0.1824953445065177,0.623764208344491,0.2040552167023807,0.20213524371293493,0.19935629646127628,0.20898099555897667,0.20405521670238072,0.7378640776699029,116.34465976633429,0.759535224585263,0.6275620601774886,inf,0.47039886467595415,2.6952891075452725,1.543310629955644,0.017679921059156636,0.31234051247607925,309
-0.4366961261589961,-1.475515301882452,1.0,1.0,0.38453908668527886,232.51246393124273,0.9846416416219236,0.22545694888811713,0.18333333333333335,0.624215619362829,0.20557524313548298,0.20366646044758385,0.2010191722300011,0.21034262885739438,0.20557524313548298,0.7387096774193549,116.72060735262849,0.7595516571707486,0.6275272618181409,inf,0.4704670271829368,2.6951408211984003,1.5433686823317627,0.017677932726717464,0.3123336053301927,310
-0.2112032753802084,1.3986136901409063,2.0,0.0,0.384880174502265,233.3867345835456,0.9841455862217051,0.22709354261458375,0.18333333333333335,0.625181010381866,0.20662465224537085,0.2047239172953766,0.20192837570063016,0.21154457406366559,0.20662465224537083,0.7395498392282959,117.09694969853469,0.7595687940234171,0.627489024937265,inf,0.4705349243976524,2.6949891317687773,1.5434165017361439,0.01767547652559017,0.31232493751543966,311
-0.0739467575148593,0.6412418611617783,2.0,0.0,0.3856051834445219,234.26348961878125,0.9831924297891288,0.2287246827245014,0.18333333333333335,0.6261485642302813,0.20766580420145153,0.20577302577141332,0.20282984046497599,0.21273800297354462,0.20766580420145153,0.7403846153846154,117.47369098445186,0.7595861341357344,0.6274483892512152,inf,0.47060488912085835,2.6948340144324745,1.5434542868489012,0.0176728921177085,0.312314516669903,312
0.5240994988984473,-0.6987236824166795,1.0,0.0,0.38441580128967406,233.5698574745999,0.9857077276508345,0.22417842262727602,0.18232044198895028,0.6242366554174202,0.2049153660214912,0.20302103257077161,0.2000707564046808,0.21000041722592147,0.2049153660214912,0.7380191693290735,117.84579408217672,0.7596000486071164,0.6274172539872876,inf,0.47067390240262685,2.694732355774293,1.5434822322887838,0.01767088945607604,0.3123089879875722,313
1.5535233828885653,1.1364465185712085,2.0,0.0,0.3847605352417965,235.12547198727046,0.983697243713257,0.22579880614965023,0.18232044198895028,0.62520056701175,0.20594393605208045,0.20405744870506462,0.20095967438564394,0.2111817281386325,0.20594393605208045,0.7388535031847133,118.2204895387425,0.759618853745556,0.6273761848692718,inf,0.4707409504840125,2.6946023233310608,1.5435005287085046,0.017668688012433955,0.3122988131430924,314
1.1809699772540465,0.4567538515386572,1.0,0.0,0.3854910030706807,236.5068233230613,0.9821071499480225,0.22131895577338712,0.1813186813186813,0.6233248643097817,0.2032406802009572,0.20135272602324045,0.19824888081508207,0.20849035434023896,0.2032406802009572,0.7365079365079366,118.59719760811932,0.7596389372672097,0.6273280831013807,inf,0.47080888718786357,2.694450754354442,1.5435093628874836,0.017666081583466237,0.3122848057414887,315
0.1613501302543105,0.2334262609422476,2.0,0.0,0.38615838729252494,237.24140607414944,0.9812138463370323,0.22292861159111146,0.1813186813186813,0.6242850323523153,0.20425689405802952,0.20237667793038333,0.19912550840252105,0.2096597427699719,0.2042568940580295,0.7373417721518988,118.97384588896387,0.7596584799808933,0.6272789605191578,inf,0.47087902997801817,2.6943008871717713,1.5435089178220882,0.017663518609140685,0.3122696815589821,316
-0.4759122741205244,-0.8832116920398005,1.0,1.0,0.38605491289290583,238.40518130327877,0.9803892221962849,0.22450066689398973,0.18214936247723135,0.6247006379472745,0.2057627448125216,0.20389338404861207,0.2007734565843839,0.21100632323411492,0.2057627448125216,0.7381703470031545,119.35179315293321,0.7596785528202334,0.6272295661752788,inf,0.47094460604187954,2.6941376667616947,1.5435242484353386,0.01766125756290355,0.31225518726795154,317
-0.681797050918548,-0.9608908539863776,1.0,1.0,0.3864744390466876,240.0643784556278,0.9778505132062398,0.22606838147164984,0.18297101449275363,0.6251269229101031,0.20725444029901377,0.20539578093292635,0.20240789431001266,0.21233877579717875,0.20725444029901377,0.7389937106918238,119.73258995199532,0.7597000142851862,0.6271756650330914,inf,0.4710050827936511,2.6939442374575435,1.5435552059000783,0.01765903557873759,0.31223928135822615,318
0.0535057233601076,0.5150132229985902,2.0,0.0,0.38726873514419835,240.99135705167757,0.9765927189839196,0.22766410352066352,0.18297101449275363,0.6260719201228637,0.20826999810253127,0.20641894414487663,0.20328390952580336,0.21350683153541533,0.20826999810253127,0.7398119122257053,120.1139068296673,0.7597216576939647,0.62711931570817,inf,0.4710678053805441,2.693746292331292,1.5435767676334307,0.017656717493643496,0.3122215642848001,319
0.9260650155041124,0.3402351086187913,2.0,0.0,0.3881034807569118,242.28793397902015,0.9750375762924623,0.229254570750319,0.18297101449275363,0.6270188478208214,0.20927776476010726,0.2074342323698608,0.20415265378397474,0.21466682676680682,0.2092777647601073,0.740625,120.49689751038628,0.7597453428394554,0.6270574081015912,inf,0.47113217211997216,2.693531385015762,1.5435891125410266,0.01765407662293429,0.3122005979519621,320
-1.1523908264568878,-0.0190310153841284,1.0,1.0,0.3869714323918191,242.44177081990054,0.9777827135001541,0.2308092049991772,0.1837837837837838,0.6274385602892212,0.21076247873838028,0.20892945096787682,0.20578025079927081,0.21599194611624184,0.21076247873838028,0.7414330218068536,120.8779752394785,0.7597659859603233,0.6270048128230227,inf,0.4711956198250894,2.693338326888118,1.5436168026362684,0.017652118174339343,0.3121842494565527,321
-0.8680737537358075,-1.397836139935875,1.0,1.0,0.3881056438053628,244.98857149419544,0.9742870426566911,0.23235945537523697,0.18458781362007168,0.6278684699934604,0.21223334478663877,0.210410674587324,0.20739456040939155,0.21730331323286833,0.21223334478663877,0.7422360248447205,121.26461261098854,0.7597904963320066,0.6269412337112262,inf,0.4712545789013006,2.693086862385153,1.543659694951569,0.017649791180007385,0.3121630842562397,322
-0.8680737537358075,-1.2036382350694317,1.0,1.0,0.38907736812150634,247.3019944956195,0.970606682201315,0.23390537317079169,0.18538324420677363,0.6283083555870236,0.21369056020250768,0.21187810361439585,0.20899573721420364,0.21860115670288852,0.21369056020250768,0.7430340557275542,121.65603305162402,0.7598174813404507,0.6268685531447723,inf,0.47130863086129926,2.6927863342189027,1.5437176482898387,0.017647203550238688,0.3121381052967389,323
-1.3288634922837652,0.0198085655891601,1.0,1.0,0.3881845690460626,247.49533513638366,0.9734319537197558,0.23544700531284637,0.18617021276595744,0.6287579983550665,0.21513431886489312,0.21333193493113572,0.21058393406745757,0.21988570007168134,0.21513431886489312,0.7438271604938271,122.04562841411553,0.7598412399287495,0.6268049171681898,inf,0.4713626501970869,2.6925063432047986,1.5437905231971607,0.017645081394908654,0.31211739766830676,324
-0.0837507945052414,-0.0190310153841284,1.0,0.0,0.38797612109412294,247.57806382500632,0.9742523246812818,0.2309815809973591,0.1851851851851852,0.6268746878940344,0.21242773927174652,0.21062372141402408,0.20786881788557904,0.21719111469151603,0.21242773927174655,0.7415384615384616,122.43307420242077,0.7598631981471492,0.6267451218104256,inf,0.4714181049244981,2.692250256054329,1.5438537952608535,0.01764336165713645,0.31209826727840945,325
-0.7014051248993122,-1.281317397016009,1.0,1.0,0.38886790534624366,249.7282225246277,0.9713755794454288,0.23251292173960014,0.18596491228070175,0.6273288275847244,0.21385195420378236,0.2120578390294103,0.20943780930139236,0.21845617155733463,0.21385195420378236,0.7423312883435583,122.8247515818737,0.7598884780161449,0.6266776791690113,inf,0.4714690830108615,2.6919513928622743,1.5439317899142613,0.01764139775893368,0.31207594103528435,326
-1.436707899177968,0.6703715468917447,1.0,0.0,0.3866668661065989,247.51126779933344,0.9758895934336512,0.22810879803021533,0.1849912739965096,0.6254798960364637,0.21118781816332108,0.20939213754961233,0.2067663369034751,0.21580252891218948,0.21118781816332108,0.7400611620795107,123.2072255580009,0.7599067697453128,0.6266285786874518,inf,0.4715151954277627,2.6917501441601273,1.544000224497683,0.01763998901301532,0.3120638613007302,327
-1.0151343085915387,0.6703715468917447,1.0,0.0,0.3854746615235913,246.56086442399794,0.9786658294688042,0.22377096790474504,0.1840277777777778,0.6236697819554914,0.20857116523077762,0.20677401614354385,0.20414359186864525,0.21319505139769804,0.20857116523077757,0.7378048780487805,123.58445381141371,0.759922306733235,0.6265895827347153,inf,0.47155958336506665,2.6916057153389694,1.5440592747956245,0.017638855012227332,0.3120572275382448,328
-0.5543445700435811,0.9131189279747988,2.0,0.0,0.3854463764614174,246.8115233851664,0.9793420725054607,0.22531994201371416,0.1840277777777778,0.6245611901129583,0.2095758088335679,0.20778593311115104,0.2050073414696971,0.2143525281560257,0.2095758088335679,0.7386018237082067,123.96014609669953,0.7599377395512372,0.6265523842059895,inf,0.4716042477477691,2.691478631829232,1.5441091131727303,0.01763757028665272,0.31205141111125845,329
-0.799445494803133,-0.3491674536570818,1.0,1.0,0.384668966048882,247.39042928013313,0.9803979346177322,0.22683050323761056,0.1848013816925734,0.6250062959617273,0.21097798353745048,0.20919779263476757,0.20655423593094757,0.21559536391106596,0.21097798353745048,0.7393939393939394,124.33531413069174,0.7599520786743762,0.6265196446471735,inf,0.47164580552498836,2.6913580268092927,1.54417335970795,0.017636923431523243,0.3120482067592498,330
1.141753829292518,-0.2423586059805381,2.0,0.0,0.384681220072046,247.78576108706307,0.9807673424394118,0.22837044750767738,0.1848013816925734,0.6258919672907131,0.21197829367032991,0.2102052762207058,0.2074139364803833,0.21674805780891593,0.21197829367032991,0.7401812688821753,124.70940639419591,0.7599662106861029,0.626487398000337,inf,0.471687295541912,2.6912497542850637,1.5442284327561064,0.01763603665697528,0.31204524596759936,331
0.1221339822927821,0.3499450038621135,1.0,0.0,0.38540149571464105,248.64034206676865,0.9795666584998576,0.22408167646060273,0.18384879725085912,0.6241042776908854,0.20939364583518702,0.20761918637769566,0.20482347930865183,0.2141724123772734,0.20939364583518705,0.7379518072289156,125.0838200971342,0.7599806994118322,0.626453224290134,inf,0.47173103845574466,2.6911388709968436,1.5442744994296613,0.01763511664681604,0.31204078456922096,332
-1.1425867894665056,0.621822070675134,1.0,0.0,0.3838924044425024,247.34330227221895,0.9828426823439059,0.219856613781602,0.18290598290598292,0.6223538684204142,0.20685407416594478,0.20507826289149486,0.2022792774717566,0.21164058851782935,0.20685407416594478,0.7357357357357357,125.4520715494688,0.7599910181450543,0.6264311518759991,inf,0.4717724560588043,2.6910947362172952,1.544311723628459,0.017634583004425764,0.31204293602507965,333
-1.8974976377259256,-0.358877348900404,1.0,1.0,0.38419566259991605,248.77640970411943,0.9834845270849083,0.22134659939737467,0.18367346938775508,0.6227900008579912,0.20823477574931604,0.2064684384585955,0.20380456052354626,0.21286187495148035,0.20823477574931606,0.7365269461077845,125.82241490729056,0.7600027313535491,0.6264086590313659,inf,0.4718145584633573,2.691028774013369,1.5443630503440158,0.017633626357010778,0.3120443954668984,334
1.269206310167485,-0.4462664060903034,2.0,0.0,0.3838296371976993,248.72988537312986,0.9845675418110383,0.22286814040206934,0.18367346938775508,0.6236597028883321,0.20922288635199277,0.20746358997433428,0.2046516354022603,0.2140030167008988,0.2092228863519928,0.7373134328358208,126.19040134581103,0.7600129330489694,0.6263893186839684,inf,0.4718554290364304,2.6909886984289817,1.5444055690518268,0.017632446365549108,0.3120477034015194,335
-0.4563042001397603,0.6800814421350668,1.0,0.0,0.38390951954300434,249.0368819955152,0.9850528761011554,0.21869437427321148,0.18274111675126903,0.621935482952978,0.20671724334741645,0.20495663464936917,0.20214194876924413,0.21150444939984805,0.20671724334741642,0.7351190476190477,126.55710725819819,0.7600224098024354,0.6263714290181546,inf,0.471897231688317,2.6909629392526915,1.544439438738678,0.01763125219014548,0.3120515084476293,336
-0.0837507945052414,0.8548595565148657,2.0,0.0,0.3846150784388124,250.0345271346408,0.9840492767823807,0.22020663356464015,0.18274111675126903,0.6228023748123753,0.20769412674496202,0.20594046670616345,0.2029779845645686,0.21263463884745662,0.20769412674496202,0.7359050445103857,126.92459957925905,0.7600331898156244,0.6263502065458555,inf,0.47194067337417134,2.690929310116119,1.5444648153707055,0.01762982382453906,0.31205322556163284,337
-0.9072899016973358,-0.2617783964671824,1.0,1.0,0.38382412097601054,250.56135069712835,0.985368874563606,0.2216785935251228,0.1835016835016835,0.6232270308983593,0.20906302719008782,0.20731864662490485,0.20449127273438608,0.2138438751748575,0.2090630271900878,0.7366863905325444,127.29147421165628,0.7600425512262033,0.6263337527321912,inf,0.47198151543077516,2.690902826593263,1.5445039974106267,0.01762899968810771,0.3120576355107338,338
-1.16219486344727,2.233664681066612,2.0,0.0,0.3824244477833182,248.80777563500945,0.9878458091186307,0.2231824099238716,0.1835016835016835,0.6240886287175575,0.2100358476668882,0.2082983224590673,0.2053235156046112,0.21496956393191055,0.21003584766688818,0.7374631268436578,127.65098989634076,0.7600483543125625,0.6263296083685699,inf,0.47201405437244703,2.6909559703343313,1.5445347172353656,0.017627407847959412,0.31207018748485094,339
-0.7700333838319867,0.0392283560758044,2.0,0.0,0.3806675562627197,247.81655046639162,0.9907517702644446,0.22468183381660886,0.1835016835016835,0.6249525239685305,0.21100153043785752,0.20927078828384682,0.20614912438842042,0.2160878781497609,0.21100153043785755,0.7382352941176471,128.0054605764884,0.7600500067988812,0.6263357055847666,inf,0.47204615741861955,2.6910644064994944,1.5445571262110012,0.017626613269163864,0.3120880282412006,340
-0.8190535687838971,-0.601624729983458,1.0,1.0,0.38062297623983027,248.98969977859036,0.9898586172786866,0.22614222935902256,0.1842546063651591,0.6253709866668046,0.21236459262465848,0.2106429695424725,0.20765659711575093,0.21729102000780806,0.21236459262465845,0.7390029325513197,128.36129657414165,0.7600529128900415,0.6263409960091858,inf,0.4720744384200228,2.6911580716036396,1.5445931072665344,0.01762608534290815,0.31210600966397517,341
0.4162550920042445,-1.1745085493394651,2.0,1.0,0.37929429186003405,248.42631078862394,0.9940024912654214,0.2220448811762023,0.18333333333333335,0.6229491898324825,0.20626611755188384,0.20453778207102696,0.20180576464277192,0.21092809408020288,0.20626611755188387,0.7368421052631579,128.7133933900199,0.7600514361105127,0.6263609874781233,inf,0.4721047076081343,2.6912927854250612,1.5446425413486327,0.017626095136336836,0.31213060706308315,342
-1.2602352333510909,-0.7084335776600017,1.0,1.0,0.3799223225684012,250.30066578256654,0.9920418298842196,0.22349689477961265,0.18407960199004977,0.6233773399077294,0.20761318892651667,0.20589382653403066,0.20328930829836056,0.21212500113560584,0.20761318892651667,0.7376093294460642,129.068911730349,0.760052007167176,0.6263749150960699,inf,0.47213142503402006,2.6913902498291176,1.5447053107923399,0.017625937194461132,0.31215260011138457,343
0.5044914249176832,0.621822070675134,2.0,0.0,0.38093357687245777,251.7138519462001,0.9897310797093922,0.2249772452007352,0.18407960199004977,0.6242282631215103,0.20857623019184438,0.2068635291845843,0.2041189749761901,0.2132324932501768,0.20857623019184435,0.7383720930232558,129.42647715371882,0.7600541847678143,0.626382486504731,inf,0.4721603469591498,2.6914657761713485,1.5447595648953345,0.017625503755624706,0.31217088310691266,344
0.6907681277349426,0.3013955276455027,2.0,0.0,0.3817737581287341,252.8969685865835,0.9881648235277728,0.22645331813937294,0.18407960199004977,0.6250813862751748,0.20953232813611714,0.2078262193515047,0.204942152105623,0.214332831176144,0.20953232813611714,0.7391304347826086,129.78540300090737,0.7600576413030228,0.6263853768075934,inf,0.47219121712737433,2.6915269394669004,1.5448054529519997,0.01762484363549694,0.3121863553322319,345
-0.4661082371301424,1.0781871471112754,2.0,0.0,0.3819223795430764,253.38499827364973,0.9883685127527094,0.2279250743067341,0.18407960199004977,0.6259365802442388,0.21048156131905202,0.20878197668898718,0.20575892177132554,0.21542608443974415,0.21048156131905202,0.7398843930635838,130.14366269735012,0.7600610104517451,0.6263879139821141,inf,0.47222245976129,2.6915954619742397,1.5448431214934837,0.017623926312114447,0.31220156703504626,346
-0.6131687919858735,-0.0772903868440614,1.0,0.0,0.3802846530347138,252.53529566068073,0.9910010625658919,0.2238293330389623,0.1831683168316832,0.6242271340615081,0.20801238104423372,0.20631150181033694,0.20328381157419786,0.21296617115308025,0.20801238104423372,0.7377521613832853,130.49739574059674,0.760060959067345,0.6263994716872318,inf,0.47225366318512585,2.691712741145908,1.5448727143464958,0.017623791471787335,0.3122213571717972,347
0.6809640907445605,0.689791337378389,1.0,0.0,0.38126442990798654,254.0633861162387,0.9888168249847642,0.2197918804626434,0.18226600985221675,0.6225517679996161,0.2055845486644339,0.20388245382901637,0.20085118562659252,0.21054639400288686,0.20558454866443393,0.735632183908046,130.85349369556977,0.7600641748165393,0.6264038766845914,inf,0.4722867294778741,2.6918047440092803,1.544894372690652,0.017623346250769775,0.31223708387429344,348
1.112341718321372,0.689791337378389,2.0,0.0,0.38200437738802706,255.6118267195156,0.986991887974082,0.22125054248655793,0.18226600985221675,0.6233994231961496,0.20651978649038064,0.2048241184052065,0.20165375020658416,0.21162647102038332,0.20651978649038064,0.7363896848137536,131.2119946525351,0.760069813765369,0.6264006913382857,inf,0.47232070580977703,2.691871361768551,1.5449082351144214,0.017622561858296092,0.3122487481646914,349
-0.5543445700435811,-3.194166759950474,1.0,1.0,0.38295173179329417,257.49811389928686,0.9865451028488956,0.2226720530545624,0.18300653594771243,0.6237975227800794,0.2078559018287653,0.2061689646854346,0.20312560114974154,0.21281176979149874,0.2078559018287653,0.7371428571428571,131.5738459970817,0.7600759719555299,0.6263996362680223,inf,0.4723678281219146,2.6919029647904353,1.5449350053373279,0.01762172054025243,0.31225811170865986,350
0.8378286825906738,0.8257298707848992,2.0,0.0,0.3838611359086811,259.15099862612306,0.984438442852087,0.22412285326204934,0.18300653594771243,0.6246400755733341,0.2087874689519495,0.20710687562231003,0.20392473778039077,0.21388777589047325,0.2087874689519495,0.7378917378917379,131.93835214745036,0.7600833617572545,0.6263908116723783,inf,0.47241630863900297,2.6919072595340396,1.5449540053686748,0.01762056721299645,0.31226320678190544,351
-0.2798315343128829,-0.5919148347401357,1.0,1.0,0.3826622516342194,259.3611430411387,0.9861625225608078,0.2255373378835293,0.183739837398374,0.6250396397360319,0.2101151527853933,0.2084431618599118,0.20538842624691653,0.2150645620162025,0.21011515278539325,0.7386363636363636,132.30138004173438,0.7600883001091997,0.626388461756049,inf,0.4724623702064027,2.691927237120569,1.544985752237565,0.017620179280658524,0.3122718699330791,352
1.5437193458981833,1.2335454710044298,2.0,0.0,0.3829183387776523,260.89241893984314,0.9843020679836194,0.22698026414997807,0.183739837398374,0.6258770949454903,0.2110430306636101,0.2093773020495331,0.20618412466971958,0.21613647227715865,0.21104303066361008,0.7393767705382436,132.66669549314946,0.760096704067358,0.6263778632773719,inf,0.4725066597879263,2.6919239426048653,1.5450097552406106,0.017619682688895542,0.3122767467822957,353
-0.5739526440243452,-1.1939283398261096,1.0,1.0,0.3835378367664792,262.71620816785287,0.9822007630396079,0.2283876868522357,0.18446601941747573,0.6262780053494407,0.2123623323626102,0.2107050801848275,0.20763967291574079,0.21730482071263396,0.21236233236261023,0.7401129943502824,133.03510771035826,0.7601058199696985,0.6263622410050924,inf,0.47254725979416407,2.6918894049944435,1.545046347222465,0.017619057856148576,0.3122796694920637,354
-0.6131687919858735,1.1947058900311411,2.0,0.0,0.38344337254104743,262.9469260615905,0.9828485827831586,0.22982273053810445,0.18446601941747573,0.6271103695629601,0.21328650430866844,0.211635434343737,0.20843192439401054,0.21837261240450065,0.21328650430866844,0.7408450704225352,133.40209024807362,0.7601140718451712,0.6263478266664986,inf,0.4725873681089266,2.6918698643474,1.5450752222256232,0.017618164577270685,0.3122832924080096,355
-1.3386675292741472,-1.6891329972355396,1.0,1.0,0.3847563233481174,266.21970538988273,0.9794978857181,0.23122305964314788,0.1851851851851852,0.6275125123989844,0.21459747424803277,0.21295475725694124,0.2098793566098617,0.21953259812148682,0.21459747424803277,0.7415730337078652,133.77622437523362,0.7601272388895024,0.6263198629759654,inf,0.47262570292084316,2.691778818462993,1.545116531371833,0.017616944260823962,0.312280209162662,356
0.7888084976387634,0.3596548991054356,2.0,0.0,0.38556886490274234,267.49962246798583,0.9779716529164442,0.23265021540831388,0.1851851851851852,0.6283397938717165,0.2155179253424536,0.21388131183961015,0.21066815385247736,0.2205962506013888,0.21551792534245365,0.742296918767507,134.15185189796608,0.7601409701644419,0.6262873376195369,inf,0.47266568002659315,2.6916735818663295,1.5451501509540477,0.017615484255657298,0.3122744354938598,357
1.4162668650232162,-0.1452596535473165,1.0,0.0,0.3855170378805115,267.90405868989166,0.9782177618014074,0.2286264776504288,0.1842948717948718,0.6266568164293173,0.2130911411324624,0.2114532129080701,0.2082353078211173,0.21817884756870773,0.2130911411324624,0.7402234636871509,134.52650793940003,0.7601546939632906,0.6262548111405543,inf,0.47270480152288535,2.6915785937502816,1.545176211519354,0.017613696949296955,0.31226883456622323,358
0.229978389186985,0.3596548991054356,1.0,0.0,0.3862759744452426,268.87288697449384,0.9767535295976058,0.22465801991663029,0.18341307814992025,0.6250061172294671,0.21070364640890044,0.20906447688616267,0.20584283291239117,0.21579958051885081,0.21070364640890044,0.7381615598885793,134.90177715458188,0.760168796472575,0.6262199497209725,inf,0.4727458916670397,2.6914781796583234,1.5451948412851602,0.017611848490433388,0.31226158207519017,359
-2.005342044620128,-1.834781425885372,1.0,1.0,0.38759183375639183,272.4758432154987,0.9738306916244056,0.22604083312312603,0.18412698412698414,0.6254008281201714,0.21199596918037525,0.2103649837322282,0.20727147690838094,0.2169408629287796,0.21199596918037522,0.7388888888888889,135.28499182327522,0.7601880203733666,0.626172136970345,inf,0.47278936162803764,2.6913011732788705,1.5452256586043815,0.017610009996234532,0.3122470154287627,360
-1.7798491938413403,-1.5143548828557407,1.0,1.0,0.3888294950909424,275.8389671259663,0.9709019094977397,0.2274205158876133,0.1848341232227488,0.62580350241871,0.2132776039134948,0.21165470145515325,0.20868983507924882,0.21807161880162657,0.21327760391349482,0.739612188365651,135.67541953244935,0.7602106005889373,0.626111926229082,inf,0.4728322239570769,2.6910564830021677,1.5452685621954103,0.017607882962338502,0.31222609825832875,361
1.916272751532702,-1.3881262446925526,2.0,0.0,0.3868335616752654,272.56667466331976,0.9751447111776811,0.22882851850622596,0.1848341232227488,0.6266104316855922,0.21419043470322777,0.21257351570482244,0.20947043416301434,0.21912805046120098,0.21419043470322777,0.7403314917127072,136.05461968516644,0.7602261895222766,0.626070982993053,inf,0.47286633457415794,2.6909197399696567,1.5453039594783242,0.017605557240185126,0.3122168203954501,362
-0.2504194233417367,-0.8735017967964783,1.0,1.0,0.3863398844933071,273.2248497397114,0.975870590021633,0.23020141495985147,0.18553459119496854,0.6270141690216487,0.21546417336268373,0.21385522216714922,0.21088107380144747,0.22025090848229675,0.21546417336268373,0.7410468319559229,136.43354297260996,0.760241101125905,0.6260333293374484,inf,0.4728979593501869,2.690786385877354,1.545351297509937,0.01760362026023233,0.31220948892821365,363
-0.5151284220820528,-0.6404643109567466,1.0,1.0,0.3858644672053463,273.9692394483957,0.9761487307268977,0.2315711806824666,0.18622848200312989,0.6274255525634244,0.21672746275472485,0.2151263821284432,0.2122816100438601,0.2213635195630975,0.21672746275472482,0.7417582417582418,136.8124291887967,0.7602551957773662,0.6259981561935563,inf,0.4729266201972351,2.690654094819975,1.545410477877485,0.01760212095759069,0.3122037890815867,364
-0.1229669424667697,0.6509517564051004,2.0,0.0,0.3864317114681048,274.8138257849718,0.975437853167596,0.23296791929425487,0.18622848200312989,0.6282210527607242,0.21763922475759948,0.2160440368441749,0.21306121263065858,0.22241829092614934,0.2176392247575995,0.7424657534246575,137.19155390472025,0.7602695674539138,0.6259613715693669,inf,0.4729568983139092,2.6905202164321453,1.5454620818153686,0.017600536697304568,0.3121969225997866,365
-1.1229787154857416,0.2431361561855697,1.0,0.0,0.3844779233094144,273.21401968462135,0.9789524414785452,0.22902546669921195,0.1853582554517134,0.6265764982385147,0.21526338067552514,0.21366690417073442,0.21068013627954527,0.22005047219410162,0.21526338067552517,0.7404371584699454,137.5642181945282,0.7602797043610741,0.6259364671341793,inf,0.47298543437140783,2.6904493353979237,1.5455062345900035,0.01759965626513995,0.3121964585381763,366
-1.0347423825723028,0.2722658419155362,2.0,0.0,0.38280851835765006,271.912051336838,0.9820653655582384,0.23041465773474895,0.1853582554517134,0.6273698276810177,0.21616569514958173,0.21457504079279713,0.2114504463650301,0.22109603620057297,0.21616569514958173,0.7411444141689373,137.93128877688423,0.7602868639904163,0.6259218239336468,inf,0.4730127474301354,2.690433646743982,1.5455430592808634,0.017599377741438594,0.3122014733675657,367
-0.2504194233417367,-1.5337746733423852,1.0,1.0,0.38325724652439697,273.4614021303922,0.9815910173321245,0.23176916233766548,0.18604651162790697,0.6277713626214736,0.21741899736668818,0.21583606565685032,0.21284080631501784,0.22219847114285604,0.2174189973666882,0.7418478260869565,138.3005806388829,0.760295788234193,0.6259051000511621,inf,0.47303846803878946,2.690396584071935,1.5455914985823356,0.01759885122481304,0.31220550975853917,368
-1.16219486344727,0.3111054228888248,1.0,0.0,0.38143554662006873,271.9027301808168,0.9850492142806911,0.2278709410387578,0.1851851851851852,0.6261494155649132,0.2150725937019593,0.2134884078935236,0.21048968200012205,0.21985951112576874,0.21507259370195927,0.7398373983739838,138.66362995829033,0.7603000617448279,0.6258999177016726,inf,0.4730624653428259,2.6904212404215815,1.5456326363087385,0.01759894445921495,0.3122158003189951,369
-1.7406330458798125,0.8451496612715436,2.0,0.0,0.37932638393821805,269.1017163519466,0.9897364534708929,0.22924906865911482,0.1851851851851852,0.626934043027693,0.21596816084493908,0.2143897127745563,0.21125322289372753,0.22089836774631127,0.21596816084493908,0.7405405405405405,139.01712070732464,0.7602990538420257,0.6259125280114154,inf,0.4730813706152655,2.690541791908887,1.545666592179335,0.017599366979278414,0.3122363310237954,370
1.828036418619264,0.5441429087285566,2.0,0.0,0.3793553670716182,270.0507670394233,0.9888347104129038,0.23062344218532882,0.1851851851851852,0.6277205971948333,0.21685765202025734,0.215284885989267,0.21201114341897542,0.22193092370436923,0.21685765202025736,0.7412398921832885,139.3712656974114,0.7603007436748205,0.6259208403535198,inf,0.4730986236570714,2.690655747973874,1.5456934838455205,0.01759945434773499,0.31225511143472734,371
0.2789985741388954,0.4179142705653686,2.0,0.0,0.38016944185716667,271.12035386792775,0.986987184244312,0.23199403068817115,0.1851851851851852,0.6285089742197207,0.21774113231905567,0.21617399345369515,0.212763510835396,0.22295723694237304,0.21774113231905565,0.7419354838709677,139.7263845334505,0.7603026285167296,0.6259258608082704,inf,0.4731178325064521,2.6907599399017115,1.545713426931866,0.01759943177570911,0.3122717789715082,372
-0.7700333838319867,-1.4366757209091634,1.0,1.0,0.3811601070734712,273.4958339936327,0.9842443413313093,0.23333011289554348,0.1858678955453149,0.6288946229162938,0.21898706547517963,0.21742749066353018,0.21414611133992764,0.22405194946722623,0.21898706547517963,0.7426273458445041,140.0859798276983,0.7603073640105089,0.6259229212154352,inf,0.473134062419938,2.6908196216059674,1.5457447202007877,0.01759910615301803,0.3122848014624798,373
0.2005662782158388,0.1169075180223817,2.0,0.0,0.38160668701738665,274.1411224270957,0.9836738425078345,0.23469342060333112,0.1858678955453149,0.6296784254209461,0.21986705545628382,0.21831303904970015,0.21489526011575785,0.22507435328277098,0.21986705545628382,0.7433155080213903,140.44537699284413,0.7603114961663598,0.6259193312149197,inf,0.4731520175676661,2.690881415852395,1.545769087483472,0.017598844807008417,0.31229711419720163,374
0.6025317948215039,1.2238355757611077,2.0,0.0,0.3823691257150949,275.8345150176673,0.9817551117042469,0.23605291896346375,0.1858678955453149,0.6304639051239251,0.22074113981393326,0.21919262864516986,0.21563896609991068,0.22609060689946642,0.22074113981393326,0.744,140.80738003569127,0.7603185154256639,0.6259084126367166,inf,0.4731709199484056,2.6909177857721205,1.5457866413117025,0.01759831963272423,0.31230551019284175,375
0.5535116098695936,-1.0191502254463107,1.0,1.0,0.3806146702088233,274.6712750577591,0.986571181715119,0.23737898928892223,0.18654434250764526,0.6308442869422958,0.2219818780485869,0.22044081158078807,0.21701631739011387,0.22717999428038604,0.22198187804858693,0.7446808510638298,141.1643504224168,0.7603202785158333,0.6259137462318528,inf,0.473192364217152,2.691003789745498,1.545815371151846,0.017598540586181797,0.312321230935202,376
1.3966587910424522,0.0100986703458379,2.0,0.0,0.3807379102833301,275.3437172955679,0.9863841270922817,0.23873121461383046,0.18654434250764526,0.6316251574586347,0.22285250440165444,0.22131687642096387,0.21775684618459232,0.22819236075297206,0.22285250440165447,0.7453580901856764,141.52121044069645,0.7603228378515522,0.6259173245276693,inf,0.47321356328350067,2.6910909632897786,1.5458373092172273,0.017598448860463394,0.3123361437796463,377
-1.936713785687454,0.3305252133754692,1.0,1.0,0.3798458275229994,274.7349786460996,0.9908300484249222,0.24005072128744454,0.18721461187214614,0.6320064774186258,0.22408564111887383,0.22255735515753103,0.2191267086570309,0.2292742160750078,0.2240856411188738,0.746031746031746,141.87456261100255,0.7603213085475348,0.625934772635749,inf,0.47323965923730565,2.6912129007320464,1.5458702936666082,0.017598394763656298,0.3123566286298903,378
-0.0543386835340951,-1.407546035179197,1.0,1.0,0.3799177080838188,275.7319389112711,0.9913733292102398,0.24136712512959868,0.18787878787878787,0.6323947887045656,0.22530891582801346,0.22378788514362988,0.22048698027944313,0.23034647336079156,0.22530891582801346,0.7467018469656992,142.22868265412495,0.7603196252100418,0.6259534223426261,inf,0.4732646978867371,2.6913272200998692,1.5459142370615935,0.01759824814089244,0.31237769560971346,379
0.5927277578311219,0.2334262609422476,2.0,0.0,0.38064469826154956,276.7879471057609,0.9900903424101648,0.24270860637056604,0.18787878787878787,0.6331649199748289,0.2261783873666772,0.22466271549759742,0.2212264620573758,0.23135707598004207,0.22617838736667717,0.7473684210526316,142.58372029120054,0.7603185779932361,0.6259688766411308,inf,0.47329140312375945,2.6914324979552635,1.5459513242737597,0.017597973608153426,0.3123967713221966,380
0.4260591289946265,-1.2424778160427203,1.0,1.0,0.3796562666304084,276.35632616654783,0.9935008355428272,0.24401842077478167,0.1885369532428356,0.6335539465188047,0.22739420751026052,0.2258856918286824,0.22257934882622288,0.23242198303975917,0.22739420751026052,0.7480314960629921,142.93575346455668,0.7603144547828673,0.6259952703661895,inf,0.4733196388241393,2.6915674145214177,1.5459992448356576,0.017598008697241294,0.31242076509082034,381
-0.6229728289762556,-1.8639111116153384,1.0,1.0,0.3806326951433625,278.8404717089006,0.9914825050951597,0.24532514415713355,0.18918918918918917,0.6339496973662785,0.2286003833484029,0.2270989402798407,0.22392281630027555,0.2334775408876753,0.2286003833484029,0.7486910994764397,143.29245876178592,0.7603131929364833,0.626013750519868,inf,0.4733466604491575,2.691656433806041,1.5460579136686252,0.01759765582356429,0.3124407806639837,382
-0.6523849399474019,-1.1259590731228544,1.0,1.0,0.381245533313196,280.65092755073624,0.9891158631481111,0.24662879759723985,0.18983557548579968,0.634352042473481,0.22979703395302195,0.2283025813923268,0.22525696083869315,0.23452388266115295,0.22979703395302195,0.7493472584856397,143.6520359052125,0.760312875880632,0.6260275298896512,inf,0.4733704046094791,2.691717687576255,1.5461272465825495,0.017597200730859897,0.3124588952520152,383
-0.0151225355725668,2.058886566686813,2.0,0.0,0.38115329830184014,281.4617995033389,0.9884806069944316,0.247955967885118,0.18983557548579968,0.6351054584623063,0.23066744193131788,0.22917825658489493,0.22599732730873154,0.23553464005144076,0.23066744193131788,0.75,144.01185252035123,0.7603137590109329,0.6260380183728292,inf,0.4733920028695375,2.691776756944112,1.5461895800104386,0.01759647090491848,0.31247584650870125,384
0.9260650155041124,-0.0870002820873835,2.0,0.0,0.3814250460334059,282.1182999723245,0.988309980820846,0.24927942649306836,0.18983557548579968,0.6358604925517919,0.23153206861325412,0.2300481009165386,0.22673238835990092,0.2365393517092074,0.23153206861325412,0.7506493506493507,144.37150472725742,0.7603142737313148,0.6260474339756292,inf,0.4734144078231089,2.6918375264904615,1.5462450236698637,0.017595617315912478,0.3124920955581776,385
0.3868429810330982,2.1268558333900685,2.0,0.0,0.3814011450925685,283.23114871082305,0.9871351290275531,0.2505991508208138,0.18983557548579968,0.6366170548979498,0.23239097501277586,0.2309121761126531,0.22746220600582548,0.23753807313243394,0.2323909750127759,0.7512953367875648,144.73217912721472,0.7603170488146048,0.6260517923031564,inf,0.4734345931200238,2.6918886369554973,1.5462936854563665,0.01759465834211778,0.31250631452259725,386
0.3672349070523341,2.825968290909264,2.0,0.0,0.38069677885246417,283.2867113627544,0.9864064193452925,0.25191511898375907,0.18983557548579968,0.63737505742008,0.23324422129645173,0.23177054303766342,0.22818684127101463,0.238530859193789,0.23324422129645173,0.751937984496124,145.09112869259178,0.7603201888855646,0.6260553500624042,inf,0.4734486413294383,2.6919563518888534,1.546335671478292,0.017593906581503872,0.3125215870786362,387
2.2496100092056928,0.5344330134852345,2.0,0.0,0.3803076972263302,283.6584793760757,0.9859675118186328,0.25322730980792657,0.18983557548579968,0.63813441377515,0.23409186679721802,0.23262326170910225,0.22890635421047947,0.23951776414732562,0.23409186679721805,0.7525773195876289,145.44918386231652,0.7603232918172249,0.6260574698230217,inf,0.4734592811630941,2.692032708363671,1.5463710860908548,0.017592863670344166,0.31253698198150553,388
0.0731137973408718,-0.980310644473022,2.0,1.0,0.379551077836362,283.845522016567,0.9878728534503345,0.2493418707518094,0.18898809523809523,0.6358937386707576,0.2283359204702765,0.2268611891029328,0.22339046828460163,0.23350529625702557,0.22833592047027648,0.7506426735218509,145.80587545549758,0.7603239134422302,0.6260655378982386,inf,0.4734690451614846,2.6921221752781945,1.546416897611161,0.017592219366345037,0.3125552941215446,389
-0.7602293468416047,-1.4949350923690965,1.0,1.0,0.3805491539130734,286.28331405090285,0.9852313668471997,0.25062225258416293,0.18962962962962962,0.6362735419770892,0.2295321786437122,0.22806427891542344,0.22471660900767787,0.23455865870550677,0.2295321786437122,0.7512820512820513,146.1669999763084,0.760327170641315,0.6260659730248317,inf,0.47347625517927994,2.692169558336827,1.5464730260629977,0.017591295573595653,0.31257001181860555,390
-1.191606974418416,-2.2231772356182584,1.0,1.0,0.3817610707530852,289.5929546385182,0.9825299255914409,0.2518994993828105,0.1902654867256637,0.6366596822569149,0.23071914138288813,0.2292579952033216,0.2260336550376363,0.23560299198316162,0.23071914138288813,0.7519181585677749,146.53475883441664,0.7603340064533699,0.626055705555564,inf,0.47348441430584876,2.692155133497174,1.5465393922883224,0.017590223489879053,0.31257876369895193,391
0.1417420562735463,-1.1259590731228544,1.0,1.0,0.3811858392918135,289.8351947645203,0.9843583560418063,0.25317363595196923,0.19089574155653452,0.6370520398820664,0.23189692105171,0.23044245167341654,0.2273416982161656,0.23663842139845448,0.23189692105171003,0.7525510204081632,146.90125611301025,0.7603382735298333,0.6260510630650569,inf,0.4734920775132372,2.6921526575347383,1.5466159179368275,0.01758942277849142,0.312590181342558,392
0.4162550920042445,-0.3880070346303704,2.0,0.0,0.3807809953381787,289.73540989459775,0.9854231345344073,0.2544679780525696,0.19089574155653452,0.6377955525880327,0.23274514176541053,0.2312956570637276,0.2280671295168925,0.23761907939171675,0.23274514176541058,0.7531806615776081,147.2656289542898,0.7603411369204736,0.6260495707222722,inf,0.47350048293339236,2.6921701170572425,1.5466856597739536,0.017588883311354334,0.31260308842710083,393
0.4456672029753907,-0.6501742062000687,2.0,0.0,0.37976417918800837,289.078848230386,0.9873909228469842,0.25575866864093055,0.19089574155653452,0.6385404196338444,0.23358787405790032,0.23214332842014176,0.22878751164809583,0.2385939936224686,0.23358787405790032,0.7538071065989848,147.62647684048852,0.7603421721080549,0.6260539298358024,inf,0.4735088814167551,2.6922206061831924,1.5467487215195241,0.017588757316519554,0.3126190241083693,394
1.2397941991963388,0.8548595565148657,1.0,0.0,0.380355315519983,290.70687701660813,0.9857186709146798,0.2518807022705914,0.19005847953216373,0.6368829288853333,0.2312232510705575,0.22977727180814733,0.22641342862143263,0.23624186427351251,0.23122325107055747,0.7518987341772152,147.98962506428578,0.7603460970022342,0.6260518094479705,inf,0.47351779268483324,2.6922498056799857,1.546805205209685,0.017588383096851762,0.3126316044322498,395
-1.3680796402452935,0.2528460514288919,1.0,1.0,0.3790619465578514,290.1158997158619,0.9897249118408441,0.25314166787325737,0.19068413391557495,0.6372667137444994,0.2323922073212993,0.23095278877328393,0.2277125098440819,0.23726828458896881,0.23239220732129928,0.7525252525252525,148.34943841783405,0.7603462741760542,0.6260607599360439,inf,0.4735284457581682,2.6923101744945175,1.5468716688828512,0.017588507987227536,0.3126491157526469,396
1.0143013484175512,0.0100986703458379,1.0,0.0,0.3794237003352567,290.9229382170127,0.9893007426548538,0.24930786818085698,0.18985507246376812,0.6356338014574893,0.23005878636904972,0.22861797974488807,0.2253705832819846,0.23494618295915895,0.23005878636904972,0.7506297229219143,148.70947250823602,0.7603470881187975,0.6260678714294212,inf,0.4735399459792967,2.692368576427968,1.5469315794690788,0.01758845823503809,0.31266554905030275,397
0.7495923496772351,0.7771803945682885,2.0,0.0,0.38027557624975,292.53471147818567,0.9873606948811766,0.2505868631213032,0.18985507246376812,0.6363683441637947,0.23089313824698018,0.22945719583093216,0.22608214119720055,0.235913341903452,0.2308931382469802,0.7512562814070352,149.0717527071528,0.7603498785471657,0.626069092687495,inf,0.4735528856380785,2.692406271008088,1.5469850363847342,0.017588168991025912,0.31267870838196515,398
0.7005721647253247,-0.8637919015531562,1.0,0.0,0.37903623734216413,291.4791911568356,0.9898241413640105,0.24679740660682278,0.18903318903318903,0.6347596812333395,0.22859152301273725,0.22715424323844757,0.223772608776838,0.23362255455920886,0.22859152301273725,0.7493734335839599,149.42956034144845,0.7603496943290756,0.6260777729739871,inf,0.47356490581432736,2.692485545145857,1.5470321374483738,0.017588257200293812,0.3126959092761511,399
0.5927277578311219,-0.485105987063592,2.0,0.0,0.3786046106214005,291.30040910451453,0.9910122774837368,0.2480704243295012,0.18903318903318903,0.6354925519090944,0.22941807189016028,0.22798560366526935,0.22447646122654788,0.23458214851658551,0.22941807189016028,0.75,149.78512637844864,0.7603486869396283,0.6260897343807305,inf,0.4735773145233973,2.69258576693431,1.5470729789103088,0.0175885465676739,0.3127147283683495,400
-0.3190476822744112,0.5926923849451674,1.0,0.0,0.37883394838341294,291.7911194501304,0.9910342196543596,0.24432455104657533,0.1882183908045977,0.6339076777142765,0.22714754249829402,0.22571378598264752,0.22219861360840315,0.2323219437260521,0.22714754249829402,0.7481296758104738,150.14014136112783,0.7603478387288167,0.6261016773023936,inf,0.47359084678245156,2.69269112177912,1.5471076554815437,0.017588833338746713,0.3127333134953938,401
0.1319380192831642,0.4276241658086908,2.0,0.0,0.37948476778819995,292.71534487738404,0.9898056974857676,0.2455915891511533,0.1882183908045977,0.6346388166842571,0.22796639540170185,0.22653739864916775,0.22289488267891192,0.23327406498224862,0.22796639540170183,0.7487562189054726,150.4956904970786,0.7603477216941711,0.6261115263672917,inf,0.47360602409604047,2.6927914687854235,1.547136260362089,0.01758906614296942,0.31275048162574537,402
-0.1719871274186801,0.1557470989956703,2.0,0.0,0.37948106806380805,292.95418643867777,0.9901588605941983,0.24685518905415285,0.1882183908045977,0.6353712520792455,0.22878010267090187,0.227355823309697,0.22358643157696606,0.23422079861467546,0.2287801026709019,0.749379652605459,150.85006486509252,0.7603469791879992,0.626122757739183,inf,0.4736223943844984,2.6929027292144516,1.5471588852686757,0.0175894843984408,0.31276809829094193,403
-0.9759181606300104,0.320815318132147,1.0,0.0,0.3782053697827071,291.8975173123088,0.9927076866719092,0.24314961404479,0.18741058655221746,0.6338066307965461,0.2265375172141713,0.22511198848333672,0.22133683761866013,0.2319884748612824,0.22653751721417126,0.7475247524752475,151.20005854362162,0.760343827443269,0.626141409849239,inf,0.4736381154002011,2.693054928798229,1.5471756204618843,0.017590318520423285,0.3127896696190287,404
0.7986125346291455,1.3986136901409063,2.0,0.0,0.37876973673568565,293.6111851858436,0.990907158275199,0.24440727712915175,0.18741058655221746,0.6345372525826589,0.22734371897834754,0.22592285744830543,0.22202100428048854,0.23292791512868471,0.22734371897834754,0.7481481481481481,151.55256133234,0.7603438427005911,0.6261530770548864,inf,0.4736541127215455,2.6931835018811916,1.5471865547726948,0.017590957905019716,0.3128076618904526,405
0.1809582042350746,-0.2035190250072494,1.0,0.0,0.3785914842827493,293.6973348761711,0.9915519774875313,0.24074377372071928,0.1866096866096866,0.6329954988462995,0.2251308661095025,0.22370880126138687,0.21980177661046493,0.23072478368778165,0.2251308661095025,0.7463054187192119,151.9035360818309,0.760342323589626,0.6261668057660041,inf,0.4736710997110329,2.6933262310291246,1.5471917756284825,0.01759183296800625,0.31282648582099903,406
0.0240936123889614,0.0683580418057709,1.0,0.0,0.37874440575437307,294.0627114322025,0.9916017188511737,0.2371242592028734,0.18581560283687945,0.6314793270836613,0.2229495003028298,0.2215262850934479,0.2176149408290142,0.22855217239824527,0.2229495003028298,0.7444717444717445,152.2536818339254,0.760340677971659,0.6261812451727837,inf,0.47368935870498835,2.693476570735025,1.5471913690784644,0.017592854676054148,0.31284538063653594,407
-0.799445494803133,1.621941280737316,2.0,0.0,0.37830821439702034,293.8523221723859,0.9925796905801461,0.23837336060649728,0.18581560283687945,0.6322049374235638,0.22374589033599285,0.22232728458437215,0.21828916794445116,0.2294824179910694,0.22374589033599282,0.7450980392156863,152.60159004114527,0.7603387018077655,0.6261979444459993,inf,0.473705907886639,2.6936476888929435,1.5471854198186146,0.0175935263540135,0.31286587941355726,408
1.0339094223983152,0.5150132229985902,2.0,0.0,0.37897592029376403,295.2383280466885,0.991158696382509,0.2396191518293233,0.18581560283687945,0.6329317721243793,0.2245373845776762,0.22312334808418993,0.21895891388732444,0.23040753462511301,0.2245373845776762,0.7457212713936431,152.95118988919808,0.7603383224601672,0.6262098165557229,inf,0.47372341996876566,2.6938028158152094,1.5471740112160586,0.01759395656178173,0.31288371166090223,409
1.4456789759943625,0.8451496612715436,2.0,0.0,0.3793804664535367,296.70039847319725,0.9897196698322903,0.24086161275973647,0.18581560283687945,0.6336597583328026,0.22532403082885222,0.2239145239295416,0.21962422725613417,0.23132756559979611,0.22532403082885225,0.7463414634146341,153.30265494686063,0.7603398608706792,0.626215990251492,inf,0.47374078472519177,2.693940489647257,1.5471572253329597,0.017594165909004086,0.3128987158724693,410
1.38685475405207,1.2141256805177856,2.0,0.0,0.37973804053803767,298.2953952094192,0.9880529493012058,0.24210072392779544,0.18581560283687945,0.6343888245805844,0.2261058762778001,0.2247008598348716,0.22028515593051348,0.23224255376986158,0.2261058762778001,0.7469586374695864,153.65629577676933,0.7603433701718756,0.626215707121389,inf,0.4737576795996947,2.6940580265691065,1.547135142949913,0.01759424408150075,0.31291058948655975,411
-0.1719871274186801,-0.8637919015531562,1.0,1.0,0.3792053857866286,298.855962908244,0.9889341793732438,0.24331041651649132,0.18644067796610167,0.634711755178919,0.2272609695277046,0.22586224373620334,0.22156868266407093,0.23325344789321834,0.22726096952770458,0.7475728155339806,154.00957963840307,0.7603453286506179,0.6262185283261625,inf,0.4737728398573553,2.6941787514656106,1.5471224673202415,0.017594662166614667,0.31292421924114033,412
-0.3778719042167037,-1.4463856161524855,1.0,1.0,0.3797865320155756,300.67058345508946,0.987685087249334,0.24451734643124198,0.18706047819971872,0.6350407775951831,0.22840743871209196,0.22701493425441022,0.2228438404939818,0.23425595584237144,0.22840743871209196,0.7481840193704601,154.36555294863774,0.7603485169876736,0.6262179636391663,inf,0.4737860932232795,2.6942749021825634,1.5471191301140177,0.01759489510902017,0.31293634573756146,413
0.5437075728792115,-2.6504126263244334,1.0,1.0,0.3798802196381337,300.6807988285039,0.9900092747185443,0.24572153871902094,0.1876750700280112,0.6353757885155084,0.22954538399607727,0.22815903270401566,0.22411070928558555,0.2352501906326966,0.22954538399607727,0.748792270531401,154.7198271517367,0.7603490328044008,0.6262279708173761,inf,0.47380742323368297,2.6943864306509178,1.547125063661506,0.01759442348059702,0.31295158167576786,414
-0.4268920891686141,0.6995012326217112,2.0,0.0,0.3800225971619219,301.08200775051637,0.9902342888988318,0.24694878537198797,0.1876750700280112,0.6360907025237995,0.2303282505841236,0.22894631840637447,0.2247726079451105,0.23616548789888922,0.23032825058412357,0.7493975903614458,155.07335898893183,0.7603486805297704,0.626238298742829,inf,0.47382950049410716,2.6945046286347174,1.5471255772138188,0.0175939273578471,0.31296681327192494,415
-0.162183090428298,-1.4560955113958078,1.0,1.0,0.3803435219658705,302.4971685706585,0.9898647172219256,0.24814737220237548,0.18828451882845187,0.636426537274626,0.23145965613320635,0.23008379934636533,0.22603299903014334,0.2371532920280573,0.23145965613320635,0.75,155.42859708430947,0.7603491314566717,0.6262474037441138,inf,0.4738501954580712,2.694607299487156,1.5471352632824502,0.017593306508872815,0.31298153456211764,416
-1.0347423825723028,-0.9026314825264448,1.0,1.0,0.38090910245455595,304.4703545202801,0.9875235056030707,0.24934323953827106,0.18888888888888888,0.6367681541938507,0.2325827144155208,0.2312128671616715,0.22728524036688952,0.23813302430066108,0.2325827144155208,0.750599520383693,155.7868705396844,0.7603508749889072,0.6262518685218599,inf,0.4738681385080028,2.6946826905416335,1.5471540558780743,0.017592580130919123,0.31299433670290033,417
1.9260767885230845,0.6509517564051004,2.0,0.0,0.38088263678789913,305.3873960693156,0.9867089265675091,0.2505614279190512,0.18888888888888888,0.637474092825637,0.23336454737753887,0.23199906010075166,0.22794622267005166,0.23904673331684975,0.2333645473775389,0.7511961722488039,156.1456247975492,0.7603538133782651,0.6262530202999053,inf,0.4738844737022627,2.694753804780108,1.547167377118533,0.017591624588086163,0.3130058741415712,418
-0.3288517192647933,-0.5724950442534915,1.0,1.0,0.379997552849618,305.6952230123118,0.9879699536531712,0.2517516798146671,0.18948824343015214,0.6378163664412505,0.23448118673698948,0.23312163371967817,0.2291920745936756,0.2400201813022097,0.23448118673698945,0.7517899761336515,156.50339895595775,0.7603549009714237,0.626258276767016,inf,0.47389907094324646,2.694833646533745,1.5471897094303233,0.01759117639715439,0.3130196700029324,419
-0.3876759412070857,1.330644423437651,1.0,0.0,0.38014516518442626,306.3555449793946,0.9878706378286045,0.24814014094133605,0.1887052341597796,0.6362892951056623,0.2322948110475163,0.2309340249381643,0.22699879877909726,0.23784384445643317,0.23229481104751626,0.75,156.86104130923562,0.7603564478256626,0.6262622571366289,inf,0.4739137055555993,2.694914650838944,1.5472065858677075,0.017590481735097058,0.31303284246993146,420
0.1907622412254567,-1.096829387392888,2.0,1.0,0.3794919808774878,306.5052526123386,0.9897981769689373,0.24460122683166338,0.18792866941015088,0.6342329564235372,0.2269196263047545,0.2255535458182626,0.22185029267834364,0.23222604849769127,0.2269196263047545,0.7482185273159145,157.21733705043349,0.7603563602805922,0.6262717031952465,inf,0.4739279801204154,2.695007603597465,1.5472323794687803,0.017590074783107104,0.3130486314821321,421
0.0633097603504897,1.184995994787819,2.0,0.0,0.38007643616643716,307.78530939060795,0.9886628491238151,0.24580749174600258,0.18792866941015088,0.6349325252189024,0.22769622361227912,0.22633444535600972,0.22251068056883586,0.23312922865631364,0.2276962236122791,0.7488151658767772,157.57498069019636,0.760357537040763,0.6262772484165052,inf,0.4739431220734355,2.6950885692092363,1.5472527329591657,0.017589442773759994,0.3130622667797191,422
0.3378227960811878,-0.4462664060903034,1.0,0.0,0.3794990569858386,307.4948546737433,0.9899413856181672,0.24227855283932534,0.1871584699453552,0.6334434666154831,0.22556104729711757,0.22419814455332315,0.22036890933653525,0.23100375409400445,0.22556104729711757,0.7470449172576832,157.9302410550863,0.7603571033607395,0.626286322397403,inf,0.47395871040476917,2.695190622711666,1.5472677248106386,0.017589108303611666,0.3130776146040805,423
0.6221398688022681,-0.2229388154938938,2.0,0.0,0.3795646816307961,307.8113320759289,0.990236247713614,0.24347938109799575,0.1871584699453552,0.6341413669282917,0.2263307962145589,0.224972151957128,0.22102255928715145,0.23190028032267504,0.22633079621455884,0.7476415094339622,158.28456987546653,0.7603566511902957,0.6262961339687022,inf,0.4739750931903259,2.6953008791148725,1.547277432307538,0.01758882915618768,0.3130931716513943,424
0.1711541672446925,-0.0675804916007392,2.0,0.0,0.3796258372718694,308.1005810512773,0.9904506988982763,0.24467710456746594,0.1871584699453552,0.6348403650701453,0.22709598046782165,0.2257415589232486,0.2216720258669143,0.23279202335456176,0.22709598046782162,0.7482352941176471,158.63790952446612,0.7603558351959326,0.6263069488425019,inf,0.47399255951196523,2.695419833645764,1.5472819315673905,0.01758870707541624,0.3131089974336916,425
-0.544540533053199,-0.5822049394968136,2.0,1.0,0.3791664760207461,308.81695069246024,0.9907737970351307,0.24121050689855028,0.18639455782312928,0.632824996146273,0.22192131151316336,0.22056197973541553,0.21672714931041773,0.22737055753387342,0.2219213115131633,0.7464788732394366,158.99127197427316,0.7603547960112795,0.6263195523182775,inf,0.4740079134705973,2.695538480181434,1.54729516872575,0.01758892345650655,0.313126017049637,426
-1.3582756032549113,0.8354397660282213,1.0,0.0,0.3779096103526728,307.2120223825405,0.993661544829117,0.23775943237290967,0.18563685636856367,0.6313699750767812,0.2198335685209233,0.21847320820646285,0.21463284421523018,0.22529258685826264,0.2198335685209233,0.7447306791569087,159.33920800809537,0.760350731999466,0.6263407270569024,inf,0.47402120919364577,2.6957054130214866,1.5473032112276055,0.017589270773206753,0.31314792603614255,427
0.4162550920042445,1.36948400441094,2.0,0.0,0.37849588910346593,308.77502726453883,0.9921432756932456,0.23894796632979054,0.18563685636856367,0.6320673724911718,0.22059162430691678,0.21923544028181519,0.21527966618292832,0.22617235613303177,0.22059162430691678,0.7453271028037384,159.6891747979231,0.7603490465367057,0.6263564433026141,inf,0.47403507699263253,2.6958539763135994,1.547306133414942,0.01758940031518371,0.313166955683541,428
0.2888026111292774,0.4179142705653686,1.0,0.0,0.3791932548005858,309.8118807333303,0.9905856995370045,0.23553396432683413,0.18488529014844804,0.6306325012513209,0.2185301301060488,0.21717295529195477,0.2132122008828218,0.22412012426880007,0.2185301301060488,0.7435897435897436,160.0399287837535,0.7603476599812039,0.6263697263110748,inf,0.474050400483937,2.6959953690518312,1.5473040085176601,0.017589450310613264,0.3131844165006537,429
-0.8876818277165717,-3.009678750327353,1.0,1.0,0.3802070853454648,312.6595234992302,0.9889001012389991,0.2366925875939874,0.1854838709677419,0.6309511195854762,0.21962852007661854,0.21827710139671283,0.21442718723781584,0.2250884620952257,0.21962852007661854,0.7441860465116279,160.3956854147919,0.7603487686559944,0.6263786590793725,inf,0.47407176469397333,2.6960925947511734,1.5473104749847846,0.017589620835091958,0.31319795978139303,430
1.141753829292518,0.8645694517581879,2.0,0.0,0.3808039122592355,314.27057619083257,0.9873418059407674,0.23787313309507896,0.1854838709677419,0.6316420423772098,0.22038180467033977,0.21903451084747497,0.21506919381017886,0.22596352588455548,0.22038180467033977,0.7447795823665894,160.75353399799198,0.7603507869133673,0.6263821788152374,inf,0.4740936291315166,2.6961715713325645,1.5473119067035017,0.017589583398045176,0.3132086563262901,431
0.0633097603504897,1.2626751567343963,2.0,0.0,0.381337269938195,315.5530241061291,0.9862746668885132,0.23905071060824318,0.1854838709677419,0.6323340129282272,0.22113073316464552,0.21978753028507053,0.21570718896200228,0.22683404074833236,0.22113073316464554,0.7453703703703703,161.1126975481269,0.7603537023866389,0.6263819504122435,inf,0.4741161319189179,2.696239169491906,1.5473083752172438,0.01758932439121265,0.31321731284130017,432
-0.1817911644090621,0.505303327755268,2.0,0.0,0.3816869496359294,316.17768144251465,0.9859563327023658,0.24022530331429193,0.1854838709677419,0.6330269699809054,0.22187534547402135,0.2205362000499748,0.21634121349785593,0.22770004280034997,0.22187534547402135,0.745958429561201,161.47164427010463,0.7603563816560625,0.6263812505774421,inf,0.4741397237810598,2.69630862900921,1.5472999510089487,0.017589070182799735,0.31322547371345544,433
-0.6229728289762556,-0.1452596535473165,1.0,0.0,0.38022023705688157,315.2074498421933,0.9882042815669769,0.2368395177301482,0.18473895582329317,0.6316034217021806,0.21983164298984642,0.2184915153350672,0.2142915133248921,0.22566583572797788,0.21983164298984642,0.7442396313364056,161.82669231992472,0.7603568409386273,0.6263867717133715,inf,0.4741631590760667,2.696411724255091,1.547286703519076,0.017589355364876505,0.31323683017799386,434
0.2005662782158388,0.2042965752122811,2.0,0.0,0.3806965679795262,315.92341184667237,0.9875102616988776,0.2380087876820216,0.18473895582329317,0.6322945681265986,0.22056985616386698,0.21923374595416734,0.2149192366807356,0.2265256289085884,0.22056985616386696,0.7448275862068966,162.18175388565453,0.7603579604820142,0.6263914534175439,inf,0.4741878520574459,2.6965146184522193,1.5472687011632722,0.017589659893935676,0.31324745461929904,435
-0.3778719042167037,0.3499450038621135,2.0,0.0,0.3806582082866515,316.1023899022534,0.987992087322848,0.23917509156283862,0.18473895582329317,0.6329866239930485,0.22130385811495515,0.2199717328143402,0.21554309247469547,0.2273810128549333,0.22130385811495518,0.7454128440366973,162.53559442822143,0.7603585586546134,0.6263975093483259,inf,0.4742133030864109,2.6966279925047156,1.5472460113496846,0.017590088638776192,0.31325858799952705,436
-0.0249265725629489,-1.902750692588627,1.0,1.0,0.3810745598709331,317.6642141610244,0.9879343614031044,0.24031547796591224,0.18533333333333335,0.6332850870358059,0.22239999890965753,0.2210735093607543,0.21675528524036952,0.22834657138375222,0.22239999890965756,0.7459954233409611,162.89139401476456,0.7603601100029891,0.6264026581215655,inf,0.4742391082719117,2.696724360888492,1.5472316864970364,0.0175901962753278,0.3132689868591313,437
-1.171998900437652,0.1460372037523482,1.0,1.0,0.37978618767928457,317.1791450808602,0.9913590521825109,0.24145338615368592,0.18592297476759626,0.6335890385625407,0.22348845143488674,0.22216753902570108,0.21796005214775696,0.22930459690547242,0.22348845143488674,0.7465753424657534,163.2444552300188,0.7603587357255216,0.6264162824105614,inf,0.4742655596968844,2.696844248142543,1.5472256693110742,0.01759079908957002,0.3132833278567679,438
0.739788312686853,-0.6307544157134244,1.0,0.0,0.37914228412193685,316.6698484215833,0.9928905369825309,0.23809443833704863,0.1851851851851852,0.6321766390947159,0.22146090006742875,0.220139007884799,0.2159265947616654,0.2272863618152519,0.22146090006742877,0.744874715261959,163.59474151584425,0.7603559538931,0.6264338636026658,inf,0.47429170653767566,2.696988047733955,1.5472149170184977,0.01759157302745932,0.31329974711180764,439
0.0240936123889614,1.3889037948975844,2.0,0.0,0.3795762801870516,317.8928335107409,0.9919450862591157,0.23925069030113247,0.1851851851851852,0.6328579584840693,0.22219217756924656,0.2208742132696005,0.21654755986863747,0.2281389409740217,0.22219217756924656,0.7454545454545455,163.9462178074044,0.7603547906128917,0.6264478035170359,inf,0.4743181609262541,2.697121360438996,1.5471994959664608,0.017592115137758314,0.313314252091202,440
-0.6523849399474019,-0.3200377679271153,1.0,1.0,0.37864977229585955,318.1491628105797,0.9933940422520579,0.24038051990385526,0.1857707509881423,0.6331601654894521,0.22327137406821762,0.22195890749106784,0.21774306182563175,0.22908771752740442,0.22327137406821768,0.746031746031746,164.29667904604798,0.76035216403266,0.626465732804672,inf,0.47434313943727097,2.6972632888821515,1.5471922723554548,0.017593127632336728,0.31333096099651353,441
2.818244154647853,1.3209345281943292,2.0,0.0,0.3777912901539528,317.6586814064658,0.992719182574478,0.241531467284721,0.1857707509881423,0.6338379841393091,0.22400024058951767,0.22269166146878017,0.21836182574438764,0.22993755739218388,0.22400024058951767,0.746606334841629,164.6444386885886,0.7603502616434106,0.6264844581156335,inf,0.4743617801889197,2.6974284601907885,1.5471803897274878,0.017594404282119735,0.31334967662595137,442
0.0535057233601076,0.0100986703458379,1.0,0.0,0.37786161548960817,317.94436150461814,0.9929048673662801,0.23820214958885372,0.18503937007874016,0.6324392408692979,0.2219919595898118,0.22068241614208034,0.2163478549174058,0.22793844063203597,0.2219919595898118,0.744920993227991,164.99127109314975,0.7603467637441402,0.6265040805732152,inf,0.4743814175607268,2.6976014665280488,1.5471639129509889,0.017595826169289806,0.31336861019769213,443
-1.2896473443222367,-0.8055325300932232,1.0,1.0,0.37839192119691806,319.9596907078631,0.9913679997088969,0.23932401215864002,0.18562091503267975,0.63273971562683,0.22306204918079506,0.221757925727407,0.2175342335336667,0.22887812728840218,0.223062049180795,0.7454954954954955,165.34108693878116,0.7603450272249249,0.6265194945397728,inf,0.47439906218662486,2.6977484182394735,1.5471555255267746,0.017597086663499684,0.31338571470331955,444
0.0633097603504897,-0.5530752537668472,1.0,0.0,0.3772016977254755,319.20531206539243,0.9932574305999287,0.23602820992309698,0.18489583333333334,0.6313596114074069,0.22107666633944847,0.21977160634075676,0.21554382114079743,0.22690104273883707,0.22107666633944847,0.7438202247191011,165.68762798636365,0.7603410098754735,0.626539988577315,inf,0.474416777107999,2.6979234623138493,1.5471425533494552,0.017598797783811414,0.3134053966766839,445
-1.6622007499567557,-2.300856397564836,1.0,1.0,0.3783762480546568,322.8654351057942,0.9906327321606481,0.23714458013156553,0.185473411154345,0.6316626900452108,0.2221360973273325,0.2208363898687734,0.21671965201659435,0.2278302277736782,0.22213609732733247,0.7443946188340808,166.0408365416882,0.760341141711548,0.6265511307750762,inf,0.47443672446056695,2.6980410595675104,1.5471375902386055,0.017600585796468022,0.3134195794946851,446
-1.181802937428034,0.3013955276455027,1.0,0.0,0.37686940528476925,321.3202245332345,0.9934765789765528,0.23388177467342722,0.18475452196382428,0.6303009378212957,0.22017315580191263,0.2188725387676802,0.21475229880178603,0.22587477034484216,0.22017315580191257,0.7427293064876958,166.38899660444952,0.760337494982671,0.6265701737306023,inf,0.4744554745756923,2.698201644531649,1.5471280520559147,0.017602788765634564,0.3134380809339179,447
1.2201861252155748,-0.1064200725740279,2.0,0.0,0.37697588032811197,321.84070458110153,0.9935198076669695,0.23501841796454917,0.18475452196382428,0.630963045373425,0.2208952683682607,0.2195984711025908,0.2153637214899347,0.2267184579455556,0.2208952683682607,0.7433035714285714,166.73676328896101,0.7603345877951346,0.6265886152040464,inf,0.4744743136219654,2.6983653851515506,1.5471140017409575,0.017604815968285215,0.31345627307080265,448
1.3084224581290134,0.1266174132657039,2.0,0.0,0.37723366334203456,322.68289061028713,0.9931005010184224,0.2361523373909452,0.18475452196382428,0.6316261675091344,0.22161335365726711,0.2203203459001732,0.21597145391235686,0.22755793110106387,0.22161335365726706,0.7438752783964365,167.0848573231604,0.7603323552281458,0.626605079678858,inf,0.4744933096509835,2.698526089979548,1.5470955013333245,0.01760662215313281,0.31347344073933375,449
0.7986125346291455,-1.1842184445827877,1.0,1.0,0.3758168572647045,321.2566093727851,0.9976466914642963,0.23725859201200653,0.18532818532818532,0.6319232150213965,0.22266566293979392,0.2213779245987067,0.21713999809818182,0.22847989965148638,0.22266566293979392,0.7444444444444445,167.4282242542286,0.7603260905797442,0.6266349746370558,inf,0.47451521301477323,2.6987272490611796,1.5470848804206805,0.017608882194430145,0.3134964762592132,450
1.112341718321372,0.2334262609422476,2.0,0.0,0.3762617822947264,322.3027133602998,0.9968836206064893,0.23838745668023387,0.18532818532818532,0.6325830632325582,0.2233814211985021,0.22209743405168522,0.21774560744497293,0.22931672509920167,0.22338142119850207,0.7450110864745011,167.77238978557543,0.7603208042605563,0.6266621594133355,inf,0.47453769258552686,2.698921203184306,1.5470698181562126,0.017610947924587634,0.3135180049031198,451
-0.8484656797550434,0.7674704993249662,1.0,0.0,0.3758380994902957,321.95764037184955,0.9981817840528298,0.23515035762718312,0.18461538461538463,0.6312313937114971,0.2214344991216343,0.22014960970042297,0.21579425722504883,0.2273774935361983,0.22143449912163427,0.7433628318584071,168.11426395538982,0.7603142635980533,0.6266923196555835,inf,0.4745598730316398,2.6991346491843347,1.547050375227125,0.017613033875849157,0.3135411254084681,452
0.2789985741388954,0.1751668894823146,2.0,0.0,0.3763259779196728,322.69219127534626,0.9974537538840277,0.2362743198758466,0.18461538461538463,0.6318895928377943,0.22214434373907072,0.2208631699445571,0.21639408747941968,0.2282085465013104,0.22214434373907074,0.7439293598233996,168.45625052025696,0.7603081480725815,0.6267214375843346,inf,0.4745832107187657,2.6993467877688655,1.5470266114603746,0.01761512091159476,0.3135634284705236,453
-0.2406153863513546,-1.1939283398261096,1.0,1.0,0.376488799306708,323.96930758385616,0.9969710597349242,0.23737064226943874,0.1851851851851852,0.6321807680883216,0.2231896178829456,0.2219136322991868,0.21755542565898478,0.2291233942637368,0.2231896178829456,0.7444933920704846,168.7995464519647,0.760302565706652,0.6267496840971711,inf,0.4746048052416376,2.6995473186093113,1.54701060044639,0.01761720879741898,0.3135855599507988,454
-0.9955262346107744,1.7093303379272156,1.0,0.0,0.37589374338671666,323.3436600578279,0.9982213839273486,0.23416320744475988,0.18447837150127225,0.6308441942183667,0.22126231392379142,0.21998544543689497,0.21562407874268716,0.22720332852486277,0.2212623139237914,0.7428571428571429,169.1399519885415,0.7602958794638568,0.626781143875331,inf,0.47462427288758335,2.699772428602194,1.5469902764583547,0.017618978818388895,0.3136098800011123,455
2.9751087464939663,1.000507985164698,2.0,0.0,0.3749636851893051,322.49222018474137,0.9979381782396792,0.23528003607787148,0.18447837150127225,0.6314965914799511,0.22196795814090725,0.2206947620598905,0.21621971691653225,0.22803018278811849,0.22196795814090728,0.743421052631579,169.47698994062102,0.7602893004228468,0.626814707535579,inf,0.47463770129610716,2.700026374586175,1.5469656980348188,0.01762079300940417,0.31363687916922084,456
0.1809582042350746,0.2625559466722141,1.0,0.0,0.3754676696007001,323.23951960195825,0.9971331979139261,0.23210486675127653,0.1837769328263625,0.6301774198960881,0.22006301409351492,0.21878896522744484,0.2143112579476401,0.226132019738701,0.22006301409351492,0.7417943107221007,169.8141884705801,0.7602820113695976,0.6268471311333013,inf,0.4746523150761722,2.7002785046678897,1.546936922891674,0.017622606050919667,0.31366300947132847,457
-0.4465001631493782,-0.4268466156036591,1.0,1.0,0.3744980123609337,323.4435732834944,0.9985477689302389,0.23319055843961303,0.18434343434343434,0.6304643762543392,0.22109658632775325,0.21982764303318994,0.21546069160797898,0.22703524134815395,0.22109658632775323,0.74235807860262,170.15035780277466,0.7602736638702046,0.6268835016671255,inf,0.47466554409660827,2.7005391568397363,1.5469157765179686,0.017624894103370068,0.31369130320342614,458
1.0044973114271691,1.1364465185712085,2.0,0.0,0.3750547077145531,325.115144437445,0.9969381936318943,0.23430033621533455,0.18434343434343434,0.631111050948521,0.22179807798300807,0.2205327646232985,0.2160521927416195,0.2278579357114765,0.2217980779830081,0.7429193899782135,170.4887088652958,0.7602673317636051,0.6269143395540684,inf,0.47467918581012647,2.7007804912934064,1.5468904404698722,0.0176270046130381,0.31371670690764314,459
-1.7308290088894305,0.0489382513191266,1.0,1.0,0.374579262027277,325.25349921731583,0.9995839760889973,0.23538173084437697,0.18490566037735848,0.6313989833927421,0.22282635786386684,0.2215660916166103,0.21719644381022987,0.22875590279283944,0.22282635786386687,0.7434782608695653,170.82588705778386,0.7602591176335972,0.6269508456590176,inf,0.47469429754757125,2.7010315442659296,1.54687265948619,0.01762910183110177,0.31374439336765186,460
-0.0739467575148593,0.2334262609422476,2.0,0.0,0.3748098602441856,325.69658504960165,0.9994628444751781,0.23648669201157235,0.18490566037735848,0.6320425727705212,0.22352562347530402,0.2222689511972426,0.21778591869810462,0.22957605495985878,0.22352562347530405,0.7440347071583514,171.16256248820085,0.760250555591419,0.626987445743799,inf,0.47471041537001574,2.7012865175443994,1.5468506961506732,0.017631273577667472,0.31377188562709823,461
-0.2798315343128829,-1.475515301882452,1.0,1.0,0.37527799433246967,327.40095087655175,0.998538796490419,0.23756377827402095,0.18546365914786966,0.6323314272861323,0.22454864107311354,0.22329695836292524,0.2189250046682098,0.23046880896932515,0.22454864107311356,0.7445887445887446,171.50147439359856,0.7602432065816812,0.6270214640603077,inf,0.47472512978898757,2.701521850114691,1.546836215273932,0.01763328503494429,0.31379824076943913,462
-0.5641486070339632,0.2819757371588584,1.0,0.0,0.37486753315641763,327.17929704650805,0.9996241473165016,0.23440898026121312,0.18476903870162298,0.6310191118784323,0.2226544779262983,0.22140193262116234,0.21702719085954317,0.22858135226025206,0.22265447792629828,0.7429805615550756,171.8384393776958,0.7602344783600347,0.6270580973971625,inf,0.4747402394124744,2.7017734804945785,1.5468175596344533,0.017635485492285715,0.3138258432283404,463
0.4358631659850086,-3.1553271789771853,1.0,1.0,0.37523146368825366,327.44148165541145,1.0011964539799083,0.23548103985216112,0.1853233830845771,0.6313103472416937,0.22366771628091084,0.2224201010200586,0.21815657182471623,0.22946452606828988,0.22366771628091084,0.7435344827586207,172.17451506296084,0.760224401233708,0.6271035986197768,inf,0.4747644158666525,2.702032327011969,1.546806314925628,0.0176370802469467,0.3138554064676569,464
-0.7308172358704584,-1.6891329972355396,1.0,1.0,0.37612650567799727,330.06512083138443,0.9988864752332203,0.23655109322438983,0.1858736059479554,0.6316064153219321,0.22467428297512904,0.22343154980227212,0.21927949289636758,0.23034121743458258,0.224674282975129,0.7440860215053764,172.51479654091,0.7602159594592482,0.6271424583698938,inf,0.4747870235362108,2.7022548531451664,1.5468024333350006,0.01763842724260491,0.31388184889226556,465
-0.2112032753802084,0.6121121754318117,1.0,0.0,0.376496449769429,330.7359909951521,0.9985280990121634,0.23342363475752215,0.1851851851851852,0.6303083978211402,0.22279754155326636,0.22155395891027777,0.21739947282775018,0.22847050606156086,0.22279754155326636,0.7424892703862661,172.85505717414495,0.7602072150145502,0.6271804510242938,inf,0.47481052331913226,2.702477189003491,1.5467943374247788,0.01763973788049695,0.31390763642858427,466
0.9456730894848766,-0.601624729983458,2.0,0.0,0.3760034371249693,330.33905550957667,0.9998227680588918,0.23451517216210277,0.1851851851851852,0.6309359295486864,0.2234939929034931,0.2222539421332669,0.217985718838834,0.2292878604174112,0.2234939929034931,0.7430406852248393,173.193005668427,0.7601974912292437,0.6272214172821441,inf,0.47483366224085444,2.7027187566388764,1.5467820827941587,0.017641112107563812,0.3139350257775444,467
-0.0053184985821848,1.651070966467283,2.0,0.0,0.37623556941456177,331.44025064879577,0.9990674564852091,0.23560423809841038,0.1851851851851852,0.6315644997876688,0.22418668732664856,0.22295014140400188,0.2185685386054175,0.23010127687685428,0.22418668732664856,0.7435897435897436,173.5318648653871,0.7601892209489561,0.6272591307619211,inf,0.47485654423195783,2.7029521991982723,1.5467657242795987,0.017642266865749556,0.31396084400657936,468
-1.3582756032549113,-0.1258398630606722,1.0,1.0,0.3757776816931748,331.87844567011473,1.0008050522845755,0.2366649690735581,0.1857318573185732,0.6318549221945117,0.22518680722696452,0.22395507080676447,0.21968481663263037,0.2309714712835932,0.2251868072269645,0.744136460554371,173.870212260269,0.7601797637730635,0.6273001208057633,inf,0.4748792192817589,2.703189579154336,1.5467566146358196,0.017643541106618168,0.3139882115772185,469
0.1907622412254567,0.1266174132657039,2.0,0.0,0.3761409356886303,332.46610594293867,1.0003878731265146,0.2377493630234306,0.1857318573185732,0.6324805678542584,0.22587729586091063,0.2246490300987381,0.22026563173294664,0.23178236965314902,0.2258772958609106,0.7446808510638298,174.2083698160956,0.7601702012278193,0.6273406575272712,inf,0.4749029220741817,2.703428164262019,1.546743408924416,0.017644858407229555,0.31401509523876575,470
0.7201802387060888,-0.8637919015531562,2.0,0.0,0.37509606918722443,331.4306698454695,1.0024917250617964,0.23883127570304488,0.1857318573185732,0.6331071816229192,0.22656408083629764,0.22533925937759286,0.22084307556030958,0.23258937754388656,0.22656408083629762,0.7452229299363057,174.54288534807299,0.7601588834482208,0.6273865548638216,inf,0.4749258653201741,2.7036972222887816,1.5467261608340097,0.017646436162245288,0.3140448900135313,471
0.1809582042350746,-0.174389339277283,2.0,0.0,0.3750078895615107,331.5533817989062,1.0029617654185075,0.2399106936279752,0.1857318573185732,0.6337347153609099,0.2272471937806697,0.22602579057693725,0.22141718012969247,0.2333925235956444,0.22724719378066968,0.7457627118644068,174.87624096686454,0.7601472991274322,0.6274337368938988,inf,0.4749495239735181,2.70397570112138,1.546704923322827,0.01764817398371654,0.31407515433003313,472
1.3182264951193954,0.447043956295335,2.0,0.0,0.37540249227971667,332.7456436279601,1.0020581078881101,0.2409876036843229,0.1857318573185732,0.6343631217188668,0.22792666596566644,0.22670865526973094,0.22198797704006562,0.23419183619063047,0.22792666596566644,0.7463002114164905,175.21071004029906,0.7601372063446757,0.6274775204071188,inf,0.47497340343574496,2.704244232901697,1.546679748630075,0.017649705121348683,0.31410364809396346,473
0.0633097603504897,1.0878970423545975,1.0,0.0,0.37596373818936835,333.96055888464286,1.0010191385210954,0.23787785450451596,0.18504901960784315,0.6330670324147949,0.22605920727537307,0.22484033800368455,0.22011670600771255,0.23233147114314703,0.2260592072753731,0.7447257383966245,175.54633339937803,0.7601279088104752,0.6275181121651873,inf,0.4749980005077991,2.704502538528836,1.5466506882871078,0.017651063228734585,0.31413034392268296,474
-0.1915952013994442,-0.6210445204701023,2.0,1.0,0.3750390333385589,334.1334331619488,1.002419623470404,0.23483031422992218,0.18437118437118438,0.6312720254442427,0.22128080912384804,0.2200578210617673,0.21556449484522835,0.22730855091967297,0.221280809123848,0.7431578947368421,175.8809053398054,0.7601173545995691,0.6275624722650123,inf,0.4750213467828462,2.7047692789990196,1.5466287213735386,0.01765285092621887,0.31415911910353306,475
1.0044973114271691,1.1558663090578525,2.0,0.0,0.375567808676677,335.80202122130964,1.0008709208139797,0.23589959789682544,0.18437118437118438,0.6318990515410579,0.22195479153726538,0.2207351631598437,0.21613361622044533,0.22809821200442992,0.22195479153726536,0.7436974789915967,176.21758137324014,0.7601087141295926,0.6276016043727403,inf,0.47504497887051417,2.7050178561458957,1.5466028749377374,0.017654479395776086,0.31418518223418485,476
-0.0249265725629489,-1.096829387392888,1.0,1.0,0.3753168540881687,336.51613196355885,1.001496373868914,0.23694268582073533,0.18491484184914841,0.6321732087341841,0.22295161272853717,0.2217366934879814,0.21724108791783497,0.22897046266384213,0.2229516127285372,0.7442348008385744,176.55434303414418,0.7600992792106542,0.6276423380817564,inf,0.4750674762193233,2.7052652913613904,1.5465840558036228,0.017656243721427906,0.31421219779218656,477
0.357430870061952,-1.4560955113958078,1.0,1.0,0.37497772052038525,336.8196928707508,1.0031871433878554,0.2379837954575423,0.18545454545454546,0.6324519955084925,0.22394202353144702,0.22273176860894148,0.21834236699648918,0.22983646011542713,0.22394202353144702,0.7447698744769874,176.89032909250184,0.7600887208912595,0.6276871144609091,inf,0.4750904591415011,2.705518790881797,1.546572219866791,0.01765801383014767,0.3142409801864555,478
1.1809699772540465,-0.1064200725740279,2.0,0.0,0.37510030974036473,337.34014691050646,1.0032216943179388,0.23904652924454523,0.18545454545454546,0.6330723552320636,0.22461542449563138,0.22340849018063566,0.21891097097429854,0.23062512937950025,0.22461542449563135,0.7453027139874739,177.22599816743488,0.7600782321434372,0.6277312580831388,inf,0.4751135692198542,2.705774505556461,1.54655646704235,0.017659646090560827,0.31426941635014694,479
-0.5837566810147273,-0.980310644473022,2.0,1.0,0.3753879635222735,338.88007985856075,1.0015684339608262,0.23601966854463208,0.1847826086956522,0.6312974033231228,0.21997773545117708,0.21876689742320135,0.2144881965201923,0.22575564980066842,0.21997773545117708,0.74375,177.5634805926773,0.7600685086419096,0.6277731280193257,inf,0.4751345571411586,2.7060146772880436,1.5465476329248522,0.017661285624452527,0.3142970968482297,480
-2.6426044489949634,-0.3200377679271153,1.0,1.0,0.37553385140114437,339.56511300798036,1.0035407472964908,0.23705464385549568,0.18531889290012035,0.6315776048373108,0.22096175330824785,0.21975552059392967,0.21557850308406937,0.2266207412817982,0.22096175330824788,0.7442827442827443,177.90098399354252,0.7600578016375541,0.6278195212451166,inf,0.4751602347822948,2.70625426354898,1.5465456743622803,0.017662441519041745,0.31432573486926135,481
-0.289635571303265,0.2431361561855697,2.0,0.0,0.37550420792446765,339.74249204757314,1.0039442342773328,0.23810984190250473,0.18531889290012035,0.6321951858355822,0.22163281595521447,0.2204298698027009,0.21614846168387258,0.22740272567444939,0.22163281595521445,0.7448132780082988,178.2374528252557,0.760046142295359,0.6278669509122458,inf,0.4751865926790879,2.7065020130166535,1.5465397634011033,0.01766371786378948,0.31435472636121065,482
0.4064510550138624,0.2625559466722141,2.0,0.0,0.37607967011825005,340.66595125837085,1.002887435481608,0.23916265694934613,0.18531889290012035,0.6328135917545848,0.22230040406697504,0.2211007203237065,0.21671523099876763,0.22818107421890027,0.22230040406697507,0.7453416149068323,178.57444141121653,0.7600351767612432,0.6279126453933555,inf,0.4752140060090134,2.7067450330427056,1.5465299504225742,0.017664945848059447,0.31438257560188887,483
-1.103370641504977,-0.2909080821971489,1.0,1.0,0.37572991654555243,341.37159034714483,1.003752694010364,0.24019163011517505,0.1858513189448441,0.6330908734347999,0.22328108841004285,0.22208595319390764,0.21780218916952365,0.22904274831141844,0.22328108841004285,0.7458677685950413,178.9114955498002,0.7600238844815427,0.6279598520344642,inf,0.47524033896579065,2.7069870933958073,1.5465269300056428,0.01766632845753817,0.31441132980758457,484
-0.2013992383898263,-0.2617783964671824,2.0,0.0,0.37491786705950914,340.90912015096245,1.0051211348600875,0.24124004839252788,0.1858513189448441,0.6337063969313234,0.22394666298983543,0.22275475956532492,0.21836711950201596,0.22981881101891238,0.22394666298983537,0.7463917525773196,179.24620138575307,0.7600111701087782,0.628010414755415,inf,0.4752669669768272,2.7072481504340526,1.5465200152684828,0.01766804172188496,0.31444170249182096,485
1.1907740142444283,-2.067818911725104,1.0,1.0,0.37423619593754653,339.10562268783445,1.0096104438490618,0.2422650275256093,0.18637992831541217,0.633984427287313,0.22492257395123855,0.22373516986504682,0.2194493923064015,0.2306757466962522,0.22492257395123855,0.7469135802469136,179.57580843998417,0.7599947282736559,0.6280761803939454,inf,0.47530018434435894,2.7075512773376573,1.5465198313100568,0.01766949305907951,0.31447797407419614,486
0.6613560167637964,-0.0384508058707728,1.0,0.0,0.3745545850230374,339.7352191256577,1.0093384147414421,0.23922999801210473,0.18571428571428572,0.6327090601850385,0.2230908713277158,0.22190265721369534,0.2176125205589329,0.22885217818203185,0.22309087132771582,0.7453798767967146,179.90535455250608,0.7599783102488046,0.6281411485724042,inf,0.4753341152611206,2.7078543849515415,1.5465157609241866,0.01767091705229562,0.3145136536983625,487
1.141753829292518,0.0683580418057709,2.0,0.0,0.3748507985114514,340.54450389353224,1.0089607967188334,0.24027222774153814,0.18571428571428572,0.633319553532629,0.2237527575825196,0.22256774018832548,0.21817374493511807,0.2296245844665199,0.22375275758251964,0.7459016393442623,180.23520906860674,0.759962535761284,0.628204403188482,inf,0.4753683321460411,2.708154381079312,1.5465078531110479,0.01767219201649679,0.3145483847195018,488
0.9750852004560228,0.4276241658086908,2.0,0.0,0.3754209179268569,341.80806231395974,1.007843404642097,0.24131210915325751,0.18571428571428572,0.6339308249549173,0.22441125335925294,0.22322940948345688,0.21873186429761643,0.23039343599395365,0.22441125335925294,0.7464212678936605,180.56630098099478,0.7599477706486663,0.6282643618273734,inf,0.4754032197516161,2.708443538676112,1.5464961562275106,0.017673307071140745,0.3145812736509236,489
0.1907622412254567,0.0974877275357374,2.0,0.0,0.37574764347107875,342.35357450669756,1.0075184546783498,0.2423496309917846,0.18571428571428572,0.6345428327067077,0.2250663862557379,0.22388769295441047,0.21928690668198572,0.2311587578407501,0.22506638625573794,0.746938775510204,180.89715430108825,0.7599327829711764,0.6283239831705522,inf,0.4754389900963321,2.708734171929097,1.5464807179968159,0.017674470629298437,0.3146137526962279,490
-0.5837566810147273,-0.3006179774404711,2.0,1.0,0.3747684356446242,342.4771305267659,1.009022389325898,0.2393615581760207,0.18505338078291814,0.6328006280165197,0.22057495913956038,0.21939258359393138,0.21500855168687283,0.22643724679384378,0.22057495913956038,0.745417515274949,181.22690935461006,0.759916884919505,0.6283872056196169,inf,0.4754735768716112,2.709033420319372,1.5464718913965592,0.017676062120795862,0.31464824321178286,491
0.7005721647253247,-0.1258398630606722,1.0,0.0,0.3749919975019927,342.9842415841843,1.0089714577525308,0.23638295870725687,0.1843971631205674,0.6315484280299946,0.21877705867402908,0.21759393047268968,0.2132053349455335,0.22464781014783736,0.2187770586740291,0.7439024390243902,181.55635402310207,0.759901017399787,0.6284500741611256,inf,0.47550873708173785,2.7093347225719984,1.5464593302334477,0.01767763975699924,0.3146823943392093,492
0.6025317948215039,0.2237163656989254,2.0,0.0,0.3755605692416251,343.9571331294124,1.008009448989939,0.23741343735956047,0.1843971631205674,0.6321591073011684,0.21942690397983186,0.21824689643492323,0.21375844671280914,0.2254041834816352,0.21942690397983183,0.744421906693712,181.8864369074645,0.7598858074413365,0.628510948418295,inf,0.4755448038892561,2.7096302037305913,1.5464430812764365,0.017679140628088882,0.3147152953590198,493
-1.4759240471394963,-1.8250715306420493,1.0,1.0,0.37655812006905953,347.33050608925646,1.0054500229015868,0.23842154035857177,0.18492343934040045,0.6324234029082225,0.220395278277599,0.2192196762728904,0.21482836078381903,0.22625838574211904,0.220395278277599,0.7449392712550608,182.22202325468925,0.7598735898334666,0.6285632822282179,inf,0.47558053526191024,2.7098800140392654,1.546433365489654,0.017680486890397404,0.31474389791613094,494
-0.7798374208223688,-0.543365358523525,1.0,1.0,0.3763644534600274,348.28218802587867,1.0052990891344602,0.23942772335562815,0.18544600938967137,0.6326920028800767,0.22135766025793893,0.2201864233247348,0.21589249557005,0.2271067046580357,0.22135766025793893,0.7454545454545455,182.55817743438797,0.7598608198169723,0.6286157174948835,inf,0.47561452177438973,2.7101247770148738,1.546430143278129,0.01768199240552045,0.31477288958035765,495
1.0339094223983152,0.4761736420253015,2.0,0.0,0.3769204221896853,349.6060239971493,1.0041710046668268,0.24045214436099893,0.18544600938967137,0.6332963921285467,0.2220070136825383,0.22083886255058596,0.21644517004226935,0.22786223380928994,0.2220070136825383,0.7459677419354839,182.89564783148447,0.7598491134847628,0.6286647932894316,inf,0.47564909242409803,2.7103584735546358,1.5464232005630876,0.01768333230432824,0.31480003220636904,496
-0.917093938687718,-2.6115730453511445,1.0,1.0,0.3778290165809878,352.7245507144046,1.0023005992317793,0.24145451962116588,0.18596491228070175,0.6335657391734477,0.22296482875217288,0.22180099654712032,0.21750483568422507,0.22870600313945127,0.2229648287521729,0.7464788732394366,183.23804481310324,0.7598396347594978,0.6287077250518628,inf,0.4756857074871976,2.710552365339311,1.5464226936605325,0.017684592654433538,0.31482350424081196,497
-0.034730609553331,-0.8735017967964783,2.0,1.0,0.37723303864111135,353.07504137828187,1.0033508650713627,0.23851568808564788,0.1853146853146853,0.6318547136946634,0.21861160043091007,0.21744429815043573,0.21335024356919535,0.22413901548020332,0.21861160043091007,0.7449799196787149,183.57976915226863,0.759828735624608,0.6287533135261439,inf,0.4757212139031629,2.71075125824067,1.5464285838005092,0.01768612239418767,0.3148484930382392,498
-2.005342044620128,-2.5436037786478893,1.0,1.0,0.37823696478864977,356.6608073831399,1.0010539516290438,0.2395142724033165,0.18583042973286876,0.6321287630327457,0.21956195662862094,0.21839892647617742,0.214398505848083,0.22498025212391695,0.21956195662862094,0.7454909819639278,183.92732143787276,0.7598206232803717,0.62879204111205,inf,0.47576075871062523,2.710903984520291,1.5464408325238448,0.017687994505387744,0.3148690136127362,499
-0.4366961261589961,-0.7375632633899681,1.0,1.0,0.3779911039210041,357.49883104156766,1.0009501906531555,0.24051098244030078,0.1863425925925926,0.6324069304466863,0.22050653969680853,0.21934774314868144,0.21544118774638832,0.22581581500738604,0.22050653969680853,0.746,184.27516013447334,0.7598115620129793,0.6288313023135019,inf,0.4757985484072626,2.7110542227428325,1.546459401679038,0.017690053464824947,0.314890135157057,500
0.2397824261773671,0.8257298707848992,2.0,0.0,0.3786422197237506,358.8145205338932,0.9996390983369015,0.2415247113421268,0.1863425925925926,0.6330016994081679,0.22115631121455398,0.220000557492255,0.21599737816102,0.22656770856829922,0.22115631121455398,0.7465069860279441,184.62423885527218,0.759803386978851,0.6288676356655164,inf,0.4758372279108526,2.711194596163985,1.5464741432179996,0.017691980186425815,0.31490956098137707,501
-2.848489225792987,0.0198085655891601,1.0,1.0,0.37849462161045433,358.325359713222,1.0027970239310655,0.24251766145962206,0.18685121107266436,0.633280455297296,0.22209651751973708,0.22094495339719553,0.21703576909082267,0.22739890927606615,0.2220965175197371,0.7470119521912351,184.97094767933996,0.7597928290697694,0.6289130867823781,inf,0.47588257915203724,2.711353092534778,1.5464951499364366,0.01769338121062141,0.31493198191846866,502
-0.3582638302359395,0.4082043753220464,2.0,0.0,0.3785346524083416,358.59211496112465,1.003127707454028,0.2435272890240704,0.18685121107266436,0.6338725227832845,0.22274438957754766,0.22159584080078498,0.21759021217320168,0.22814867092253985,0.2227443895775477,0.7475149105367793,185.31680657830765,0.759781578413821,0.6289592298154738,inf,0.47592843217314534,2.7115179196006847,1.5465123382548955,0.01769484557720746,0.31495460122592295,503
0.8966529045329662,0.1071976227790595,2.0,0.0,0.37895478109962344,359.51609074716083,1.002553651835856,0.24453470477296646,0.18685121107266436,0.6344653215719466,0.22338904553731237,0.22224349086180667,0.21814168770735537,0.228895074081623,0.2233890455373124,0.748015873015873,185.6631272227785,0.759771014604875,0.6290037178223584,inf,0.47597484220370356,2.7116788815418467,1.5465257544190694,0.017696209116356967,0.314976230178792,504
-0.7112091618896943,-1.1939283398261096,1.0,1.0,0.37950612184445626,361.53464280228593,1.000219491471892,0.24552200272451905,0.18735632183908046,0.6347412016702598,0.2243262095950638,0.22318479523513898,0.21917701920369304,0.2297231636705659,0.22432620959506377,0.7485148514851485,186.01207864257913,0.7597617230979864,0.6290442983128562,inf,0.4760191597371575,2.7118192849099056,1.5465453641313704,0.01769746921131164,0.31499632980163506,505
0.0338976493793434,-1.582324149558996,1.0,1.0,0.3796399087151596,362.68426440384906,1.0003937272631203,0.24650741820130823,0.18785796105383734,0.6350210220538842,0.22525772737204097,0.22412041645924793,0.22020686680250678,0.23054572928788977,0.225257727372041,0.7490118577075099,186.3619245549777,0.7597524016434701,0.6290848047144153,inf,0.47606298922623425,2.7119526003653673,1.5465711306711571,0.017698609305715107,0.31501645271541756,506
-0.6229728289762556,-1.1065392826362102,2.0,1.0,0.38006583885396156,364.45052807510666,0.9984392535536555,0.24358025082133966,0.18721461187214614,0.6333297452551979,0.22101501503748683,0.21987437474459987,0.21614488482349356,0.22610966964716658,0.22101501503748686,0.747534516765286,186.71387831687517,0.7597439058964545,0.6291223688804356,inf,0.4761047649606039,2.7120696469178838,1.5466030176074983,0.01769969705992351,0.3150355044162563,507
0.5633156468599756,1.4180334806275507,2.0,0.0,0.3805334871677951,366.09679547547137,0.9971291564978811,0.24457917341860547,0.18721461187214614,0.6339165369205092,0.2216586699649465,0.22052098851035679,0.21669841717646957,0.22685132400991592,0.22165866996494651,0.7480314960629921,187.06769077675403,0.7597368286876114,0.6291556523497056,inf,0.47614663692265563,2.7121724551977446,1.5466310687518772,0.01770063946901248,0.3150523627396423,508
0.9358690524944944,1.0296376708946646,2.0,0.0,0.3811006454208093,367.81172679635114,0.995677732690693,0.24557592719846322,0.18721461187214614,0.6345040398414511,0.22229916649543116,0.221164423248237,0.21724902351489314,0.22758968722027825,0.2222991664954312,0.7485265225933202,187.42348612324932,0.7597309477462287,0.6291845963730012,inf,0.47618887458012804,2.7122602209392257,1.546655329928178,0.017701434844189363,0.31506693831134036,509
2.4947109339652447,1.4374532711141952,2.0,0.0,0.3806115638651284,368.0953909826355,0.9948311244911974,0.24657050279794288,0.18721461187214614,0.6350922171622536,0.22293652916373516,0.2218047037127618,0.2177967289735384,0.22832478160184397,0.22293652916373516,0.7490196078431373,187.7784407496921,0.759725938945619,0.629212123190666,inf,0.47622692144331025,2.712354130492099,1.5466758463836572,0.017702390652792048,0.31508171222008974,510
-0.1327709794571518,-1.5337746733423852,1.0,1.0,0.38090613792058725,369.5753549698446,0.9944012572249137,0.24754676224250585,0.1877133105802048,0.6353662736170064,0.22386488143903052,0.22273709926071908,0.21881941285743942,0.2291485151842393,0.2238648814390305,0.7495107632093934,188.1349052873787,0.7597206522731265,0.6292383352382969,inf,0.4762640104505526,2.7124366325380938,1.5467023979997803,0.01770322700457061,0.31509597749189383,511
2.102549454349961,1.427743375870873,2.0,0.0,0.38069815516774186,370.5199953008473,0.993355641957512,0.24853732706575543,0.1877133105802048,0.6359517590818041,0.2245004081812183,0.22337551796776584,0.2193654291247283,0.22988155214939288,0.2245004081812183,0.75,188.4918232717495,0.7597167164156762,0.6292615792383986,inf,0.4762984884719831,2.712515638857802,1.5467252142117855,0.01770412625094983,0.3151093187557309,512
-0.0543386835340951,-0.2811981869538267,2.0,0.0,0.38010706258036203,370.18780141467624,0.9944639154416649,0.24952570990891895,0.1877133105802048,0.6365378696164682,0.2251328409827514,0.22401082278190665,0.219908585957226,0.23061135620931972,0.2251328409827514,0.7504873294346979,188.84669822905988,0.7597109851454782,0.6292874695841968,inf,0.47633326449423946,2.712609684160073,1.5467443393772324,0.017705284682079703,0.31512390446228905,513
-0.0151225355725668,0.3111054228888248,2.0,0.0,0.3804355884337412,370.8024260223209,0.9941103413476811,0.2505119022016661,0.1877133105802048,0.6371245700313521,0.22576220372743466,0.22464303779725933,0.22044890770962736,0.23133794922397624,0.22576220372743466,0.7509727626459144,189.201387756922,0.7597055380223241,0.6293130334567708,inf,0.47636886267101985,2.7127049541907065,1.546759817299791,0.017706468892951095,0.3151381209704337,514
0.7005721647253247,0.8257298707848992,2.0,0.0,0.38109708361354416,372.3835781877893,0.9926344081547875,0.2514958956071382,0.1877133105802048,0.6377118256820249,0.22638852005777726,0.22527218686369904,0.22098641845485964,0.2320613528730056,0.22638852005777732,0.7514563106796116,189.55777334141786,0.7597014403375898,0.6293350098412605,inf,0.4764052177364766,2.7127875145487246,1.5467716912371934,0.017707507313511336,0.31515034447069357,515
-0.7504253098512226,1.8841084523070144,1.0,0.0,0.38069074547791903,372.13938516953084,0.9933323166075809,0.24856521624069663,0.18707482993197277,0.6364581270853066,0.22460156423782263,0.22348445282759757,0.21919122706644478,0.2302857495377433,0.22460156423782265,0.75,189.9123007430258,0.7596969254411448,0.6293583098296723,inf,0.47643969136899594,2.7128836740374807,1.5467800039090494,0.01770828922130636,0.31516364620706566,516
0.7986125346291455,-0.0578705963574171,2.0,0.0,0.38096564613472766,372.7896474702859,0.9931372701510359,0.24954557083561785,0.18707482993197277,0.6370441713921787,0.22522339133646568,0.22410908933622017,0.21972425897720835,0.23100484778330369,0.22522339133646568,0.7504835589941973,190.26671420567556,0.7596923413382536,0.6293810389823085,inf,0.4764746872608276,2.7129805185030347,1.546784797504534,0.01770903064615981,0.3151765215048267,517
1.4652870499751267,1.5831016997640277,2.0,0.0,0.38107193577393794,374.3034981058271,0.9918377117633475,0.25052373992253485,0.18707482993197277,0.6376307279242405,0.22584223438200193,0.2247307227231928,0.2202545411475053,0.23172081851079715,0.2258422343820019,0.750965250965251,190.6226847741478,0.7596895858335523,0.6293995595307069,inf,0.47650851399900507,2.7130657316072573,1.5467861136899494,0.01770976821761477,0.3151875388808123,518
1.0437134593886974,0.6606616516484225,2.0,0.0,0.381630671716634,375.8021880166438,0.9906180859992273,0.251499715555702,0.18707482993197277,0.6382177635078765,0.2264581161097235,0.22534937592167015,0.22078209666565882,0.23243368261582875,0.2264581161097235,0.7514450867052023,190.98017416264688,0.7596874115144707,0.6294147519259091,inf,0.4765428567037012,2.713139684965842,1.5467839936161603,0.017710356250323203,0.3151967457957778,519
-0.3092436452840291,0.1557470989956703,2.0,0.0,0.3814517928536033,375.8125086466984,0.9912489022688122,0.2524734900183491,0.18707482993197277,0.6388052454884462,0.22707105902775315,0.22596507163490542,0.22130694835639445,0.2331434608229415,0.22707105902775315,0.7519230769230769,191.33630582831938,0.7596843404501057,0.6294314700515465,inf,0.4765776460453168,2.7132234428151554,1.5467784779259068,0.017711088671709847,0.31520659402444745,520
-2.191618747437388,0.4858835372686237,1.0,1.0,0.38073257614551376,374.43536944247944,0.9955977887993077,0.25343151581702833,0.18757062146892656,0.6390553356463323,0.2280013367468612,0.22689930531943667,0.22233099789435287,0.23396847837698925,0.2280013367468612,0.7523992322456814,191.6884194121928,0.7596784996900041,0.6294589520934434,inf,0.476616987694412,2.7133365916985936,1.5467788174085106,0.017711740560004942,0.3152207104162944,521
-0.6916010879089302,0.6606616516484225,1.0,0.0,0.3804884446382533,374.302901011478,0.9965007313366482,0.25052068519294,0.18693693693693694,0.637808977837029,0.2262266538953445,0.22512384801146457,0.22054783145661305,0.23220565014171854,0.22622665389534452,0.7509578544061303,192.0389270544179,0.7596719140953306,0.6294881690926865,inf,0.47665625227637637,2.713461422689734,1.5467757677660436,0.01771242786673095,0.31523568706475413,522
0.5535116098695936,0.0198085655891601,1.0,0.0,0.38084020543258396,374.9855343323998,0.9961348182421073,0.24763702012817856,0.186307519640853,0.6365783551575774,0.22447211102105608,0.22336855721376722,0.21878549126655633,0.2304622297476791,0.22447211102105608,0.7495219885277247,192.3893994821535,0.7596655932478554,0.6295167832246287,inf,0.47669620173560295,2.7135863030635274,1.5467693688700916,0.017713108080098135,0.31525017244596254,523
-0.4661082371301424,2.291924052526545,1.0,0.0,0.38040659989330844,374.87618419020794,0.996434209620265,0.24478025529954395,0.18568232662192394,0.6353633192003838,0.22273738140954802,0.22163310563698094,0.2170436323174628,0.22873790879958059,0.22273738140954805,0.7480916030534351,192.73832258866983,0.7596595438473984,0.6295458966910911,inf,0.4767336790284392,2.713722435141979,1.546759660103612,0.017713563526686977,0.31526546891960416,524
0.0437016863697255,-0.174389339277283,2.0,0.0,0.38017506703001597,374.8423647246897,0.9970942081923464,0.2457459227618326,0.18568232662192394,0.6359429800924558,0.22334436973523217,0.2222428115475139,0.21756204398350412,0.22944245085181064,0.22334436973523217,0.7485714285714286,193.08584938663932,0.7596524233872424,0.6295766281708889,inf,0.4767715953282199,2.713868690222914,1.5467466803677936,0.017714193824408656,0.31528144550760107,525
0.7986125346291455,0.689791337378389,2.0,0.0,0.3808108443065262,376.32807566834356,0.9957311363090269,0.24670947299392942,0.18568232662192394,0.636523117206506,0.2239485006283843,0.2228496419263188,0.21807782890900532,0.23014399444041236,0.22394850062838434,0.7490494296577946,193.43488219860447,0.7596466440439447,0.6296041285959756,inf,0.4768102057864494,2.714003548577729,1.5467304680888125,0.017714690726947625,0.31529560842827165,526
-0.2308113493609725,-0.980310644473022,1.0,1.0,0.3806845396449906,377.2731038753334,0.9956418801916356,0.2476559319494871,0.18617614269788182,0.6367654345844765,0.22486843324438185,0.22377346246885182,0.21909135693590287,0.2309584244742231,0.22486843324438185,0.7495256166982922,193.78438452118382,0.7596406705439471,0.6296319146450017,inf,0.47684738210633437,2.71413471784406,1.5467199985736533,0.017715299819220216,0.3153102044554803,527
-0.1033588684860055,3.1949443101555057,2.0,0.0,0.379804668890998,376.1527421338572,0.9957907960659217,0.2486157238252357,0.18617614269788182,0.6373429688217086,0.22547092462482066,0.22437863023213367,0.21960564722560935,0.2316581017100636,0.22547092462482066,0.75,194.13043453562912,0.7596345919924448,0.6296620378156852,inf,0.4768792387709188,2.7142911600921655,1.5467063018437932,0.017715918452813718,0.3153272430775239,528
0.1809582042350746,0.87427934700151,2.0,0.0,0.3803924197392837,377.40217957454,0.9946681579625151,0.24957339662868167,0.18617614269788182,0.6379209377844118,0.22607059354260478,0.22498095782541427,0.22011734678749595,0.2323548121732227,0.22607059354260478,0.7504725897920604,194.47754011335434,0.7596286129575643,0.6296897313354072,inf,0.4769118547721915,2.7144395258837584,1.5466894156099245,0.017716425763955424,0.315342857531114,529
-0.1033588684860055,0.1266174132657039,1.0,0.0,0.38044381761388385,377.6532367363692,0.9948958073672706,0.2467353252365399,0.18555555555555556,0.63671259793318,0.22434732194076068,0.22325696702507375,0.21838673840393918,0.23064240812977818,0.22434732194076065,0.7490566037735849,194.82380797086478,0.7596221491282891,0.6297181590531862,inf,0.47694507570529737,2.7145938210029597,1.5466693771256765,0.017717036773884767,0.3153586728132981,530
-0.1425750164475338,-1.6794231019922174,1.0,1.0,0.3808152144350075,379.33365100645506,0.9943570713336609,0.24767456098128166,0.18604651162790697,0.6369508297501237,0.22526185658602646,0.22417533814383545,0.21939480195596767,0.23145132673784463,0.22526185658602646,0.7495291902071564,195.17193975017722,0.7596165847237315,0.629744886872746,inf,0.47697763959785666,2.7147341365094504,1.5466550023627446,0.017717492567852513,0.3153737280364516,531
-0.4857163111109065,-2.281436607078191,1.0,1.0,0.3815162813582127,381.94469406213335,0.9930630163325108,0.24861197065604201,0.18653421633554082,0.637192774500725,0.22617106476897975,0.22508834971900205,0.22039771497092822,0.23225501833155557,0.22617106476897977,0.75,195.52367751724302,0.759612386866111,0.6297675210650883,inf,0.4770106738802934,2.714847927443661,1.5466462593828512,0.017717724845081072,0.31538654696339435,532
0.6711600537541784,-0.1064200725740279,2.0,0.0,0.38173146032878935,382.45567149667755,0.9930187434458998,0.24956292865349267,0.18653421633554082,0.6377634894645976,0.22676891199962626,0.22568882436656817,0.22090745394096967,0.23294989882172187,0.22676891199962626,0.7504690431519699,195.8750534457758,0.7596076977730043,0.6297900448621073,inf,0.47704421429640503,2.7149641459567206,1.546634337318616,0.01771795612179131,0.31539916981203026,533
0.1123299453024001,-1.223058025556076,1.0,1.0,0.3814932705665112,383.0751000260181,0.9937784689032214,0.250496893279037,0.18701870187018702,0.6380060994390065,0.22767399977079955,0.2265976778610371,0.2219063281889029,0.23374949260039743,0.22767399977079955,0.7509363295880149,196.22627304536348,0.7596026738112315,0.6298142629111924,inf,0.47707713194539136,2.7150812978525054,1.5466280003180706,0.01771827052018027,0.31541272908136353,534
-0.3288517192647933,0.9228288232181208,2.0,0.0,0.381730340659556,383.7476439399007,0.9936431224897961,0.2514441491725717,0.18701870187018702,0.6385742728255575,0.22827021657318566,0.22719649983872095,0.22241458401463846,0.23444251517051976,0.22827021657318566,0.7514018691588785,196.57743666127087,0.7595977585892967,0.6298377906025853,inf,0.4771104078289192,2.715198654712178,1.5466184896888178,0.01771850599962989,0.31542583749520814,535
-0.2504194233417367,0.7092111278650334,2.0,0.0,0.3820240186978679,384.41602745882204,0.9934212514249644,0.25238933123594437,0.18701870187018702,0.6391428748485406,0.22886366559994253,0.2277925369887954,0.22292030411729463,0.2351326243122731,0.22886366559994256,0.7518656716417911,196.92853683098593,0.7595929637778479,0.6298607365171882,inf,0.47714422898349046,2.7153162692393766,1.546605841966372,0.017718703387596083,0.3154385030478945,536
-0.799445494803133,-1.1162491778795325,1.0,1.0,0.3825267465087341,386.480583115267,0.9909535427048596,0.2533182247246119,0.1875,0.6393831544957442,0.229765788618,0.22869838363346084,0.22391620437695187,0.23592920021852018,0.229765788618,0.7523277467411545,197.28217870838196,0.7595893775486119,0.6298802946075733,inf,0.47717620900425783,2.715415445194224,1.5465987184001935,0.017718822726399998,0.31544984823562255,537
-0.1523790534379159,0.0100986703458379,1.0,0.0,0.3823653802278687,386.5095138641112,0.9915080646660098,0.250494040023079,0.18688524590163935,0.6381780386618546,0.22804830915857077,0.22698017018785815,0.2221911775616107,0.23422259832905226,0.22804830915857077,0.7509293680297398,197.63455735857886,0.7595849647783373,0.6299012325002935,inf,0.47720866675878754,2.7155234853378243,1.5465884630354962,0.017719093798139997,0.3154617542659951,538
0.2691945371485133,1.2238355757611077,1.0,0.0,0.3828691044944359,387.9550923604365,0.9904253408868369,0.24769540322864927,0.18627450980392157,0.6369877080999549,0.22634962171441456,0.22528077281518966,0.22048557800944923,0.23253410864689825,0.2263496217144145,0.7495361781076066,197.98831299984627,0.7595818293746055,0.6299191767420216,inf,0.477241566198809,2.7156215153297727,1.5465751117386501,0.017719226609100094,0.31547203286748865,539
0.4554712399657727,0.689791337378389,1.0,0.0,0.3835145122531804,389.31583478605353,0.9890005941940343,0.24492207200519495,0.18566775244299674,0.6358120271036701,0.22466943210461646,0.22359989683161763,0.21879909511699505,0.2308634534705339,0.22466943210461643,0.7481481481481481,198.34328057273345,0.759579305638337,0.6299346062054172,inf,0.4772752859224112,2.7157107770604125,1.5465586999494045,0.017719256841088833,0.31548083165394336,540
0.6319439057926501,0.8257298707848992,1.0,0.0,0.3841497428373915,390.8450467458244,0.9876103725817056,0.24217380645482964,0.18506493506493507,0.6346508610486753,0.22300745241650746,0.22193725383368268,0.21713142497573928,0.22921036095842187,0.22300745241650743,0.7467652495378928,198.69976532490585,0.7595777263839232,0.6299469913953646,inf,0.47730970862678596,2.7157891791235333,1.5465392626867018,0.017719164661878988,0.3154879120066587,541
1.2299901622059568,0.8839892422448322,2.0,0.0,0.38457688569971776,392.40285603916624,0.9864612344874307,0.24310999244163845,0.18506493506493507,0.6352103980766979,0.22359400460577827,0.222526358690417,0.21762965495199213,0.22989448366671975,0.22359400460577827,0.7472324723247232,199.0578117033056,0.7595772468416362,0.6299560052777848,inf,0.47734424756604,2.7158564934533214,1.5465168345543947,0.017718943866974732,0.3154932514383877,542
-2.0151460816105105,-0.8249523205798676,1.0,1.0,0.38501368470041303,394.5811176027801,0.986149899674969,0.24402750049245456,0.18554476806903994,0.6354445199201332,0.22448303709339704,0.22341905064629625,0.2186122485453111,0.2306778448352667,0.22448303709339706,0.7476979742173112,199.4185558101312,0.7595774996542682,0.6299625537282824,inf,0.4773791239348062,2.7159049132626425,1.5464998270611099,0.017718491697905632,0.31549721895046245,543
1.279010347157867,1.6899105474405711,2.0,0.0,0.3851332623785644,396.1259255733925,0.9849188348464071,0.24496017443650128,0.18554476806903994,0.6360016689442571,0.22506804084846616,0.22400658580667554,0.21910907003968483,0.2313601978319482,0.22506804084846616,0.7481617647058824,199.78081615960312,0.7595790124572622,0.6299653554050079,inf,0.4774130583879798,2.715942778396378,1.5464798329993847,0.01771803717049422,0.31549951231867945,544
0.7692004236579992,0.2819757371588584,1.0,0.0,0.38564087269602576,397.2167936396381,0.9840840932894597,0.24223180519171425,0.18494623655913978,0.634849740711177,0.22341907009421874,0.22235696052021617,0.2174545737922974,0.2297199908426936,0.22341907009421874,0.7467889908256881,200.14374994173554,0.7595805132800998,0.6299665396846161,inf,0.4774476525097495,2.7159759538087487,1.5464568863508399,0.017717502431105675,0.31550081367926824,545
0.6221398688022681,1.068477251867953,2.0,0.0,0.3862200110798875,398.8457489113952,0.9827644046613601,0.24316114507745626,0.18494623655913978,0.635405697372267,0.22400010241065954,0.22294050458090053,0.21794748338518574,0.23039849854761002,0.22400010241065954,0.7472527472527473,200.50834076553312,0.759583116170151,0.6299645052375513,inf,0.47748277087113755,2.7159977407467792,1.5464310206972007,0.01771684428908214,0.31550035163568957,546
0.7103762017157068,2.175405309606679,2.0,0.0,0.3861686102362597,400.04332531454185,0.9818048829703081,0.2440885362730683,0.18494623655913978,0.6359621144276458,0.2245784993661698,0.22352139718073935,0.21843798309488757,0.23107423363078972,0.22457849936616978,0.7477148080438757,200.8737894551833,0.7595868391882417,0.6299595868897443,inf,0.47751646571991563,2.716013658731264,1.5464022692256805,0.01771618578777935,0.31549876752922873,547
-1.456315973158732,-0.0190310153841284,1.0,1.0,0.3856648051231708,400.24872583025484,0.9837611500787026,0.2449977268985202,0.18542336548767416,0.6361895689066442,0.22546360179960998,0.22441010738453032,0.21941647161386094,0.23185349710089662,0.22546360179960995,0.7481751824817519,201.23827745586897,0.7595891223617394,0.6299580213349463,inf,0.4775504360275643,2.716036085450945,1.5463788513900283,0.01771561666844215,0.31549874420337604,548
-0.7112091618896943,1.5054225378174502,2.0,0.0,0.38544741021975965,400.2857437721756,0.9843149237295925,0.24592166116029432,0.18542336548767416,0.6367436206536585,0.22604048972061602,0.22498947035820427,0.21990560247350144,0.23252750042388268,0.22604048972061602,0.7486338797814208,201.60150275936587,0.7595911896336041,0.6299571960138507,inf,0.4775835945633352,2.716067071855693,1.546352551388943,0.01771489094357858,0.31549926844866955,549
-1.1327827524761236,0.0392283560758044,1.0,1.0,0.3845800964198206,400.12620238376707,0.9865456417129348,0.24682766544437007,0.1858974358974359,0.6369718006414067,0.2269216823484145,0.225874235930549,0.2208802666593917,0.23330287553450282,0.22692168234841448,0.7490909090909091,201.9631142340916,0.759591955235635,0.6299605963829881,inf,0.47761674298767326,2.7161090149729294,1.5463315418294195,0.017714428299628267,0.3155018603273534,550
-0.3876759412070857,-1.708552787722184,1.0,1.0,0.38513054637943434,402.33115957991845,0.9853167073014726,0.24773199911060761,0.1863684771033014,0.6372034602730126,0.22779790193635405,0.22675399866714563,0.22185011964950396,0.23407338900457803,0.22779790193635405,0.7495462794918331,202.32741977108398,0.7595938575897152,0.6299609945173258,inf,0.47764897823756863,2.71613258320252,1.5463157939068763,0.017713807559332214,0.31550311113430296,551
0.4946873879273011,1.330644423437651,2.0,0.0,0.3856094279349472,403.936525256171,0.984139722489605,0.24865096019546545,0.1863684771033014,0.6377523669346314,0.22837436072640882,0.2273329075761896,0.22233887934725416,0.23474665637496758,0.22837436072640882,0.75,202.6933165142511,0.7595966581253897,0.6299582171689696,inf,0.4776815131890063,2.7161453867378964,1.5462971390173206,0.0177130644029194,0.3155026782265098,552
0.4260591289946265,-0.4365565108469812,2.0,0.0,0.38524341037537385,403.6781257875735,0.985068840272497,0.24956798787211706,0.1863684771033014,0.6383017058816607,0.22894822093898176,0.22790920234140497,0.2228252677729393,0.23541718384231347,0.22894822093898173,0.7504520795660036,203.05741942960137,0.7595984102579756,0.6299574514594943,inf,0.47771416786079346,2.716170255354803,1.5462756097415122,0.017712468943653605,0.31550320629925677,553
1.0044973114271691,-0.3782971393870483,2.0,0.0,0.3851035345663124,403.7005803231983,0.9856732509990073,0.2504830755332725,0.1863684771033014,0.6388514500106153,0.2295195012382311,0.22848290177831818,0.2233093037205824,0.23608498859454138,0.2295195012382311,0.7509025270758123,203.4202461219948,0.7595999668325338,0.6299577837236421,inf,0.47774671339560476,2.7162037026500987,1.5462512382823628,0.01771186195584446,0.315504292007169,554
-0.1229669424667697,-0.8735017967964783,1.0,1.0,0.3846897792160904,404.2801253113285,0.9862300134241107,0.25138119063482234,0.18683651804670912,0.6390782349829468,0.23039399598275456,0.2293608966857458,0.22427733621535903,0.23685364631397884,0.23039399598275456,0.7513513513513513,203.78280908082033,0.75960117912657,0.629959670388713,inf,0.4777781965368749,2.71623887952009,1.5462320589026872,0.017711446534011032,0.3155063607546016,555
-0.6327768659666377,0.0974877275357374,1.0,0.0,0.3839564960868352,403.6376646150015,0.9876283657326015,0.2486614583982571,0.18624338624338624,0.6379241120359032,0.22874632382176033,0.22771254645278402,0.22262337440186092,0.23521560521400361,0.22874632382176033,0.75,204.14290791962065,0.7596012118927293,0.6299645343469071,inf,0.477809623494328,2.716290673257274,1.5462100411549289,0.017711260349202066,0.31550991934914374,556
0.0731137973408718,-0.5530752537668472,1.0,0.0,0.38299675896744073,402.84722558642756,0.9891675869824484,0.2459655332198449,0.18565400843881855,0.6367837504774736,0.22711595594148346,0.22608152192237516,0.22098730017896284,0.23359424084326907,0.22711595594148348,0.748653500897666,204.50028978592786,0.7596002421122068,0.6299727622357643,inf,0.4778409511676725,2.716360864111804,1.546185216676607,0.017711360597155924,0.315515172343981,557
-0.0641427205244772,1.6996204426838937,2.0,0.0,0.38312494951065995,403.84676251595016,0.9886883461744285,0.24687474665556727,0.18565400843881855,0.637328082450329,0.2276832942826085,0.22665125359075333,0.22146720271982953,0.23425840647119653,0.22768329428260847,0.7491039426523297,204.85818291470707,0.7596003327153849,0.6299791519859569,inf,0.47787190092494397,2.716427456935022,1.5461576167409135,0.017711307055056785,0.3155195782485208,558
-0.9955262346107744,-1.4560955113958078,1.0,1.0,0.38386049808607126,406.6400086886745,0.9863706914590026,0.2477659580224416,0.18611987381703468,0.6375523299971593,0.22854973170620632,0.22752114531337192,0.22242708279129478,0.23501899237625826,0.22854973170620635,0.7495527728085868,205.21979908992924,0.759601873267133,0.6299806979638908,inf,0.47790142406602637,2.716468774265499,1.5461351405773762,0.01771110465391551,0.31552184575681924,559
0.229978389186985,0.5247231182419123,2.0,0.0,0.3844072677782835,407.70060117225415,0.9852403850698718,0.2486718113830781,0.18611987381703468,0.6380943801252461,0.22911559492924372,0.2280893824604435,0.2229056520232643,0.23568145988880343,0.22911559492924374,0.75,205.58201877165075,0.759603508369563,0.6299808627050009,inf,0.47793173075064244,2.716505977895363,1.5461098924213503,0.01771085268893733,0.31552321172024694,560
0.3476268330715699,0.8645694517581879,2.0,0.0,0.3850086055280265,409.09810703348234,0.9839974653940532,0.24957577580618598,0.18611987381703468,0.6386368318410072,0.22967894449883858,0.228655091106559,0.2233819331315017,0.23634127236847446,0.22967894449883858,0.750445632798574,205.9454403578326,0.7596059211269665,0.6299786979234341,inf,0.4779627341961144,2.7165350952335796,1.5460819030023603,0.017710498061205112,0.3155232199645533,561
-0.3190476822744112,-0.6890137871733574,1.0,1.0,0.3845465226543213,409.69770403919375,0.9844230489483393,0.25046242263623,0.18658280922431866,0.6388590719446579,0.2305426370555431,0.2295222008855887,0.2243390552510137,0.2370990677259396,0.2305426370555431,0.7508896797153025,206.30863512375305,0.7596078398231761,0.6299779312262808,inf,0.4779925341493975,2.716565678535151,1.546058983467582,0.01771036129784312,0.3155241692930747,562
0.229978389186985,-0.9511809587430556,2.0,1.0,0.38379306091411164,409.62597963428607,0.9860801544714043,0.24779753269987445,0.1859979101358412,0.6373174207779022,0.2265576260491135,0.22553427614994237,0.2205539977951765,0.2328972458213922,0.22655762604911348,0.7495559502664298,206.67040975811338,0.7596086660784213,0.6299808320635962,inf,0.4780220705191553,2.7166056756976964,1.5460411068016477,0.017710479397847693,0.3155269672757755,563
0.357430870061952,1.359774109167618,2.0,0.0,0.38423642608218356,411.1418427461076,0.9850240503369796,0.24869614340728594,0.1859979101358412,0.6378577363786285,0.22711942572585894,0.22609841472266126,0.22103134424999282,0.23355238645570506,0.22711942572585891,0.75,207.0335916994775,0.7596105361410609,0.6299808834339519,inf,0.4780518730409037,2.716636250193997,1.5460204654117353,0.017710470969213916,0.3155282546778642,564
-1.0053302716011565,-0.3297476631704375,1.0,1.0,0.38390372015472063,411.8775059232635,0.9856694568996475,0.24957845572898416,0.1864583333333333,0.6380811262457379,0.22797835381654416,0.22696072327605843,0.22198037191958375,0.23430947201070454,0.2279783538165442,0.7504424778761062,207.39679012895232,0.7596118982113182,0.6299820506479177,inf,0.47808073768051196,2.716666668365598,1.5460048272043012,0.017710593141961762,0.3155302731067171,565
-2.073970303552803,0.4761736420253015,1.0,1.0,0.38320564252846173,410.5453629985548,0.9896704029704289,0.2504591504199675,0.18691588785046728,0.6383077882165575,0.2288325603474819,0.22781828283028646,0.22292482572295794,0.23506194086834656,0.2288325603474819,0.7508833922261484,207.7563451251817,0.7596107163329647,0.629992019294221,inf,0.4781130440420227,2.7167212587550504,1.5459941656607101,0.017710682574689114,0.31553583161142834,566
2.749615895715179,-0.2811981869538267,2.0,0.0,0.3823255753412581,408.78768656614227,0.9908063098894738,0.2513530204045069,0.18691588785046728,0.6388431943680033,0.22939394069987343,0.22838197915482447,0.22340181015901603,0.23571637510283797,0.22939394069987343,0.7513227513227513,208.11152417366395,0.7596085636398197,0.6300061155586745,inf,0.4781415228662965,2.7168051209606485,1.545980716906851,0.01771048833340814,0.3155443646755793,567
0.6809640907445605,-0.7084335776600017,1.0,0.0,0.381659679427786,408.056165267578,0.992236872210623,0.2486913334021582,0.18633540372670807,0.6377118231521083,0.22777942227456446,0.2267668136797965,0.22178083099196216,0.23411152661574083,0.2277794222745645,0.75,208.46416022497598,0.7596050622324712,0.6300231688283486,inf,0.478169653221944,2.716906041377191,1.5459645112863083,0.017710444002069253,0.31555445438351803,568
-2.0641662665624207,-0.8055325300932232,1.0,1.0,0.3820967910126362,410.23020186302637,0.9919428869183671,0.24956719635830465,0.1867905056759546,0.6379375452927897,0.22862794200600836,0.22761864928066505,0.22271959691158436,0.23485830490589427,0.22862794200600836,0.7504393673110721,208.81938212926832,0.759602740473188,0.6300379575155876,inf,0.47819822914805227,2.7169893375993137,1.5459532309633817,0.017710185111485324,0.3155632412317239,569
-0.0739467575148593,0.2625559466722141,1.0,0.0,0.3822938459402596,410.6799292992374,0.9918793311004379,0.24692651786398095,0.18621399176954734,0.6368178289125054,0.22702805290361092,0.2260181274051172,0.22111373619523564,0.23326745545292737,0.22702805290361092,0.7491228070175439,209.17414583255476,0.7595999303085659,0.6300529145741928,inf,0.4782274058860706,2.717075574608037,1.5459391978521855,0.017709978354143334,0.3155719527301135,570
-0.162183090428298,1.0393475661379867,1.0,0.0,0.3826315127502803,411.6105288375311,0.9914319415703008,0.2443084135049499,0.18564102564102566,0.6357111789067236,0.22544456590861228,0.22443402738544435,0.21952481723197073,0.23169242875063023,0.2254445659086123,0.7478108581436077,209.5292973816863,0.7595976439307803,0.6300666269140833,inf,0.47825696309833743,2.7171590665803036,1.5459224417737116,0.017709677573248844,0.3155799316334552,571
-1.956321859668218,-2.028979330751815,1.0,1.0,0.3834939090653178,415.24509755794236,0.9895047016357945,0.24517910342214244,0.18609406952965235,0.6359370216123245,0.22628445702444677,0.22527719613117098,0.22045495391193753,0.23243063373192974,0.22628445702444677,0.7482517482517482,209.88957023663593,0.7595975024776972,0.6300746146595103,inf,0.4782877979612997,2.717208380358771,1.545910560403443,0.01770940581423542,0.31558468002331697,572
0.8966529045329662,1.4374532711141952,2.0,0.0,0.3838621193093136,416.95010485834945,0.9882777408878156,0.24606473956813338,0.18609406952965235,0.636463203963563,0.22684187042932608,0.22583689435165297,0.22092754120130412,0.23308156840930905,0.2268418704293261,0.7486910994764397,210.25156417828228,0.7595981364778225,0.6300791668057562,inf,0.4783185844174048,2.717246300870662,1.545895960029961,0.017709048032676315,0.3155876995803872,573
1.1025376813309895,1.5636819092773833,2.0,0.0,0.38411280079265653,418.6097201835348,0.9870708537341026,0.24694860836793106,0.18609406952965235,0.6369898339123105,0.22739686035522524,0.2263941550729993,0.2213979147265747,0.23372995195315524,0.22739686035522527,0.7491289198606271,210.6151909775934,0.7595998195145469,0.6300802746082514,inf,0.47834896795260107,2.717273495112775,1.5458786699636171,0.01770863916584315,0.31558907109239176,574
0.6319439057926501,0.447043956295335,2.0,0.0,0.38467750487262925,419.8394993351172,0.9859611076420816,0.24783070360414886,0.18609406952965235,0.6375168867778196,0.22794944357999497,0.22694899520473386,0.2218660914271579,0.23437579975196615,0.22794944357999497,0.7495652173913043,210.9796932569619,0.759601661407138,0.6300796265609382,inf,0.47838005142561996,2.7172949577918657,1.5458587191873128,0.017708155369941452,0.3155893758144118,575
0.3672349070523341,-0.0093211201408063,2.0,0.0,0.3848987848095614,420.33316880959575,0.9858678960075857,0.24871101921939015,0.18609406952965235,0.6380443382262228,0.22849963672843726,0.2275014315016838,0.22233208806544197,0.23501912708006997,0.22849963672843726,0.75,211.34378625792297,0.7596033149361938,0.6300790865137265,inf,0.47841169007228096,2.7173190408694627,1.5458361363606872,0.01770771077604582,0.3155895817933194,576
-0.4465001631493782,0.2819757371588584,2.0,0.0,0.3846922810516436,420.25881166002824,0.9865619437193576,0.24958954931488098,0.18609406952965235,0.6385721642668463,0.22904745627393594,0.22805148056563482,0.22279592122909464,0.23565994909843194,0.22904745627393597,0.7504332755632582,211.70648595480162,0.7596044687892375,0.6300799816978904,inf,0.4784435771438093,2.7173521257430937,1.545810949824241,0.017707379569271563,0.315590427296169,577
-0.1131629054763876,1.7481699189005042,2.0,0.0,0.38477181916432457,421.16071161711443,0.9861894825844397,0.250466288149087,0.18609406952965235,0.639100341248549,0.2295929185400676,0.22859915884696994,0.22325760733332667,0.23629828085545843,0.22959291854006758,0.7508650519031141,212.06949154520424,0.7596064344793504,0.6300794199433456,inf,0.47847499210527444,2.7173831737541616,1.5457831876034016,0.01770690439296931,0.31559063828179107,578
0.8084165716195275,-0.4948158823069142,1.0,0.0,0.3844862291776456,420.9352895539501,0.987044759672282,0.24786160304136387,0.1855249745158002,0.6379962985960339,0.2280166622941096,0.2270222863727845,0.22167545361931698,0.23473134549421637,0.22801666229410963,0.7495682210708118,212.4308510573301,0.7596075727104485,0.6300804956589142,inf,0.47850629840893927,2.7174248505268954,1.5457528774125278,0.017706485055501493,0.3155916775084671,579
0.0633097603504897,0.0683580418057709,1.0,0.0,0.3846123281605707,421.2771194315729,0.9871234220936255,0.24527883096044809,0.18495934959349594,0.6369049052020268,0.22645629518152458,0.22546132189692708,0.220109739837578,0.23317970461125953,0.2264562951815246,0.7482758620689656,212.7915527298245,0.759608564981731,0.6300820489179443,inf,0.4785381357828903,2.717470733531058,1.5457200466588543,0.01770614152760238,0.31559280456310235,580
-1.1327827524761236,-0.1938091297639273,1.0,1.0,0.38418437379793596,421.8100563832555,0.9882032213143864,0.24613611432460905,0.18541033434650456,0.6371156279555339,0.22729366302002613,0.22630190590335741,0.22103686413102758,0.2339149979034919,0.2272936630200261,0.7487091222030982,213.15192946026144,0.7596092254169102,0.6300853379123863,inf,0.47856938381677583,2.717518652239797,1.5456919681931272,0.017705927822144186,0.315594904199729,581
3.1025612273689336,-0.1840992345206051,2.0,0.0,0.3831625875476754,419.43275405757237,0.9893311105207744,0.2470074710008788,0.18541033434650456,0.6376388283502911,0.22783552691679307,0.22684596318015393,0.22149477840317952,0.23455000853439287,0.22783552691679307,0.7491408934707904,213.5069739087938,0.7596087415187197,0.6300935524831383,inf,0.4785959907794683,2.7176013349599932,1.5456613717722711,0.0177054456856973,0.3156006176263684,582
0.3476268330715699,-0.6113346252267801,1.0,0.0,0.38245698972990905,418.76993990578626,0.9906664482275667,0.24444343660951529,0.18484848484848485,0.6365570195430229,0.2262877251947569,0.22529757426916824,0.21994192926812509,0.233010579688063,0.2262877251947569,0.7478559176672385,213.8596594173797,0.7596068830415481,0.6301044911072554,inf,0.47862250170699505,2.7176994342892256,1.545628284347598,0.017705166430024188,0.3156077110483725,583
-0.4366961261589961,-0.854082006309834,1.0,1.0,0.38239420735439006,419.89360763171834,0.9901622246224924,0.24529610373800087,0.1852970795568983,0.636766930473522,0.22711962654609094,0.22613265686528328,0.22086357074999208,0.2337404247803315,0.22711962654609094,0.7482876712328768,214.2130624160321,0.7596053871652801,0.6301152205637641,inf,0.47864768267390667,2.71779263867262,1.545599900929768,0.017704979010042247,0.315614978973884,584
-0.1915952013994442,1.4568730616008394,2.0,0.0,0.3825713030600875,420.7792819079841,0.9898344016090812,0.24616324412088092,0.1852970795568983,0.6372866086275283,0.227659039424653,0.22667424345492343,0.22131901978206797,0.23437301046753556,0.227659039424653,0.7487179487179487,214.56677169598404,0.7596043073336297,0.6301246593660986,inf,0.4786728065985692,2.7178836751537805,1.545569029039661,0.017704660447111147,0.315621602014184,585
1.122145755311754,-0.2132289202505716,1.0,0.0,0.3825962762678725,421.1222170468906,0.9900664010576775,0.2436176905828145,0.18473895582329317,0.6362142429479459,0.22612360050212751,0.22513822726381322,0.2197788228564469,0.23284560197199586,0.22612360050212751,0.7474402730375427,214.91985792735318,0.7596030385875764,0.6301342499714864,inf,0.4786979477565779,2.717978654597705,1.545535695182749,0.01770428415533922,0.3156282861303166,586
-1.3876877142260575,-2.563023569134534,1.0,1.0,0.3834693014877176,424.74024843883984,0.9881578117084141,0.24446579014099049,0.1851851851851852,0.6364233448392472,0.22695010287279427,0.2259678765235728,0.22069504591724373,0.23357007066150262,0.22695010287279427,0.747870528109029,215.27791320126354,0.7596038058328818,0.6301387619744784,inf,0.4787247257851312,2.718041084059073,1.5455070177728225,0.017703964348248297,0.31563194777123327,587
0.7986125346291455,1.2044157852744637,2.0,0.0,0.38394447117990016,426.42035600462856,0.9869368855551085,0.24532875064612233,0.1851851851851852,0.6369395366594343,0.22748708595224765,0.22650701390846192,0.2211480547689127,0.23420024775330572,0.22748708595224762,0.7482993197278912,215.63761071881612,0.7596051417847253,0.6301402145509823,inf,0.47875178840281823,2.7180928197343475,1.5454758808539173,0.017703543836453246,0.31563398830725825,588
0.7201802387060888,-0.1549695487906387,2.0,0.0,0.3840853374071493,426.85224690428333,0.9870195988150181,0.24619000981749103,0.1851851851851852,0.6374561040503414,0.22802180034290956,0.22704386978225446,0.22159900122817464,0.2348280279972605,0.22802180034290956,0.7487266553480475,215.9968192837574,0.75960612413624,0.6301418021991453,inf,0.4787791982859513,2.7181476132799376,1.5454423104954713,0.017703126692067472,0.31563599517344154,589
0.3770389440427161,0.0198085655891601,1.0,0.0,0.38434533517692576,427.3988592831907,0.986836078989633,0.24366153970377344,0.18463073852295409,0.6363916184294874,0.22649743403508246,0.2255189333041989,0.22007002191061734,0.23331158199524132,0.22649743403508243,0.747457627118644,216.35573615981752,0.7596070983797748,0.6301433412020788,inf,0.47880716177393723,2.718204190490182,1.545406332482884,0.017702738851333083,0.3156378227248878,590
-1.064154493543449,-1.46580540663913,1.0,1.0,0.3850533604049006,430.27955191658566,0.9846344958367316,0.24450382276217467,0.18507462686567164,0.6365975121691617,0.22731955598539857,0.22634416459458886,0.22098176405812756,0.23403161983947587,0.22731955598539857,0.7478849407783418,216.71831889838833,0.7596097251048208,0.6301404088465746,inf,0.4788338935070016,2.718237271407147,1.5453749525391138,0.017702213520972905,0.3156376653272221,591
0.0829178343312538,0.1169075180223817,2.0,0.0,0.38524561652294503,430.7141548816057,0.9845738667143832,0.24536096211921762,0.18507462686567164,0.63711063812795,0.22785188156205732,0.22687861267454135,0.22143031415906436,0.2346570289684998,0.22785188156205735,0.7483108108108109,217.08040999142256,0.7596118776622218,0.6301377272325639,inf,0.478861180740861,2.7182734178908015,1.5453411671450739,0.0177017465036207,0.3156374805265115,592
0.2986066481196595,-0.5724950442534915,2.0,0.0,0.3845887869508015,430.1028568671972,0.98581603504385,0.24621641851710244,0.18507462686567164,0.6376241268707556,0.2283819735629896,0.22741081463852217,0.22187683617477727,0.2352800763471006,0.22838197356298962,0.7487352445193929,217.44024520573973,0.7596131824565613,0.6301375705701304,inf,0.4788884210198328,2.7183238503043796,1.5453050016659287,0.017701474315899617,0.31563856063975715,593
2.906480487561292,-1.0094403302029886,2.0,0.0,0.3833139754641918,426.4388868151659,0.988010702115964,0.247070186439829,0.18507462686567164,0.6381379565066178,0.228909846940963,0.2279407855528042,0.22232134511107282,0.23590077573285162,0.228909846940963,0.7491582491582491,217.79268810895968,0.7596125726228207,0.6301451085466733,inf,0.4789108997731666,2.7184217600683658,1.5452664811923036,0.017700890179794686,0.3156447218030219,594
-2.1524025994758595,-0.3491674536570818,1.0,1.0,0.3834455658566084,427.67046450952256,0.9889834800191091,0.24790717640276008,0.18551587301587302,0.638339789468995,0.22973043238415908,0.2287644450094924,0.22323146837415853,0.23661915365117278,0.22973043238415905,0.7495798319327731,218.1460176988596,0.7596118508695575,0.6301534293309653,inf,0.4789344837352811,2.7185137625123725,1.5452325014125667,0.01770010235926049,0.31565092856271215,595
-1.956321859668218,-0.5724950442534915,1.0,1.0,0.3837297104615946,429.4643886641347,0.9890955767344366,0.2487427169570617,0.18595450049455986,0.6385446443913038,0.2305466921983154,0.2295837549399088,0.22413740804862353,0.23733331780097053,0.23054669219831542,0.75,218.50117462485167,0.7596114500626833,0.630160667300279,inf,0.47895829826165753,2.718593833956351,1.5452030394708758,0.017699139973555194,0.3156564732785578,596
-1.936713785687454,-1.3589965589625863,1.0,1.0,0.38442728819281097,432.5955354302733,0.9876300262076039,0.2495768201480122,0.18639053254437868,0.6387524873019713,0.23135866190531484,0.2303987511456014,0.2250391922894963,0.2380433084309893,0.23135866190531484,0.7504187604690117,218.86039335103527,0.7596124727888088,0.6301634457220943,inf,0.47898214977372605,2.7186478433651455,1.5451780726645272,0.017698043241254024,0.3156597097849747,597
-0.1327709794571518,1.1655762043011748,2.0,0.0,0.3847297748664937,433.5585039642969,0.9872039966602464,0.25042504952558164,0.18639053254437868,0.6392595892150147,0.23188708425051413,0.2309292477933333,0.22548422899197462,0.23866419821268664,0.23188708425051413,0.7508361204013378,219.2200216770206,0.7596135320786057,0.6301650143545202,inf,0.47900627097520565,2.7186991690550717,1.545150707573785,0.01769685256822727,0.31566226123854135,598
-2.2700510433604446,-1.3784163494492303,1.0,1.0,0.3854062705308769,436.64111643349327,0.9860789934715305,0.25125642220644895,0.18682399213372666,0.6394680317955116,0.23269570320536956,0.23174086630664276,0.22638271533579518,0.23937088369725737,0.23269570320536956,0.7512520868113522,219.58360210303482,0.7596160329125129,0.630162817997915,inf,0.4790313812581545,2.7187255663466523,1.5451278041378482,0.017695550067684758,0.31566262112992266,599
-2.0641662665624207,0.2431361561855697,1.0,1.0,0.3850049155686404,436.28414997140277,0.9887725245823263,0.25208636927495753,0.18725490196078431,0.6396793926326351,0.23350009542282815,0.23254823503196906,0.22727709584870173,0.24007346827075698,0.23350009542282815,0.7516666666666667,219.94537263369983,0.7596167509475523,0.630165667147603,inf,0.47905855656120927,2.718763244876732,1.545109340048443,0.017694171977623033,0.31566495940170997,600
-0.4465001631493782,0.1751668894823146,1.0,0.0,0.3846911776481403,436.07453181743045,0.9895873067943319,0.24956435929788745,0.18670576735092861,0.6386129049793847,0.23197542111561884,0.23102296740381142,0.2257472473572095,0.23855700515158643,0.23197542111561886,0.7504159733777038,220.30558789900607,0.7596167175277809,0.6301701391824831,inf,0.47908593846037945,2.7188106218351744,1.5450884581560906,0.017692930245108006,0.3156680476180241,601
1.357442643080924,1.680200652197249,2.0,0.0,0.3847886524259216,437.59623822510434,0.9884764674107,0.2504073154203279,0.18670576735092861,0.6391143652502231,0.23250240549095613,0.23155200444130228,0.2261907647260374,0.2391763981556617,0.23250240549095616,0.7508305647840532,220.66713640204452,0.7596181684699509,0.6301715789655006,inf,0.4791125443999461,2.7188495641922583,1.5450651834009408,0.017691696318539424,0.3156697913126128,602
-0.1131629054763876,-1.2424778160427203,1.0,1.0,0.384783822317486,438.65875753384654,0.9885047575203517,0.2512329850948495,0.1871345029239766,0.6393249050975537,0.23330174063898795,0.23235428498992955,0.2270800574200735,0.23987395928329916,0.23330174063898795,0.7512437810945274,221.02924872950598,0.7596192172434019,0.63017322881727,inf,0.47913834735790417,2.7188849231001657,1.5450463045266816,0.01769048590971768,0.31567179049166305,603
-0.7210131988800764,-0.7375632633899681,1.0,1.0,0.38480281276488526,439.9702140566789,0.987678594110762,0.2520572667955907,0.18756073858114675,0.6395383047133026,0.23409693225200737,0.23315239957955655,0.22796531981350873,0.24056750734447635,0.23409693225200742,0.7516556291390728,221.39233490749464,0.7596204295689865,0.6301742338685025,inf,0.479162821394366,2.7189141680750524,1.5450317996994671,0.01768933619727616,0.3156737406043092,604
1.2299901622059568,0.0683580418057709,1.0,0.0,0.38500790763247195,440.7915543784353,0.9874174823516422,0.24955147022362548,0.187015503875969,0.638479526111911,0.23258244168276915,0.23163732071603138,0.22644585346361906,0.23906089219200152,0.23258244168276915,0.7504132231404959,221.75557864834056,0.7596218791820986,0.6301743565570127,inf,0.4791874241433749,2.718942387772612,1.5450148831605444,0.017688096537355008,0.3156752063044425,605
-0.2112032753802084,-0.854082006309834,1.0,1.0,0.38468266536256956,441.4486637084036,0.9877661305577417,0.2503728457277263,0.18743961352657004,0.6386943964732145,0.23337180812299266,0.2324295833220515,0.22732533013338074,0.2397487279575858,0.23337180812299263,0.7508250825082509,222.11870771455554,0.7596229695056879,0.6301755661729406,inf,0.4792110751009454,2.7189712700137645,1.545002308594683,0.017687004814571954,0.31567739872582845,606
1.896664677551938,1.0296376708946646,2.0,0.0,0.38469422739696324,442.63974674307207,0.9869600779532403,0.2512092714855354,0.18743961352657004,0.6391879769510725,0.23389822836675186,0.2329580314841935,0.2277681321239511,0.24036741875281736,0.23389822836675186,0.7512355848434926,222.482603818563,0.7596250295199626,0.6301745419433833,inf,0.47923384786018747,2.718995370019632,1.5449873255201052,0.017685861258887627,0.31567867402047567,607
1.7201920117250606,1.6413610712239604,2.0,0.0,0.384658504001165,443.95832193879136,0.9859217669324067,0.25204410115846765,0.18743961352657004,0.6396819584033584,0.23442246790489638,0.23348428714028902,0.2282089593459535,0.2409838006059573,0.23442246790489635,0.7516447368421053,222.847473205911,0.7596279307309444,0.6301708607622569,inf,0.4792554602528156,2.7190134467007994,1.544969958461268,0.017684763630575438,0.3156788907652365,608
-0.8582697167454254,1.8743985570636923,2.0,0.0,0.3842313988135988,443.4252727439679,0.9867245651501899,0.25287732974010363,0.18743961352657004,0.6401763201121928,0.23494454117648725,0.23400836483454954,0.22864782623173055,0.2415978868470005,0.23494454117648725,0.7520525451559934,223.21026563936175,0.7596299875626968,0.6301687484854548,inf,0.47927574501762843,2.7190442589367754,1.5449502316839727,0.01768350104546084,0.3156802198488624,609
-0.7602293468416047,0.6121121754318117,2.0,0.0,0.3838875156867804,443.0649117466579,0.9876967897454345,0.25370895234879315,0.18743961352657004,0.6406710416342156,0.23546446249373412,0.2345302789830779,0.2290847470689382,0.24220969071005435,0.23546446249373412,0.7524590163934426,223.57127491047387,0.7596312942564485,0.6301684038545502,inf,0.47929594996066327,2.7190860205538385,1.5449281691984889,0.017682302694689987,0.3156824542231139,610
0.5044914249176832,-1.096829387392888,2.0,1.0,0.3830210448792114,442.40810902089413,0.9900240942061204,0.25123348659022465,0.18689788053949905,0.6392388885399586,0.23168386579982478,0.23074706899356268,0.22549364581286394,0.2382235452021382,0.23168386579982478,0.7512274959083469,223.93002381885165,0.759631324708123,0.6301729514019947,inf,0.47931671444415647,2.71914171298083,1.5449103862859317,0.01768132341400933,0.3156869514956084,611
0.9750852004560228,0.0198085655891601,2.0,0.0,0.3832789013098268,443.176627601548,0.9897617659440532,0.2520618408190234,0.18689788053949905,0.6397341100134545,0.23220171571041762,0.23126689970650352,0.22593087038186854,0.2388306007061755,0.23220171571041762,0.7516339869281046,224.28885623093464,0.7596315773688879,0.630176820127098,inf,0.4793378128205148,2.7191967963819206,1.544890270444702,0.01768029059626387,0.3156910189347695,612
1.259402273177103,0.4664637467819794,2.0,0.0,0.38362886401109864,444.4488535035081,0.9890147705836602,0.2528885989707101,0.18689788053949905,0.6402296564561465,0.232717453896471,0.23178460734727782,0.22636617754255886,0.23943542097092826,0.232717453896471,0.7520391517128875,224.64859478856954,0.7596325078615064,0.6301787934923084,inf,0.4793591374053584,2.71924618614994,1.5448678453025149,0.017679155403588234,0.31569407071772376,613
-0.5641486070339632,-1.2133481303127538,1.0,1.0,0.38400250278093917,446.33643197424874,0.9875580108205717,0.2536999121679151,0.18731988472622477,0.6404340963078075,0.2335072808978948,0.23257728531733482,0.22724278629348335,0.2401269587408835,0.23350728089789477,0.752442996742671,225.01023889490835,0.7596339879948504,0.6301788286287061,inf,0.47937919724946354,2.7192837754154655,1.5448496585887337,0.017677976676695222,0.31569640536334265,614
-1.0053302716011565,1.2723850519777185,1.0,0.0,0.38356738223695175,445.69855745890516,0.9886659834497531,0.2512259893819559,0.1867816091954023,0.6393845939290748,0.23200915707023523,0.2310785892754454,0.22573904494255626,0.23863753681774927,0.23200915707023523,0.751219512195122,225.3696661238399,0.7596346611886347,0.630180899213325,inf,0.4793984913202753,2.71933492064732,1.5448291652792283,0.017676730189258198,0.31569995204411266,615
