Dataset,adjusted_mutual_info_score_BIRCH,adjusted_mutual_info_score_DBSTREAM,adjusted_mutual_info_score_STREAM_KMEANS,adjusted_rand_index_BIRCH,adjusted_rand_index_DBSTREAM,adjusted_rand_index_STREAM_KMEANS,calinski_harabasz_score_BIRCH,calinski_harabasz_score_DBSTREAM,calinski_harabasz_score_STREAM_KMEANS,completeness_score_BIRCH,completeness_score_DBSTREAM,completeness_score_STREAM_KMEANS,davies_bouldin_score_BIRCH,davies_bouldin_score_DBSTREAM,davies_bouldin_score_STREAM_KMEANS,fowlkes_mallows_index_BIRCH,fowlkes_mallows_index_DBSTREAM,fowlkes_mallows_index_STREAM_KMEANS,homogeneity_score_BIRCH,homogeneity_score_DBSTREAM,homogeneity_score_STREAM_KMEANS,iCH_BIRCH,iCH_DBSTREAM,iCH_STREAM_KMEANS,iDB_BIRCH,iDB_DBSTREAM,iDB_STREAM_KMEANS,iGD43_BIRCH,iGD43_DBSTREAM,iGD43_STREAM_KMEANS,iGD53_BIRCH,iGD53_DBSTREAM,iGD53_STREAM_KMEANS,iPS_BIRCH,iPS_DBSTREAM,iPS_STREAM_KMEANS,iWB_BIRCH,iWB_DBSTREAM,iWB_STREAM_KMEANS,iXB_BIRCH,iXB_DBSTREAM,iXB_STREAM_KMEANS,icSIL_BIRCH,icSIL_DBSTREAM,icSIL_STREAM_KMEANS,irCIP_BIRCH,irCIP_DBSTREAM,irCIP_STREAM_KMEANS,jaccard_index_BIRCH,jaccard_index_DBSTREAM,jaccard_index_STREAM_KMEANS,normalized_mutual_info_score_BIRCH,normalized_mutual_info_score_DBSTREAM,normalized_mutual_info_score_STREAM_KMEANS,silhouette_score_BIRCH,silhouette_score_DBSTREAM,silhouette_score_STREAM_KMEANS,v_measure_score_BIRCH,v_measure_score_DBSTREAM,v_measure_score_STREAM_KMEANS
transformed_wine.csv_predicted_cvis,--,0.2628810535364616,--,--,0.2887271805106239,--,--,-0.3602123792793108,--,--,0.0037713191130387728,--,--,-0.11664385928116387,--,--,0.06884458966859314,--,--,0.8350989315833904,--,--,-0.0959861741531159,--,--,-0.09632246205054924,--,--,-0.6150705644055771,--,--,-0.7467512968148317,--,--,-0.5589585266624142,--,--,-0.0959861741531159,--,--,-0.0959861741531159,--,--,-0.2272825775367324,--,--,-0.0959861741531159,--,--,0.13980929261795527,--,--,0.4318897425608168,--,--,-0.33585552727949614,--,--,0.4318897425608168,--
transformed_s4_severe_gaussian-noise.csv_predicted_cvis,--,--,--,--,--,--,--,--,--,--,--,--,--,--,--,--,--,--,--,--,--,--,--,--,--,--,--,--,--,--,--,--,--,--,--,--,--,--,--,--,--,--,--,--,--,--,--,--,--,--,--,--,--,--,--,--,--,--,--,--
transformed_g2-8-10_severe_knock-out.csv_predicted_cvis,--,--,--,--,--,--,--,--,--,--,--,--,--,--,--,--,--,--,--,--,--,--,--,--,--,--,--,--,--,--,--,--,--,--,--,--,--,--,--,--,--,--,--,--,--,--,--,--,--,--,--,--,--,--,--,--,--,--,--,--
transformed_g2-8-50_severe_knock-out.csv_predicted_cvis,0.9492256816949266,--,--,1.0,--,--,-0.6635190978312665,--,--,0.9492256816949266,--,--,-0.6837756237868975,--,--,0.9999916266104644,--,--,0.9492256816949266,--,--,-0.6770639122599971,--,--,-0.6770639122599971,--,--,-0.6801212742561085,--,--,-0.6770639122599971,--,--,-0.6770639122599971,--,--,-0.6591466626067519,--,--,-0.6770639122599971,--,--,-0.6770639122599971,--,--,-0.6770639122599971,--,--,--,--,--,0.9492256816949266,--,--,0.6722155876598529,--,--,0.9492256816949266,--,--
transformed_g2-2-90_moderate_gaussian-noise.csv_predicted_cvis,--,--,--,--,--,--,--,--,--,--,--,--,--,--,--,--,--,--,--,--,--,--,--,--,--,--,--,--,--,--,--,--,--,--,--,--,--,--,--,--,--,--,--,--,--,--,--,--,--,--,--,--,--,--,--,--,--,--,--,--
transformed_u1.csv_predicted_cvis,--,--,-0.05069017731999919,--,--,0.08848209069088916,--,--,-0.18070467792702,--,--,0.009286750043358629,--,--,-0.5557861935671158,--,--,-0.028967789200343937,--,--,0.572940884619431,--,--,-0.25590155675032666,--,--,0.0960920664208636,--,--,0.2574493484242198,--,--,0.21552999058961483,--,--,0.23062095941007263,--,--,0.08022720176345928,--,--,-0.2898239909364839,--,--,-0.2574493484242198,--,--,0.1843161918327706,--,--,0.033833627538950736,--,--,0.37198593229230953,--,--,-0.017541638970788524,--,--,0.37198593229230953
transformed_iris_mild_gaussian-noise.csv_predicted_cvis,0.7585823234960589,0.07344096996404924,0.910793235319589,0.7994003496747621,-0.1257742027175285,0.9467839968434316,0.7292063285125787,-0.5129529030386859,-0.4570178231338415,-0.18193636321901654,0.4896646144633876,0.7780615507013118,0.6071579957635337,-0.5795033306901938,-0.5090585188507493,0.8059655114870968,-0.21623289134041537,0.9591051584461888,0.7239316332807384,0.5184478924778012,0.910793235319589,0.6677764163509915,-0.5382472988695343,-0.3423175358450182,0.6401045536731829,-0.5521156055492062,-0.3306448564318799,-0.6093490230136828,0.6041871721389181,0.39419611101452123,0.6687502062399466,0.505713472507788,-0.3559356618270128,0.3243531821794766,0.6025299531017246,-0.3405342098235665,0.6401045536731829,-0.5808988835636199,-0.3306448564318799,0.6401045536731829,-0.5521156055492062,-0.3306448564318799,0.6357224991728847,-0.5521156055492062,-0.3306448564318799,0.6344457910163435,-0.5542089348593455,-0.011755644977773283,0.5735508540668189,-0.16914029778840006,--,0.7877148710073004,0.6078504984316617,0.909172029845542,0.41540253679678285,0.171653003431412,-0.1763871555763106,0.7877148710073004,0.6078504984316617,0.909172029845542
transformed_g2-2-50_severe_knock-out.csv_predicted_cvis,0.6692217864227844,0.9456340693210029,0.5220066872175263,0.6731474415289758,0.9504144819093804,0.5545893250587903,-0.8875161623053187,-0.4308738837004568,-0.8400699416562067,0.668348269655082,0.9736733655189067,0.5363633882055114,0.2573556666040457,0.46793342159742024,0.44496412352754877,0.8157305116293652,0.9987437077653585,0.803599679171462,0.9530262914928082,0.9487120341864403,0.8719691659314728,-0.8856485489680037,-0.5213316008820714,-0.8389785803259694,0.736614818747724,-0.5213655001832932,0.6663742348092135,-0.8856485489680037,-0.5213316008820714,-0.8389785803259694,-0.8856485489680037,-0.5213316008820714,-0.8389785803259694,-0.8856485489680037,-0.5213316008820714,-0.8389785803259694,0.8182713365348954,-0.5303749071965076,0.780671113697724,0.8258582549412276,-0.5213316008820714,0.759617055641762,-0.8856485489680037,-0.5213316008820714,-0.8389785803259694,0.8108222895356889,-0.5213316008820714,0.6893106009041617,0.6062899416780634,0.9398919716176217,-0.6582725812264841,0.6930750530239427,0.9493496551876723,0.5446560851596768,-0.6340130944817063,0.6108652025673474,-0.38836825832064437,0.6930750530239427,0.9493496551876723,0.5446560851596768
transformed_g2-2-90.csv_predicted_cvis,0.9541688554189948,--,0.9801459934582283,0.9711393194252831,--,0.9867313673293451,0.4563085389273442,--,0.39295786080812456,0.9874961137455769,--,0.997597480075187,0.5137743702783787,--,0.4099746196831435,0.9441071749924147,--,0.9783241313696716,0.9906563922189392,--,0.9985042622546352,0.45502591588461516,--,0.39183248449494923,0.4708662581103571,--,0.37624542182278464,0.3995323923095715,--,-0.09076326312989003,0.455023141230686,--,0.39183256302235925,0.463362258910881,--,0.398774961936903,0.4632404358978022,--,0.3459611690889434,0.4706538400288929,--,0.3664944115610197,-0.06992017962387415,--,0.26679088132634327,0.4094403935548481,--,0.27087454223026164,-0.6032544587184464,--,-0.8940802875706572,0.9891998297860279,--,0.9981796037657578,-0.4830493970496108,--,-0.2687437009590306,0.9891998297860279,--,0.9981796037657578
transformed_g2-8-10.csv_predicted_cvis,--,--,--,--,--,--,--,--,--,--,--,--,--,--,--,--,--,--,--,--,--,--,--,--,--,--,--,--,--,--,--,--,--,--,--,--,--,--,--,--,--,--,--,--,--,--,--,--,--,--,--,--,--,--,--,--,--,--,--,--
transformed_g2-4-90_moderate_gaussian-noise.csv_predicted_cvis,0.9942209077567689,--,0.9765725296271524,0.9934863518819095,--,0.9906628775738069,-0.022177720825794178,--,0.07728466404108993,0.9980979431307224,--,0.987133680799553,-0.37029371380423076,--,-0.416812393569911,0.9811853539255508,--,0.974277337532012,0.9977126269223373,--,0.9874575669035864,-0.023660559527778503,--,0.07529769077582589,-0.023660559527778503,--,0.07529769077582589,0.023520707419096263,--,-0.07541384066819365,-0.023660559527778503,--,0.07529769077582589,-0.017147290749276616,--,0.26212418051155567,-0.023660559527778503,--,0.07529763867899143,-0.023660559527778503,--,0.07529769077582589,-0.017874370635595736,--,-0.11679831561752217,0.018631744674499684,--,-0.1200496806179832,0.9416343289115371,--,-0.9027642432785047,0.9980488164499413,--,0.9877262824455848,0.701256998034023,--,0.7738293429988037,0.9980488164499413,--,0.9877262824455848
transformed_g2-4-50_moderate_gaussian-noise.csv_predicted_cvis,0.9886198230544305,0.8884847219624212,0.9894785453561017,0.9994489645988179,0.9037919097109728,0.9997688353898715,-0.7391954770885506,-0.699974491299738,-0.6985975711595778,0.9851829075353641,0.8506307353072095,0.9865756241793102,-0.6887582114215095,-0.746645348283353,-0.7331383449072436,0.9984204441214659,0.8871642559092711,0.9993158319326628,0.9877585133696488,0.9360902746662374,0.9885947587952786,-0.7406412313298528,-0.7013971637574362,-0.7003040000598194,-0.7858119734030325,-0.7013972679596231,-0.7021808660647989,0.6510164247165723,0.7013971637574362,0.4731562996218086,-0.7406412313298528,-0.7021529161684499,-0.7003040000598194,-0.7439525925540038,0.5820573688671784,-0.699494586617129,-0.7954349315546374,-0.6985291288158431,-0.6882589965285569,-0.7942465904410162,-0.7012729287001088,-0.6972424359769729,0.24798381547058787,0.5978560615851345,0.24124211702939322,-0.0851844171364402,-0.5362666035540914,-0.6879752733213422,0.9882156058063132,0.5659009643614138,-0.7507235557396844,0.9864341110816186,0.8910498700035454,0.9875711637494159,0.5843334263522498,0.169422413826692,0.6635829442295358,0.9864341110816186,0.8910498700035454,0.9875711637494159
transformed_s4_moderate_gaussian-noise.csv_predicted_cvis,--,--,--,--,--,--,--,--,--,--,--,--,--,--,--,--,--,--,--,--,--,--,--,--,--,--,--,--,--,--,--,--,--,--,--,--,--,--,--,--,--,--,--,--,--,--,--,--,--,--,--,--,--,--,--,--,--,--,--,--
transformed_g2-8-50_mild_gaussian-noise.csv_predicted_cvis,0.9779860797675716,0.9999977977649063,1.0,0.9999773521249318,0.9999928720544582,1.0,0.30374312124683045,0.5247774898586492,0.5501722865311938,0.9794634303254595,0.9999687777702995,1.0,0.17126268239072848,0.45125934334124146,0.47419797158918797,0.9999475632584098,0.9999847407229248,1.0,0.974440318543438,0.9999718791437467,1.0,0.3033488059227058,0.5246786115492424,0.5501273158365043,0.3033488059227058,0.5246786115492424,0.5501273158365043,-0.3154312850803403,-0.5366514329915257,-0.5622984285207742,0.3033488059227058,0.5246786115492424,0.5501273158365043,0.30953007772760394,0.5189600060199945,0.5474860300871152,0.3033488059227058,0.5246786115492424,0.5501273158365043,0.3033488059227058,0.5246786115492424,0.5501273158365043,-0.6311205921413074,-0.8581667754020785,-0.8918461804717892,0.30228894344386725,0.5219730196110598,0.5492254527855311,-0.7531757134803606,0.9994179747006018,0.9999888714925962,0.9771032034401006,0.9999991399555427,1.0,-0.15302212031668994,-0.44591267137372714,-0.4747097412213373,0.9771032034401006,0.9999991399555427,1.0
transformed_g2-4-70_severe_gaussian-noise.csv_predicted_cvis,0.9771584648917934,0.9909952215202787,0.9804497070891955,0.9982447481609229,0.9910267659608389,0.9985897618181334,-0.4529173174090292,-0.22759488028208016,0.006294088050564089,0.9808387501874325,0.9862363089582663,0.9784067632266226,-0.8630173439640055,-0.8105393479940577,-0.6145759237931752,0.9877958876587088,0.984662811831162,0.9947089759669374,0.9865503712546527,0.98970639264754,0.9828029346096925,-0.4545793904179899,-0.22883826767233367,0.0042900135314162015,-0.4545803541952801,-0.22941445506648475,0.0042900135314162015,0.45359331600996555,0.34152973799083475,0.06093354999706135,-0.4503448655813753,-0.22901458830845525,0.0042900135314162015,-0.19627043195656083,-0.2307524757660941,-0.3822405260385437,-0.4545793904179899,-0.22962060095424747,0.004198455108597766,-0.4545793904179899,-0.22909426991960838,0.0042900135314162015,0.3677460260491143,0.16946330282827254,-0.1263043102957656,0.05058057165751465,0.5751035822812736,0.3243618403678399,-0.7962373807970776,0.9408764265289913,-0.6274693703147947,0.9842681140442171,0.9862835865467195,0.9810407359842841,0.7932536475657147,0.8125331074576977,0.7770996260955494,0.9842681140442171,0.9862835865467195,0.9810407359842841
transformed_s2_mild_knock-out.csv_predicted_cvis,--,--,--,--,--,--,--,--,--,--,--,--,--,--,--,--,--,--,--,--,--,--,--,--,--,--,--,--,--,--,--,--,--,--,--,--,--,--,--,--,--,--,--,--,--,--,--,--,--,--,--,--,--,--,--,--,--,--,--,--
transformed_wine_severe_knock-out.csv_predicted_cvis,0.9574580819271865,0.6350505558097894,--,0.9994824016563149,0.538779216806698,--,-0.7048046320740058,-0.5364731006449358,--,0.9226531472545885,0.44945529402032436,--,-0.7188931093223787,-0.6646368646467915,--,0.9968944099378884,0.6373190998805546,--,0.968944099378882,0.9286804660538026,--,-0.7036623231079215,-0.6398264014827154,--,-0.7036623231079215,-0.6398264014827154,--,0.6956661603453315,0.6398264014827154,--,-0.7139431038026801,-0.3637922770229665,--,-0.6811969134415972,0.0011341926017863337,--,-0.7036623231079215,-0.6398264014827154,--,-0.7036623231079215,-0.6398264014827154,--,-0.08910009935457447,-0.22301062032623784,--,-0.7036623231079215,-0.6474822015447732,--,-0.9974086507360698,0.7780911160619982,--,0.9574580819271865,0.6767350531100972,--,0.5665852471778069,0.43085141460358345,--,0.9226531472545885,0.6767350531100972,--
transformed_s2_moderate_gaussian-noise.csv_predicted_cvis,1.0,--,1.0,1.0,--,1.0,0.7978634243562575,--,0.8355727485873495,-0.3569607807317661,--,-0.42905816516051654,-0.7680367542868648,--,-0.6789028582272216,0.9814798787003114,--,0.9534625892455922,1.0,--,1.0,-0.08202334269083021,--,-0.24370871833797697,-0.7531234192521683,--,-0.6092717958449424,0.5294233937317223,--,0.26111648393354675,0.7531234192521683,--,0.6092717958449424,0.7531234192521683,--,0.17407765595569785,-0.7531234192521683,--,-0.6092717958449424,-0.7531234192521683,--,-0.6092717958449424,-0.7531234192521683,--,0.6092717958449424,-0.9266055045871561,--,-0.6363636363636364,-0.13938419805740454,--,0.0,1.0,--,1.0,0.17150335289900862,--,0.39167472590032015,1.0,--,1.0
transformed_g2-8-30_mild_knock-out.csv_predicted_cvis,--,--,--,--,--,--,--,--,--,--,--,--,--,--,--,--,--,--,--,--,--,--,--,--,--,--,--,--,--,--,--,--,--,--,--,--,--,--,--,--,--,--,--,--,--,--,--,--,--,--,--,--,--,--,--,--,--,--,--,--
transformed_g2-8-90_mild_knock-out.csv_predicted_cvis,0.9870175284950952,0.6909286847703663,0.9946683407174278,0.989021434204209,0.9641382148877897,0.9992318037084504,-0.6785770235249156,0.519553561715648,-0.8771156973704692,0.9869552090900685,0.7805613594373576,0.9934491461544448,-0.655556009717482,0.4121268713467932,-0.7546417479498008,0.9870627310304012,-0.2872233058226327,0.9975987807276362,0.9978123773987349,0.609423553501219,0.9945862920805819,-0.6810106103906172,0.4556239356779391,-0.8775144590835972,-0.6810110333730043,0.4556239356779391,-0.8775144590835972,0.6707195899076157,0.4556239356779391,0.722124671621438,-0.6810106103906172,0.4556239356779391,-0.8775144590835972,-0.5820453366940879,0.4556239356779391,-0.6146896786990435,-0.6810120767295591,0.39615555452755435,-0.8775144590835972,-0.6810115691506946,0.4556239356779391,-0.8775144590835972,0.688346675917629,0.4556239356779391,0.7790575280326653,-0.48661938222068235,-0.341093244764548,-0.8745461074996488,0.98571036642606,--,0.9956738921238766,0.9874500138864494,0.6172439666486922,0.9940405765356882,0.7217879454267235,0.6335118413146498,0.627047210662673,0.9874500138864494,0.6172439666486922,0.9940405765356882
transformed_g2-4-50_severe_gaussian-noise.csv_predicted_cvis,0.9950274524367173,0.9958457586819767,0.9962175177276132,0.9998862167426713,0.9926717923636293,0.9999550644160211,-0.8743313883062687,-0.9704507782114701,-0.8567290251962564,0.993366888813061,0.9886296932835313,0.9951920746256101,-0.8486387463582831,-0.9542254272081548,-0.8907797988357044,0.9996633130262488,0.9895579374262761,0.9998856682411518,0.9945236593094876,0.9989844301408707,0.9963062948161849,-0.8829458413477732,-0.9748124078974182,-0.8636294648330038,-0.91408146767555,-0.9748125120992861,-0.8642480701462046,0.792217773929772,0.9748124078974182,0.7424276793639977,-0.8829458413477732,-0.9753439155751485,-0.8636294648330038,-0.885890947710138,0.773931708288807,-0.8207840918821108,-0.9085444999613458,-0.9723870312704647,-0.8484439912013365,-0.914185766253984,-0.9748124078974182,-0.8575426313252995,0.4448329681464325,0.878916991889944,0.459774726165184,-0.7896088246989484,-0.703598339052917,-0.8518656225351542,0.9950654237077817,0.9146198517971571,-0.8930414332777782,0.9939642249144313,0.9963935745513497,0.9957384913538616,0.7908109674049253,0.656662535388432,0.8405754503996443,0.9939642249144313,0.9963935745513497,0.9957385043231367
transformed_g2-4-30_mild_gaussian-noise.csv_predicted_cvis,--,1.0,1.0,--,1.0,1.0,--,-0.750759277729447,-0.750759277729447,--,1.0,1.0,--,-0.13163848130142247,-0.13163848130142247,--,1.0,1.0,--,1.0,1.0,--,-0.7510082765986454,-0.7510082765986454,--,-0.7610548074964448,-0.7610548074964448,--,-0.4726443442501241,-0.4726443442501241,--,-0.7873022666768379,-0.7873022666768379,--,-0.7563655137849349,-0.7563655137849349,--,-0.7142643558000203,-0.7142643558000203,--,-0.7732583419714028,-0.7732583419714028,--,-0.7510082765986454,-0.7510082765986454,--,-0.7314996748704564,-0.7314996748704564,--,0.9999948359705817,--,--,1.0,1.0,--,0.08561728688415923,0.08561728688415923,--,1.0,1.0
transformed_g2-4-50.csv_predicted_cvis,0.9997832767110623,0.9736586279831005,0.9976870882930476,0.9999681300859342,0.9786722839760403,0.9999868074676509,-0.5239130511239114,-0.7005395078267912,-0.8434961043445722,0.9997257196157399,0.9489919578257239,0.9969892072378401,0.3309470833323422,-0.3933188856446469,-0.06914437817036205,0.9998621328134382,0.9753071917352057,0.9999508063950077,0.9998700708197571,0.9887343781162377,0.9980221812464941,-0.5245296738635147,-0.7018970286829337,-0.8442490551254584,-0.50922927532327,-0.7018970286829337,-0.33010440160178234,0.2155321027509792,0.7009324048089335,-0.5181487719767243,-0.5246130791136797,-0.4937323642646701,-0.8443144220744024,-0.589141115570644,0.6111128247008049,-0.8302481931824494,-0.43921301628409565,-0.7007378673972664,-0.1366074691791607,-0.5003858310510613,-0.6575579183539306,-0.31314500431333464,-0.45571955687060456,0.38597421480723126,-0.8840732926186595,-0.5252926551410055,-0.7019029189961654,-0.8447227559958514,0.9978381133341684,0.8449586424811429,-0.9188424904124821,0.9998204124313117,0.9758414584456383,0.9975285158828311,-0.25657398018132843,0.1203629747274807,0.06331572046812053,0.9998204124313117,0.9758414584456383,0.9975285158828311
transformed_u1_mild_knock-out.csv_predicted_cvis,--,--,--,--,--,--,--,--,--,--,--,--,--,--,--,--,--,--,--,--,--,--,--,--,--,--,--,--,--,--,--,--,--,--,--,--,--,--,--,--,--,--,--,--,--,--,--,--,--,--,--,--,--,--,--,--,--,--,--,--
transformed_g2-4-70_moderate_knock-out.csv_predicted_cvis,0.9649807129760755,0.9865322754454661,0.9726319513101837,0.9966376237500965,0.9981757940946724,0.9931592060574482,0.35246534333273105,-0.22229387175226833,-0.08907941767105283,0.9595211314444918,0.9867142730356896,0.9606168125110356,0.10222288420848749,-0.6159323504411658,-0.6751531865437742,0.987155841528777,0.9725580509637584,0.9806234899505466,0.9691961964705208,0.9746968778606481,0.9673286558346248,0.34751627740086183,-0.22739101281010318,-0.09282961499701871,0.34751627740086183,-0.22739101281010318,-0.09282961499701871,-0.39217850729536835,0.20193733171423434,-0.2822900600705147,0.3477317965550387,-0.2263932913198855,-0.09282961499701871,0.34755881322673865,-0.4932414676573144,-0.09282961499701871,0.34751627740086183,-0.22739101281010318,-0.09283177344043572,0.34751627740086183,-0.22739101281010318,-0.0928301382560289,-0.5441388747954653,0.048994885115329394,-0.3167993842361969,0.3489084704635875,-0.21525797570134117,-0.09122105139234662,-0.49101604776021596,0.9656920136746809,0.9596497551653866,0.9672753973493533,0.9828892881950251,0.9670402093052628,-0.20324921433487536,0.49410612087655953,0.7602626381045853,0.9672753973493533,0.9828892881950251,0.9670402409308297
transformed_s1_severe_knock-out.csv_predicted_cvis,--,--,--,--,--,--,--,--,--,--,--,--,--,--,--,--,--,--,--,--,--,--,--,--,--,--,--,--,--,--,--,--,--,--,--,--,--,--,--,--,--,--,--,--,--,--,--,--,--,--,--,--,--,--,--,--,--,--,--,--
transformed_g2-4-50_severe_knock-out.csv_predicted_cvis,0.7965634829016718,0.7253660886923718,0.8131000002704177,0.8468536669676551,0.2721471140798235,0.8917737671942243,-0.5795680412413476,-0.30588891662532564,-0.44290804975810233,0.8258297028583524,0.6198277584411576,0.8511909816969183,-0.001913400212339198,-0.22942706666410786,0.1011748324361286,0.9939673375356363,0.36951183758020895,0.9920778065917829,0.8410130023279629,0.9630850391297319,0.8103382456744072,-0.5913973602958663,-0.31898330918071877,-0.4587247934965746,-0.6304607492182315,-0.31898330918071877,-0.4582006971279731,-0.5913973602958663,-0.3189837045786279,-0.4587247934965746,-0.5913973602958663,-0.31898330918071877,-0.4587247934965746,-0.5913973602958663,0.1687961581871076,-0.4587247934965746,0.222346880121932,-0.08553128950101091,0.20733741115134202,-0.6431832074295027,-0.31898330918071877,-0.4725045027992482,-0.5913973602958663,-0.31898844935353693,-0.4587247934965746,-0.5458554779637714,-0.31904499125453706,-0.4632997522753111,0.7965201149391897,0.8599934918971848,-0.4402490677488638,0.8027954724920375,0.7765100679568011,0.8169058259965646,0.05484293370236884,-0.19088703936806647,-0.15971343952533082,0.8027954724920375,0.7765100679568011,0.8169058259965646
transformed_u1_moderate_knock-out.csv_predicted_cvis,--,--,--,--,--,--,--,--,--,--,--,--,--,--,--,--,--,--,--,--,--,--,--,--,--,--,--,--,--,--,--,--,--,--,--,--,--,--,--,--,--,--,--,--,--,--,--,--,--,--,--,--,--,--,--,--,--,--,--,--
transformed_g2-2-50.csv_predicted_cvis,0.9949782062532545,0.8566627346578534,0.995550065712584,0.998767292014242,0.9136091489278906,0.9997722694139058,-0.8394564007510328,-0.0411417551445365,-0.9512281527996963,0.9930845533579484,0.9405075271244059,0.9930554995738993,0.2764779712563066,-0.49024184027655293,0.3568900058720046,0.9965811219285369,0.7584695032301237,0.9992423377089984,0.994955354574756,0.9052461856819917,0.995259826999617,-0.8405653976299486,-0.04699266832501668,-0.9517064903690775,0.7499933317139853,0.02662671624265929,0.7834411333713358,-0.7510778802466668,-0.05165786860664694,-0.8407655484873898,-0.8376609655084688,-0.04699266832501668,-0.9517064903690775,-0.8405653976299486,0.10726475325447553,-0.9517064903690775,0.7464618283051518,0.07271650895997288,0.7908866458431519,0.752184259529626,0.027944235799568062,0.776329546278342,-0.8406212571276616,-0.04693632488600852,-0.9517231905643968,0.749475675937616,0.0002733555473655204,0.8195526358121876,0.9961127648645978,0.8868696015246896,-0.954961118683115,0.9939968928795745,0.9141635313857308,0.994200382404684,-0.2268351068843881,0.3710370188242383,-0.3230819001200467,0.9939968928795745,0.9141635313857308,0.994200382404684
transformed_seeds_severe_gaussian-noise.csv_predicted_cvis,0.8027031329961234,0.30159950192642393,0.19543593033358767,0.7746905744723992,0.3060289379322029,0.7129096087812041,0.777523608708262,0.14182152289161803,-0.5822306935649227,0.5484745747451518,0.7251543736407027,0.7911686998223969,0.45339013166231334,0.1341296879115228,-0.6289319914663652,0.7756427539456237,0.28324285554544715,0.7379643922232831,0.6906912786273277,0.7323157372428604,0.6489468334241263,0.7791634516765892,0.1385326003484049,-0.639971924133543,0.7791634516765892,0.1385326003484049,-0.5417244657932634,-0.7772591179069188,-0.05851099298651756,0.5001592516746327,0.7874155646784933,-0.10047127898138193,-0.6432018324918061,0.778898960875246,0.05485074047874811,0.3592875928687508,0.7877065045599707,0.12662351791370574,-0.36161736283208806,0.7790576553560519,0.1385326003484049,-0.5706612677242593,0.3619027634777408,-0.41302501486221727,-0.6465905888021148,0.272954506986062,-0.2083426336849934,0.7524362741819148,-0.7606452220734813,0.07727950472751773,0.5986022599798902,0.6389304288044864,0.7564256613701245,0.711427027895444,-0.008119867601232657,-0.4299735753873238,0.37858761904230614,0.6389304288044864,0.7564256613701245,0.711427027895444
transformed_u1_mild_gaussian-noise.csv_predicted_cvis,--,--,--,--,--,--,--,--,--,--,--,--,--,--,--,--,--,--,--,--,--,--,--,--,--,--,--,--,--,--,--,--,--,--,--,--,--,--,--,--,--,--,--,--,--,--,--,--,--,--,--,--,--,--,--,--,--,--,--,--
transformed_g2-8-70.csv_predicted_cvis,0.9988371699503384,0.8860069279465648,0.9438537638591056,0.9998577051592453,0.9895925868836638,0.999712998790195,-0.6994110790244735,0.4787900024054624,-0.35620783384934074,0.9984433242144063,0.7996561296511082,0.9429280446751974,-0.284369642895133,-0.464736742487536,-0.2410637553022701,0.9992384042238922,0.9842769774312585,0.9989059682710413,0.9994986274709171,0.9500083083191666,0.9373790482911626,-0.7008980942089442,0.5805452306927222,-0.35720584164125013,-0.670966067118353,0.45858863104935876,-0.19079062842945824,-0.3944623736764483,-0.5941317989144718,-0.12244570143105166,-0.7008987751006845,0.030952373288562346,-0.35720584164125013,-0.4439325368779159,-0.41528537942078053,0.005502935718961914,-0.6646401376527614,0.5794839252453334,0.011651411653373363,-0.6677998943379347,0.5805458065644659,-0.10969155519787509,-0.7086559390043321,-0.622944625443798,-0.5116580030956587,-0.700825395921598,0.5670344943092042,-0.36084645276218924,-0.14691198392002872,0.9733366844603041,-0.3567357110459919,0.9991592263490928,0.8871591335256315,0.9403136713782455,0.005792424598942948,-0.4820232604856564,0.08840870971823866,0.9991592263490928,0.8871591335256315,0.9403136713782455
transformed_mnist_moderate_gaussian-noise.csv_predicted_cvis,--,--,--,--,--,--,--,--,--,--,--,--,--,--,--,--,--,--,--,--,--,--,--,--,--,--,--,--,--,--,--,--,--,--,--,--,--,--,--,--,--,--,--,--,--,--,--,--,--,--,--,--,--,--,--,--,--,--,--,--
transformed_g2-2-10_mild_gaussian-noise.csv_predicted_cvis,--,--,--,--,--,--,--,--,--,--,--,--,--,--,--,--,--,--,--,--,--,--,--,--,--,--,--,--,--,--,--,--,--,--,--,--,--,--,--,--,--,--,--,--,--,--,--,--,--,--,--,--,--,--,--,--,--,--,--,--
transformed_g2-8-30_mild_gaussian-noise.csv_predicted_cvis,--,--,--,--,--,--,--,--,--,--,--,--,--,--,--,--,--,--,--,--,--,--,--,--,--,--,--,--,--,--,--,--,--,--,--,--,--,--,--,--,--,--,--,--,--,--,--,--,--,--,--,--,--,--,--,--,--,--,--,--
transformed_human-activity-recognition_severe_knock-out.csv_predicted_cvis,--,--,--,--,--,--,--,--,--,--,--,--,--,--,--,--,--,--,--,--,--,--,--,--,--,--,--,--,--,--,--,--,--,--,--,--,--,--,--,--,--,--,--,--,--,--,--,--,--,--,--,--,--,--,--,--,--,--,--,--
transformed_g2-4-10.csv_predicted_cvis,--,--,0.9981788984514764,--,--,0.9988383758788678,--,--,-0.41907503154473413,--,--,0.9995494330280318,--,--,-0.9597454806263754,--,--,0.9960400598156058,--,--,0.9971377883339819,--,--,-0.4713253829764809,--,--,-0.2949327706366379,--,--,0.4558489714838479,--,--,0.03325248666998859,--,--,-0.49567482013889,--,--,0.3718044752090862,--,--,-0.032047554410385745,--,--,-0.4719826092359115,--,--,-0.4764898221352025,--,--,0.9875760942433067,--,--,0.9996633116042848,--,--,0.940387643922619,--,--,0.9996633116042848
transformed_g2-4-90_severe_gaussian-noise.csv_predicted_cvis,0.9905827921795322,--,0.9963382677445327,0.992478385154502,--,0.996113525870456,-0.42185592370808495,--,-0.2976419079676727,0.9987897566480212,--,0.9989684874335406,-0.5897693201986429,--,-0.5212046885551546,0.9784960521296205,--,0.9889631238825328,0.9987863573965363,--,0.9990813272340158,-0.4234945785306211,--,-0.2991503714910296,-0.4234945785306211,--,-0.2991503714910296,0.42337051181648255,--,0.2989981732494697,-0.4172111972615397,--,-0.2992413830700147,-0.1773590072571023,--,-0.2927089709852376,-0.4234945785306211,--,-0.2991503714910296,-0.4234945785306211,--,-0.2991503714910296,0.38516945103816624,--,0.2570346721477862,0.41962262412663826,--,0.29618562236955404,0.9579352200592881,--,0.979222913573081,0.9988606593749264,--,0.9990690325927821,0.8038499128551746,--,0.8784249016401979,0.9988606593749264,--,0.9990690325927821
transformed_g2-8-70_severe_gaussian-noise.csv_predicted_cvis,0.9998104277214459,0.9570900957785831,0.9981004474398234,0.9999843293176062,0.9919208659177243,0.9999629270457916,-0.9318988526295479,-0.2692138655813988,-0.9424835246669948,0.9998209008962259,0.926354009361652,0.9977477202876013,-0.9362947803540466,-0.7237148147415128,-0.9379128778507422,0.9999758882513655,0.9916158956208007,0.9998877650815283,0.999863158332776,0.9781727822467181,0.9977691355855647,-0.9363341943835294,-0.6162450815216192,-0.9460042682109814,-0.936291758524952,-0.6196459624369486,-0.9460741870850792,0.6968696343411487,0.8277120350052292,0.7226625180915722,-0.2948829518670437,-0.03768144900759323,-0.664162719486738,-0.7516256985388451,0.7985038228934423,-0.9313734833035142,-0.9361297780653854,-0.6513363419801746,-0.9463383626820333,-0.9362889190476131,-0.6163126500721496,-0.9460762971554225,0.6852041236242672,0.7878563321497823,0.7328807291067903,-0.6782330244057205,-0.6021125226786224,-0.7065244396020744,-0.8710574861797272,0.9199668717901941,0.999302494548604,0.9998408832968633,0.950415040827553,0.997758089251822,0.8591400592495002,0.7714337881289368,0.8534452771366541,0.9998408832968633,0.950415040827553,0.997758089251822
transformed_wine_moderate_knock-out.csv_predicted_cvis,0.9658159418572413,0.5621669433159492,1.0,0.9997095134350036,0.6496042996339544,0.9996529284164858,-0.7028794263775152,-0.514933157395756,-0.5352161396088632,0.9368185860119955,0.23492694899196426,1.0,-0.7152468063137766,-0.4498453462747207,-0.5400794540530608,0.999128540305011,0.5605417136446107,0.9991323210412147,0.9994190268700074,0.8304841616304645,0.9993058568329718,-0.7111243463350228,-0.4707287014034424,-0.5303528251646654,-0.7111243463350228,-0.47219134884436453,-0.5303528251646654,0.7002757674435656,0.47105373416809176,0.4619310219497458,-0.7111243463350228,-0.6039108767185196,-0.5310236271569686,-0.7111243463350228,-0.2519003926032576,-0.5303528251646654,-0.7111243463350228,-0.47219134884436453,-0.5303528251646654,-0.7111243463350228,-0.47219134884436453,-0.5303528251646654,0.10078329790163787,-0.037785058890488644,-0.7332704278363634,-0.7111243463350228,-0.46829095566857215,-0.5303528251646654,-0.999200842620001,0.4027624988063905,0.3361489963512408,0.9658159418572413,0.5512779045179819,1.0,0.6922478190638872,0.24344954072237415,0.39300611724059875,1.0,0.5512779045179819,1.0
transformed_u1_severe_gaussian-noise.csv_predicted_cvis,--,--,0.8573086933736745,--,--,0.8858086229826826,--,--,0.8445992653047926,--,--,0.6276968752206312,--,--,-0.6716740167312166,--,--,0.8272604742131552,--,--,0.8873491597183046,--,--,0.81648446987969,--,--,-0.48449880335313683,--,--,0.7113428376734846,--,--,-0.8130182622245403,--,--,-0.8226466168221782,--,--,-0.4298097492385538,--,--,-0.5472756753297356,--,--,0.814173664776257,--,--,0.5418837967550585,--,--,--,--,--,0.8827275495114385,--,--,0.6639713330531064,--,--,0.8827275495114385
transformed_g2-2-90_severe_knock-out.csv_predicted_cvis,-0.3486620102678489,-0.08479140820191798,-0.7228509158210991,-0.6821452739375726,-0.3415498373502904,-0.7487741300674106,-0.6913790059102113,-0.693318822533813,-0.6891225065393857,-0.3605109586483677,-0.11763232048338214,-0.6452358464637442,-0.7428884792022679,-0.1476884679402467,-0.7317062712090653,-0.21453800318366428,0.12868804229424335,-0.2016643642403351,0.10085373938590922,0.30209498170212623,0.03715027437070811,-0.6858843265979946,-0.6858843265979946,-0.6858843265979946,-0.6858843265979946,-0.6882080446677201,-0.6858843265979946,-0.1489798218215197,-0.6875895966920125,-0.4239510298990614,-0.6858843265979946,-0.6858843265979946,-0.6859089494903723,-0.8987770892208832,-0.689265211477692,-0.698875148941545,-0.6584873149220245,-0.6801777466280158,-0.6835791206298377,-0.6848688569488377,-0.6865980310186675,-0.6858843265979946,-0.5372797792238093,-0.6858843265979946,-0.3071624946015225,-0.47693176594297604,0.5753059723247597,-0.6631865130542115,-0.5883513431729028,-0.5185690017637505,-0.24469350753931463,-0.2538741976899933,-0.05234537698944234,-0.5048003574675834,0.31204735293682073,-0.7403298551446753,0.5496872007742335,-0.2538741976899933,-0.05234537698944234,-0.5048003574675834
transformed_g2-2-90_moderate_knock-out.csv_predicted_cvis,0.9423623060604813,--,--,0.9835791827619712,--,--,0.51879000659465,--,--,0.9681380060759058,--,--,0.3347055495354133,--,--,0.9584922487256587,--,--,0.943790506305989,--,--,0.5158413092421532,--,--,0.5158649974465217,--,--,-0.5177135810244812,--,--,0.5160297176033286,--,--,-0.20030868250405165,--,--,0.515869192905061,--,--,0.5157686309911482,--,--,-0.49085348090928355,--,--,-0.3664159869952113,--,--,-0.4135352146821113,--,--,0.9570735366817187,--,--,-0.4123567098198546,--,--,0.9570735366817187,--,--
transformed_g2-4-30_severe_gaussian-noise.csv_predicted_cvis,0.9999503168401395,0.9995148978831377,0.9999117996350184,0.999999402146493,0.9999983298801821,0.999999277786169,-0.4078188491765824,-0.44356677602758277,-0.44009699730562785,0.9999646959835996,0.9993910983664342,0.9999239869935379,-0.9055078045982657,-0.8889595502788514,-0.9154993813472839,0.9999987889634029,0.9999980289576815,0.9999993379706555,0.9999387583388933,0.9995817929549977,0.9999046677733663,-0.9059545601941638,-0.8946749882723837,-0.921331537893829,-0.9059545601941638,-0.8940959804487678,-0.9207525302008904,0.6240427643786427,0.5801274552523665,0.6222024619489124,-0.9055165933255935,-0.8496957869686222,-0.5494251621333351,-0.9057791812816365,-0.8898438103775451,-0.8998850716696025,-0.9059545601941638,-0.8930716229104255,-0.9197281728937373,-0.9059545601941638,-0.8944451041642791,-0.9211016538376074,0.398554117594473,0.3301652338696432,0.3826751741267174,-0.9059545719932237,-0.8946749999245396,-0.9213315498931571,-0.99332176072728,0.9997272868103644,0.99979309950227,0.999955130327396,0.9994896504853462,0.9999148991360741,0.8968258419388339,0.880134811435499,0.9070147810683757,0.999955130327396,0.9994896504853462,0.9999148991360741
transformed_s2.csv_predicted_cvis,--,--,0.9658663938143328,--,--,0.9785714285714282,--,--,0.8426648406178137,--,--,-0.5933082268219882,--,--,-0.8685929895599002,--,--,0.9740008245261429,--,--,0.9277746921453839,--,--,0.6838549283475334,--,--,-0.8621109523243786,--,--,0.8621109523243786,--,--,0.8621109523243786,--,--,0.14260481918147613,--,--,-0.8621109523243786,--,--,-0.8621109523243786,--,--,0.7713624310270756,--,--,-0.8646578144530208,--,--,0.8210863588665366,--,--,0.9485569602334306,--,--,0.46346566233979747,--,--,0.9277746921453839
transformed_wine_severe_gaussian-noise.csv_predicted_cvis,--,0.6837569973447328,--,--,0.6388368991861918,--,--,0.0775761438219775,--,--,0.10932102212466288,--,--,-0.12716139136100962,--,--,0.19469049606715147,--,--,0.6006500063190806,--,--,0.21195168370951947,--,--,-0.006588922320899515,--,--,0.28938354456096627,--,--,-0.09238919546312385,--,--,0.02577855740147548,--,--,-0.006588922320899515,--,--,-0.006588922320899515,--,--,-0.0053384699096339135,--,--,-0.037754043955519116,--,--,0.29662265170496116,--,--,0.8089946157653339,--,--,-0.03477219589788576,--,--,0.8089946157653339,--
transformed_s3_severe_knock-out.csv_predicted_cvis,--,--,0.7967032967032966,--,--,0.8681318681318682,--,--,0.967032967032967,--,--,0.6758241758241759,--,--,-0.6483516483516483,--,--,0.7059942109263037,--,--,1.0,--,--,1.0,--,--,0.9945054945054945,--,--,0.21428571428571427,--,--,-1.0,--,--,-0.8956043956043955,--,--,-1.0,--,--,1.0,--,--,1.0,--,--,1.0,--,--,-0.9707253433941511,--,--,0.9505494505494506,--,--,0.16483516483516483,--,--,0.9505494505494506
transformed_wine_moderate_gaussian-noise.csv_predicted_cvis,--,0.6502019334961839,--,--,0.6619739903766572,--,--,0.020709210267281647,--,--,-0.07755328982197186,--,--,0.22722472239901376,--,--,0.19056774933949222,--,--,0.6195945856069532,--,--,0.4020277547711034,--,--,0.4020277547711034,--,--,-0.13655585981349058,--,--,-0.5141746150120207,--,--,-0.4356141537892702,--,--,0.4020277547711034,--,--,0.4020277547711034,--,--,0.037910828076299814,--,--,0.39712673517188596,--,--,-0.19110150900796943,--,--,0.7511052781859554,--,--,-0.4881319422397083,--,--,0.7511052781859554,--
transformed_iris_moderate_gaussian-noise.csv_predicted_cvis,0.437882551820539,0.07344096996404924,0.8626007816931304,0.583410043063921,-0.1257742027175285,0.8811748840916003,0.2346640953159615,-0.3804626021177943,-0.5324846386286226,0.24769403547924104,0.4896646144633876,0.7687193248991124,-0.07134178521032349,-0.5699089046853892,-0.5338635021254522,0.7121519408413522,-0.21623289134041537,0.9245685294330038,0.4627465452993078,0.5184478924778012,0.8822293091185877,0.06549143380355436,-0.5382472988695343,-0.44220963439501143,0.015600937084717666,-0.5521156055492062,-0.43052984948068984,0.02234509217863207,0.6078504984316617,0.49720195503327597,0.06760406070044321,0.505713472507788,-0.45161835002043726,0.026895365495008056,0.6025299531017246,-0.44042522281087904,0.015600937084717666,-0.5808988835636199,-0.43052984948068984,0.015600937084717666,-0.5521156055492062,-0.43052984948068984,-0.21735680573760288,-0.604099950084329,-0.4527538846648852,0.004632278971580176,-0.5542089348593455,0.005191856985388686,0.6942675466819712,-0.16914029778840006,--,0.6289940311083304,0.6078504984316617,0.89115136703925,0.4702219943190683,0.1675535668657228,0.1387785554750302,0.6289940311083304,0.6078504984316617,0.89115136703925
transformed_g2-2-30.csv_predicted_cvis,0.9861041336605735,0.9999810124232232,0.9999999999999998,0.9999774881564761,0.9999893516515246,0.9999999999999998,-0.7231247263716207,-0.21350188593373992,-0.8652761454989949,0.9866733050614523,0.9999571031167647,0.9999999999999998,-0.7693899392228537,-0.22645149626003552,-0.8355942911964179,0.999921671477918,0.9999488694483154,0.9999999999999998,0.9843359618067841,0.9998061657209266,0.9999999999999998,-0.7248715948194789,-0.21488351131608296,-0.8661138037883919,-0.7248715948194789,-0.21488351131608296,-0.8661138037883919,0.7248715948194789,0.21488351131608296,0.8661138037883919,-0.7248715948194789,-0.21365561304645725,-0.8661138037883919,-0.6263656869918861,-0.5953243946750153,-0.7152930143249755,-0.7248715948194789,-0.21488351131608296,-0.8661138037883919,-0.7248715948194789,-0.21488351131608296,-0.8661138037883919,-0.7266522770197735,-0.2218198657742263,-0.869249827461507,-0.7248715948194789,-0.21488351131608296,-0.8661138037883919,0.9990968894655938,0.998730157257459,--,0.9855416020636371,0.9999829388905208,0.9999999999999998,0.720130327815387,0.32463176502409724,0.7287178027537189,0.9855416020636371,0.9999829388905208,0.9999999999999998
transformed_seeds_severe_knock-out.csv_predicted_cvis,0.9592466925036739,--,--,0.9492899156020829,--,--,-0.2827106568575729,--,--,0.9526860255530131,--,--,-0.908674652422045,--,--,0.9381753739444928,--,--,0.9506792333092816,--,--,-0.7095632851294309,--,--,-0.734528552424172,--,--,0.22575625501697086,--,--,-0.7354447090221442,--,--,-0.1973554004798342,--,--,-0.7197937004734533,--,--,-0.734528552424172,--,--,-0.48525761139258267,--,--,-0.667420081622712,--,--,-0.554018353746805,--,--,0.9485180724314168,--,--,0.3296636825036457,--,--,0.9485180724314168,--,--
transformed_g2-4-70_mild_gaussian-noise.csv_predicted_cvis,0.9628766770326933,0.9897234087636454,0.993218742640131,0.9966127630371924,0.9957338645266465,0.9994320494781488,0.399000175705101,0.8117839874432407,0.5074227982623492,0.9708722364476298,0.9676435243368307,0.9948560155315567,-0.7188346599680958,-0.5589518654477255,-0.8575375575974622,0.9796670314117495,0.9942834573767821,0.9968508232280562,0.9804342798262201,0.9890697720453456,0.9959081722692327,0.3976781574669114,0.8113583624703201,0.5064634011904682,0.39148777899978165,0.3363588088477786,0.3685353289835922,-0.4028497694509991,0.2627772376035994,0.23529619535467655,-0.08870692105456629,0.8111618039607937,0.5064634011904682,-0.8776449889115676,0.8074868422913002,0.04210136090544895,0.3982447813657024,0.2964815258509161,0.06790820962343086,0.3975165812225221,0.37801368823552345,0.24324216612931365,-0.2865882509339469,-0.19400884923097683,-0.10567902531299617,0.3578907227167335,0.1987506187309988,0.3705023310850338,-0.7427022332975929,0.9671279228294105,0.9939218707138071,0.975908985901619,0.9791858030662599,0.9954938788789734,0.6512085026950465,0.65729301035378,0.9118970967561761,0.975908985901619,0.9791858030662599,0.9954938788789734
transformed_s3_mild_gaussian-noise.csv_predicted_cvis,--,--,--,--,--,--,--,--,--,--,--,--,--,--,--,--,--,--,--,--,--,--,--,--,--,--,--,--,--,--,--,--,--,--,--,--,--,--,--,--,--,--,--,--,--,--,--,--,--,--,--,--,--,--,--,--,--,--,--,--
transformed_iris_moderate_knock-out.csv_predicted_cvis,0.37946639431784535,0.31148721955026826,0.8017124263167933,0.9076591335054268,0.4088844032444524,0.9616268423975268,-0.3447329783863329,0.11516144990255739,-0.2157162916729587,0.8704775472879928,0.5093443914573217,0.8958876464943573,-0.4674475139681522,-0.3442592279001982,-0.2872649979117572,0.9162212208402182,0.470743630871087,0.9753842845991689,0.57241281497704,0.49556177112323896,0.9451156024962656,-0.4348562470368212,-0.03859133693543147,-0.23452075933828392,-0.4348562470368212,-0.03859133693543147,-0.23452075933828392,0.8085082369256027,0.03951017829103698,0.5298884953497341,-0.5532864846182778,0.15160882367490935,-0.21724511018233472,-0.16525149429970684,0.164778883105255,-0.23452075933828392,-0.4353152789654315,0.288822466111999,-0.23681398710234797,-0.4348562470368212,-0.03859133693543147,-0.23452075933828392,-0.4348562470368212,-0.03859133693543147,-0.23452075933828392,-0.4181780869639804,-0.06952566257415034,-0.23574381414578477,0.9507122153836733,0.34774908289542,0.9037563075957865,0.7824964276376859,0.5816265780982885,0.9434339021359519,0.4602560137532576,0.48239171169289335,0.5838557887307082,0.7824964276376859,0.5816265780982885,0.9434339021359519
transformed_s4_mild_knock-out.csv_predicted_cvis,--,--,--,--,--,--,--,--,--,--,--,--,--,--,--,--,--,--,--,--,--,--,--,--,--,--,--,--,--,--,--,--,--,--,--,--,--,--,--,--,--,--,--,--,--,--,--,--,--,--,--,--,--,--,--,--,--,--,--,--
transformed_mnist_severe_knock-out.csv_predicted_cvis,--,--,--,--,--,--,--,--,--,--,--,--,--,--,--,--,--,--,--,--,--,--,--,--,--,--,--,--,--,--,--,--,--,--,--,--,--,--,--,--,--,--,--,--,--,--,--,--,--,--,--,--,--,--,--,--,--,--,--,--
transformed_human-activity-recognition_moderate_knock-out.csv_predicted_cvis,--,--,--,--,--,--,--,--,--,--,--,--,--,--,--,--,--,--,--,--,--,--,--,--,--,--,--,--,--,--,--,--,--,--,--,--,--,--,--,--,--,--,--,--,--,--,--,--,--,--,--,--,--,--,--,--,--,--,--,--
transformed_g2-4-70_mild_knock-out.csv_predicted_cvis,0.9524131345132613,0.9978398889541881,0.985342945595906,0.9925849938243487,0.9993237979874483,0.9949990491945346,0.35059295451223715,0.1787977805764876,-0.18698897644510515,0.9526673118554352,0.9988535259316492,0.9779069067942908,0.12232328885747713,-0.1471357668895734,-0.4923399175708707,0.9812037364830021,0.9975521084369084,0.9911234525828345,0.9547744933100507,0.9986201612629041,0.9932612256199371,0.34774866384555947,0.17739284475440198,-0.18843313928485927,0.34774866384555947,0.17739284475440198,-0.18843313928485927,-0.48046151090117234,-0.26800981655433415,0.018712426870213378,0.11375861807379725,0.17741452586276749,-0.18843313928485927,0.3477698063523336,0.17742736447987806,-0.43830657254640465,0.3475330442858581,0.17965224297663399,-0.18842715442959304,0.3477452345649702,0.17739522542512448,-0.18843313928485927,-0.6332028870214145,-0.5748395584425153,-0.36581751641463667,0.43537993320293383,0.08331216710115812,-0.3890018386491367,-0.6783754528581534,0.9931215885942623,0.9700420440874676,0.9541624935142583,0.9987595452124897,0.9909161406492124,-0.19833652401319027,0.29923934172666294,0.8177688396345489,0.9541624935142583,0.9987595452124897,0.9909161406492124
transformed_mnist_severe_gaussian-noise.csv_predicted_cvis,--,--,--,--,--,--,--,--,--,--,--,--,--,--,--,--,--,--,--,--,--,--,--,--,--,--,--,--,--,--,--,--,--,--,--,--,--,--,--,--,--,--,--,--,--,--,--,--,--,--,--,--,--,--,--,--,--,--,--,--
transformed_g2-4-10_mild_gaussian-noise.csv_predicted_cvis,--,--,--,--,--,--,--,--,--,--,--,--,--,--,--,--,--,--,--,--,--,--,--,--,--,--,--,--,--,--,--,--,--,--,--,--,--,--,--,--,--,--,--,--,--,--,--,--,--,--,--,--,--,--,--,--,--,--,--,--
transformed_g2-8-30_moderate_gaussian-noise.csv_predicted_cvis,--,--,0.9601897642435099,--,--,0.985736726708033,--,--,-0.6141837345541756,--,--,0.989812438852416,--,--,-0.7094236333133289,--,--,0.8104319493624834,--,--,0.905470509726229,--,--,-0.631600419208877,--,--,-0.6315428530360705,--,--,0.6314086014276337,--,--,-0.5925372386002884,--,--,0.5733728345199617,--,--,-0.6317665015246304,--,--,-0.6317830159832546,--,--,0.28496333928208173,--,--,-0.6714987521398754,--,--,0.7822659800758077,--,--,0.9661823774644657,--,--,0.7867029643009473,--,--,0.9661823774644657
transformed_fashion-mnist_mild_knock-out.csv_predicted_cvis,--,--,--,--,--,--,--,--,--,--,--,--,--,--,--,--,--,--,--,--,--,--,--,--,--,--,--,--,--,--,--,--,--,--,--,--,--,--,--,--,--,--,--,--,--,--,--,--,--,--,--,--,--,--,--,--,--,--,--,--
transformed_g2-2-10_mild_knock-out.csv_predicted_cvis,--,--,--,--,--,--,--,--,--,--,--,--,--,--,--,--,--,--,--,--,--,--,--,--,--,--,--,--,--,--,--,--,--,--,--,--,--,--,--,--,--,--,--,--,--,--,--,--,--,--,--,--,--,--,--,--,--,--,--,--
transformed_g2-8-50_severe_gaussian-noise.csv_predicted_cvis,0.9917163965010726,0.9999699374991686,0.9990038992458002,0.9999437973508055,0.999955030042095,0.9999729607272302,-0.5795565248906653,-0.6114186008034187,-0.4486538612844205,0.9915307309864361,0.9999436539805747,0.998910089243089,-0.6405519198995615,-0.7325029192756662,-0.5304664199316614,0.9998362656392124,0.9998653507417622,0.9999199507212266,0.9905232792551358,0.9999491139667042,0.9988176475057514,-0.6375157156359813,-0.7341559475141951,-0.5300156444475288,-0.6375157156359813,-0.7341559475141951,-0.5300156444475288,0.6265222909374452,0.7236591504567484,0.5187872677258102,-0.37725771391993745,-0.6773783982902783,-0.1940465610430481,-0.6396491955676648,-0.7363752794026269,-0.5308774617233313,-0.6375157156359813,-0.7341559475141951,-0.5300156444475288,-0.6375157156359813,-0.7341559475141951,-0.5300156444475288,0.4233495463060688,0.5272609801032304,0.3003623797620535,-0.6397262659799299,-0.7381613440541488,-0.5325243385975614,-0.8988616339284371,0.9990662825121926,-0.9890576334968695,0.9910425901822336,0.9999976804845446,0.9988615227840594,0.620068855463373,0.7140376162707618,0.508119592028225,0.9910425901822336,0.9999976804845446,0.9988615227840594
transformed_s1_moderate_knock-out.csv_predicted_cvis,--,--,--,--,--,--,--,--,--,--,--,--,--,--,--,--,--,--,--,--,--,--,--,--,--,--,--,--,--,--,--,--,--,--,--,--,--,--,--,--,--,--,--,--,--,--,--,--,--,--,--,--,--,--,--,--,--,--,--,--
transformed_human-activity-recognition_mild_gaussian-noise.csv_predicted_cvis,--,--,--,--,--,--,--,--,--,--,--,--,--,--,--,--,--,--,--,--,--,--,--,--,--,--,--,--,--,--,--,--,--,--,--,--,--,--,--,--,--,--,--,--,--,--,--,--,--,--,--,--,--,--,--,--,--,--,--,--
transformed_g2-2-70_mild_gaussian-noise.csv_predicted_cvis,0.9174350337158591,0.9997392470906196,0.999326947920859,0.994837109252703,0.9998402610054169,0.9987916893062098,-0.5178346150298587,-0.9269543033035069,-0.883673894986948,0.8868155378747251,0.9997428156585225,0.99921198543569,-0.0416569507407413,0.14966836920637375,-0.07656931226142993,0.9899536364940935,0.9990982072651525,0.9898046375165239,0.9117076283893023,0.9997176272996753,0.9992945052329207,-0.5191459788003212,-0.9275500708765875,-0.8845481930414015,-0.4861151572696926,-0.594810052269736,-0.6782195566823956,-0.2535663447469149,-0.5951428402425272,-0.5869256742256476,-0.5391438334827745,-0.9133743868283347,-0.8841894351953122,-0.5191420976386774,-0.7927589598621075,-0.8758682484358449,-0.2882617939017922,-0.2360326307795047,-0.5851455080514347,-0.6646411952372637,-0.5557258031885141,-0.6291699901686285,-0.5177412587658881,-0.9278685064563755,-0.8861162250474193,-0.5225090704848951,-0.9272819077441609,-0.7736659706911447,-0.07758217317769175,0.9399647491818443,-0.7851122216803809,0.8993209728124025,0.9997451599732031,0.9993176618300602,0.1157349117688588,-0.2564744497925801,-0.14117575779619548,0.8993209728124025,0.9997451599732031,0.9993176618300602
transformed_s4_severe_knock-out.csv_predicted_cvis,--,--,--,--,--,--,--,--,--,--,--,--,--,--,--,--,--,--,--,--,--,--,--,--,--,--,--,--,--,--,--,--,--,--,--,--,--,--,--,--,--,--,--,--,--,--,--,--,--,--,--,--,--,--,--,--,--,--,--,--
transformed_g2-8-10_mild_gaussian-noise.csv_predicted_cvis,--,--,--,--,--,--,--,--,--,--,--,--,--,--,--,--,--,--,--,--,--,--,--,--,--,--,--,--,--,--,--,--,--,--,--,--,--,--,--,--,--,--,--,--,--,--,--,--,--,--,--,--,--,--,--,--,--,--,--,--
transformed_seeds_mild_gaussian-noise.csv_predicted_cvis,0.890140893721546,0.6026547936419131,0.6316929308702629,0.8780517277797726,0.596197116348486,0.6467124256412379,0.8926536228147756,0.5186520570462682,0.23750403900628078,0.794815886858396,0.873427319826552,0.5761976195030805,-0.31697416266592404,-0.17454254815635753,0.17655190943306506,0.8776285257059252,0.5858602472997595,0.6798241866001774,0.8461813594799935,0.8561450932994706,0.7386041846544865,0.8888448545050383,0.513147151812527,0.14142695340782213,0.7500364094390527,0.513147151812527,-0.7492794163876487,-0.6953118147665063,-0.3943417691477979,-0.11085817569052923,0.8896118981229713,0.4656144123904166,-0.6447257199837015,0.8672882838631216,0.5064248156136317,-0.45916741156980495,0.4007935152600757,0.5023755343599664,-0.09477910456886825,0.6648945678484645,0.513147151812527,0.0046886253517858245,0.876122510359318,0.5121943797528411,0.12855310074698645,0.8571051185905598,0.5125913681110436,-0.001642343343563396,-0.8539083816325193,0.43169135928013175,--,0.8212392170071993,0.8767884879259997,0.651109667496585,0.8783971914331891,0.42393063477915605,0.4282012927210048,0.8212392170071993,0.8767884879259997,0.651109667496585
transformed_s2_moderate_knock-out.csv_predicted_cvis,--,--,--,--,--,--,--,--,--,--,--,--,--,--,--,--,--,--,--,--,--,--,--,--,--,--,--,--,--,--,--,--,--,--,--,--,--,--,--,--,--,--,--,--,--,--,--,--,--,--,--,--,--,--,--,--,--,--,--,--
transformed_g2-2-50_moderate_gaussian-noise.csv_predicted_cvis,0.9966619696348943,--,0.9968897186180158,0.9982886049865053,--,0.9988348931508524,-0.8514409076847395,--,-0.921216059488649,0.9942699836254524,--,0.9937692395055078,-0.663835197425799,--,-0.7095560910450645,0.9952781261759357,--,0.9972471210279287,0.9922552615177843,--,0.991997309155189,-0.8525505455013017,--,-0.9227588729597024,-0.720978158760068,--,-0.8498125004968492,-0.27742857325224757,--,-0.061175510556924856,-0.8525523688498267,--,-0.9227589250553793,-0.8328925822414909,--,-0.922074830674318,-0.7269948702702622,--,-0.8542225818803307,-0.7327420908684809,--,-0.8659904743326764,-0.5005179742447513,--,-0.5159313073183824,-0.7700764803547849,--,-0.800941546007737,0.9965569435798488,--,-0.9174025888090473,0.9931727445074076,--,0.9930474538646155,0.7150953331272712,--,0.7691721435621702,0.9931727445074076,--,0.9930474538646155
transformed_g2-2-70_severe_knock-out.csv_predicted_cvis,-0.13363067941004245,--,0.28311700580786964,-0.21566903283046132,--,0.053841659818400424,-0.6726987688922632,--,-0.7180282636419067,-0.12837689891446444,--,0.22816156720778133,-0.271034624215723,--,-0.26368498010963665,0.237711435261253,--,0.5385090693168878,0.39768334347938283,--,0.5743862975885894,-0.673916098638601,--,-0.7201402870911999,-0.6739582685531738,--,-0.7176737407552862,-0.6306549908781918,--,-0.7201402870911999,-0.6809280597878385,--,-0.7191974428037824,-0.673916098638601,--,-0.7201402870911999,-0.5187276409378268,--,0.38808220965893603,-0.620954044601046,--,-0.28755967084061557,-0.6618463600362319,--,-0.7201402870911999,-0.2799959176549652,--,-0.417906354200385,-0.6908630541738353,--,-0.8972406166427047,0.03346402166774234,--,0.3129358250382952,0.15034227619067556,--,0.20069503293385146,0.03346402166774234,--,0.3129358250382952
transformed_g2-8-90_mild_gaussian-noise.csv_predicted_cvis,--,0.08455303352969361,0.9981354691302056,--,0.9648573715798874,0.9999505037954711,--,0.33877586072500065,-0.9333134888907997,--,0.8159964577290616,0.9977231614206584,--,0.13451627909368477,-0.5657116006800874,--,0.42020646860270955,0.9998643837815641,--,0.06084690344343596,0.9982946804115892,--,0.3031343884745794,-0.9337948381465114,--,0.3031343884745794,-0.9338482721865343,--,0.3031343884745794,-0.9203264379502161,--,0.3031343884745794,-0.9337948381465114,--,0.3031343884745794,-0.9283970361551501,--,0.07289930973324367,-0.9336984432425205,--,0.3031343884745794,-0.9338393882237611,--,0.3031343884745794,0.45457617033980396,--,-0.3128452465828597,-0.9337999965765086,--,--,-0.5226578142172674,--,0.10866765312975651,0.9980290763868521,--,0.4927755701160795,-0.02664065961592484,--,0.10866765312975651,0.9980290763868521
transformed_mnist_mild_gaussian-noise.csv_predicted_cvis,--,--,--,--,--,--,--,--,--,--,--,--,--,--,--,--,--,--,--,--,--,--,--,--,--,--,--,--,--,--,--,--,--,--,--,--,--,--,--,--,--,--,--,--,--,--,--,--,--,--,--,--,--,--,--,--,--,--,--,--
transformed_fashion-mnist_mild_gaussian-noise.csv_predicted_cvis,--,--,--,--,--,--,--,--,--,--,--,--,--,--,--,--,--,--,--,--,--,--,--,--,--,--,--,--,--,--,--,--,--,--,--,--,--,--,--,--,--,--,--,--,--,--,--,--,--,--,--,--,--,--,--,--,--,--,--,--
transformed_s4_mild_gaussian-noise.csv_predicted_cvis,--,--,--,--,--,--,--,--,--,--,--,--,--,--,--,--,--,--,--,--,--,--,--,--,--,--,--,--,--,--,--,--,--,--,--,--,--,--,--,--,--,--,--,--,--,--,--,--,--,--,--,--,--,--,--,--,--,--,--,--
transformed_g2-4-50_mild_knock-out.csv_predicted_cvis,0.9997734244870126,0.9700382729342307,0.9974675625563503,0.9999676644881205,0.9784286663155042,0.9999847803267528,-0.5195890532015278,-0.7538703972760664,-0.8370664759045006,0.9997696803748417,0.9473893301131822,0.9970296671453539,0.30572375471759805,-0.4774335834446627,-0.11432563419671612,0.9999002421045583,0.9743461447030379,0.9999619153551758,0.9998474557958461,0.9849683971194616,0.9975290937267604,-0.5202612962640993,-0.755180912046131,-0.8378241416167246,-0.5095474827039013,-0.755180912046131,-0.3968205620306949,0.20209078120319746,0.7539530502677287,-0.5180135040317854,-0.5202664564596872,-0.6705470547039758,-0.83782572947945,-0.5212686685126514,0.6433743168020325,-0.839549269403762,-0.45989171443822296,-0.7504563978817719,-0.17115898395690615,-0.5095616307126833,-0.6969886707722638,-0.36578209895348557,-0.42488429545758966,0.41921795783673466,-0.8620835366895834,-0.5205741402097938,-0.7551856739468853,-0.8379924267109221,0.9977169313115314,0.8509399793619606,-0.9180207950609006,0.9998226935994431,0.9725440128180065,0.9972955646374029,-0.2806008037963919,0.14037910521060062,0.06331299222204262,0.9998226935994431,0.9725440128180065,0.9972955646374029
transformed_g2-4-50_moderate_knock-out.csv_predicted_cvis,0.9744055809832982,0.939618714368519,0.9790830570490046,0.9998024525241868,0.9037191134967656,0.9998141870692762,-0.7166989717875991,-0.8173768437159497,-0.7220422468290599,0.9816166138511506,0.8393599234417207,0.9832682417485081,-0.2062091024150256,-0.5477970929404171,-0.2102849752867505,0.9993550313009242,0.8915567204402807,0.9992425990450008,0.9621384486776405,0.9923015805062555,0.9751105937754098,-0.7184107273042653,-0.8205926776870184,-0.723154253465414,-0.28567636270088853,-0.8205926776870184,-0.0796967794558613,0.04032069209471274,0.8190766822474073,-0.1640123901930949,-0.6738554275281066,-0.8206903443295618,-0.6372515470776765,-0.7095870082714312,0.7975407034292326,-0.7233693576527367,-0.0562932456082932,-0.4226827026050126,0.11409543259522054,-0.07692716723221713,-0.8186596786050871,0.09455007553219434,-0.4294368993193572,0.7123364664879975,-0.6198930072465608,-0.7184107504889713,-0.820627174750196,-0.7231542768032041,0.9938530594568912,0.924365410723193,-0.702063297836362,0.9736393890517908,0.9435831571743237,0.9788832887466354,0.0031112378552192893,0.09496121844846209,-0.07925623884766107,0.9736393890517908,0.9435831571743237,0.9788832887466354
transformed_g2-8-10_moderate_gaussian-noise.csv_predicted_cvis,--,--,--,--,--,--,--,--,--,--,--,--,--,--,--,--,--,--,--,--,--,--,--,--,--,--,--,--,--,--,--,--,--,--,--,--,--,--,--,--,--,--,--,--,--,--,--,--,--,--,--,--,--,--,--,--,--,--,--,--
transformed_g2-8-30_moderate_knock-out.csv_predicted_cvis,--,--,--,--,--,--,--,--,--,--,--,--,--,--,--,--,--,--,--,--,--,--,--,--,--,--,--,--,--,--,--,--,--,--,--,--,--,--,--,--,--,--,--,--,--,--,--,--,--,--,--,--,--,--,--,--,--,--,--,--
transformed_g2-8-30_severe_gaussian-noise.csv_predicted_cvis,1.0,1.0,0.9999816793112688,1.0,1.0,0.9999998510513114,-0.24409661799968496,-0.2505057474333591,-0.35900758473482997,1.0,1.0,0.9999571921468178,-0.7472790102084333,-0.7490600531464959,-0.9250164325894077,1.0,1.0,0.999998063667045,1.0,1.0,0.9999953230111698,-0.7472516592384388,-0.7490329083395919,-0.9249803590624175,-0.7472516592384388,-0.7490329083395919,-0.9249803590624175,0.7347997521827513,0.7366321297303262,0.8190868130708557,0.1680317149770097,0.1636557659409711,0.08382153369854926,-0.7477354552906039,-0.7491459544341672,-0.8360610649520479,-0.7472516592384388,-0.7490329083395919,-0.9249803590624175,-0.7472516592384388,-0.7490329083395919,-0.9249803590624175,0.5644445791768069,0.5667589660297634,0.4233741778474908,-0.7472516592384388,-0.7490329083395919,-0.9249803590624175,0.9999952860745382,0.9999952860745382,0.9998267270978533,1.0,1.0,0.9999820963675975,0.7440698755430922,0.7458499563867329,0.9130231130333977,1.0,1.0,0.9999820963675975
transformed_g2-2-50_mild_knock-out.csv_predicted_cvis,0.9954159533479614,0.856307182226639,0.9956497287529323,0.9987311749481853,0.9167770255052451,0.9997873419949052,-0.8378219197052887,0.04570491916273677,-0.9520479716178863,0.9937335295766225,0.9377177538324738,0.9934102940845512,0.16898329719659994,-0.48274686564162367,0.2631353180831366,0.9960453706793702,0.7355571658875384,0.999280488411381,0.9952786113556494,0.8955960861633894,0.9951471546869162,-0.8391124076705874,0.03990947752616279,-0.9525586496680636,0.7500680862175056,-0.03988195538215103,0.7780291616630071,-0.7529592565254953,0.03136884301900631,-0.8353122237849097,-0.8374492896756901,0.03990956212291692,-0.9525586496680636,-0.8361609556411985,0.04217548618240945,-0.9525586496680636,0.7466967310455449,0.015353916090558696,0.787064838741618,0.7515212809823119,-0.015058927208891702,0.7722221862609793,-0.8391772239831589,0.039914553331410856,-0.9525779782895308,0.7416130292232709,-0.08757205017632598,0.8451481398015755,0.9956305337707094,0.8729060338735991,-0.955015178704821,0.9945981371271623,0.905048714639644,0.9943190538785404,-0.20721760958561167,0.37827765718689943,-0.2628323802021029,0.9945981371271623,0.9050487018790339,0.9943190679685788
transformed_g2-2-70_mild_knock-out.csv_predicted_cvis,--,--,--,--,--,--,--,--,--,--,--,--,--,--,--,--,--,--,--,--,--,--,--,--,--,--,--,--,--,--,--,--,--,--,--,--,--,--,--,--,--,--,--,--,--,--,--,--,--,--,--,--,--,--,--,--,--,--,--,--
transformed_g2-2-10_severe_gaussian-noise.csv_predicted_cvis,0.9999974722518707,1.0,0.999997111144995,0.9999999398155208,1.0,1.0,0.5506033811324164,0.5441831186134529,0.5528642013825105,0.999995546348534,1.0,0.999992898231446,-0.926816279054183,-0.9240258100338877,-0.9262788470955836,0.9999997592620828,1.0,0.9999996990776037,0.9999989166793732,1.0,0.9999992176017695,-0.45477413384901044,-0.4572053163343659,-0.45434272683452537,-0.9268112395796804,-0.9240209385418687,-0.9262731356911477,0.9139942880835926,0.909536704903746,0.9130432552537501,-0.38232572449900354,-0.5304529863404517,-0.39263357763451284,-0.9139726183432324,-0.8982501298257115,-0.8592368139888203,-0.9268112395796804,-0.9240209385418687,-0.9262731356911477,-0.9268112395796804,-0.9240209385418687,-0.9262731356911477,0.2116948852467001,0.205321097881481,0.21049305456912198,-0.9172064771284962,-0.9116861807644179,-0.9158883745753157,-0.9427205211624291,0.9999953055995981,0.9999792814079765,0.9999974722518707,1.0,0.9999974120673913,0.9216738032923809,0.9188775668734885,0.9211347475031086,0.9999974722518707,1.0,0.9999974120673913
transformed_g2-8-90_severe_knock-out.csv_predicted_cvis,0.07623036492049795,-0.6583506278795376,0.6776768999838625,0.5495943754132973,0.16030933216145396,0.7294643858978822,-0.876663677457138,-0.6446106682417038,-0.9133693808393912,0.45799175833741884,-0.8283414555734719,0.7049542225104269,-0.6682727834946889,-0.5817778885863721,-0.9496516338312133,0.8426519185971434,0.5604394733395893,0.915464030220138,0.18537150221841298,-0.158562428046541,0.7602818024962231,-0.8878106321817797,-0.6285706944318724,-0.91588721432806,-0.8878106321817797,-0.6285706944318724,-0.91588721432806,0.8016373480674203,-0.6285706944318724,-0.5162924484076998,0.006192966268454228,-0.6285706944318724,-0.91588721432806,-0.8883005947675281,-0.6285706944318724,-0.91588721432806,-0.33355002731855643,-0.7433450614211653,-0.3152835423378469,-0.8849308128452817,-0.6285706944318724,-0.91588721432806,0.5478751845073953,-0.6285741799619683,0.24186371186094255,-0.8930224496832679,-0.41435458949929194,-0.9161674711755464,0.07269261043996694,--,-0.18411097185889977,0.1371487877633266,-0.40713017483875347,0.7315747412494213,-0.2553629760324772,-0.4997032400369102,-0.3161455840391697,0.1371487877633266,-0.40713017483875347,0.7315747412494213
transformed_s3.csv_predicted_cvis,--,--,--,--,--,--,--,--,--,--,--,--,--,--,--,--,--,--,--,--,--,--,--,--,--,--,--,--,--,--,--,--,--,--,--,--,--,--,--,--,--,--,--,--,--,--,--,--,--,--,--,--,--,--,--,--,--,--,--,--
transformed_s3_severe_gaussian-noise.csv_predicted_cvis,--,--,--,--,--,--,--,--,--,--,--,--,--,--,--,--,--,--,--,--,--,--,--,--,--,--,--,--,--,--,--,--,--,--,--,--,--,--,--,--,--,--,--,--,--,--,--,--,--,--,--,--,--,--,--,--,--,--,--,--
transformed_g2-2-30_mild_gaussian-noise.csv_predicted_cvis,0.9999996695107287,0.9999179943270559,0.7856935878081189,0.9999976314932197,0.9999007629512164,0.9788703537269812,-0.5917572473292675,-0.18883585987726081,0.1958937616544491,0.99994921480699,0.999747978072033,0.9957143594516406,-0.553705642127883,-0.17171066227042298,-0.07825142372071589,0.9999936105397558,0.9997160739319895,0.6858539770974955,0.9999415584709422,0.9995110205337195,0.6506045368261861,-0.5923638756621241,-0.190864572959405,0.18996863815327122,-0.5923638756621241,-0.190864572959405,0.17748126893471208,0.5922842471560715,0.18884785576406168,0.5261317698527236,-0.541957986759172,-0.1650822046285323,0.18886463669114922,-0.565447271121262,-0.16052220296331735,0.18813131877928277,-0.5923638756621241,-0.190864572959405,0.04558076658516958,-0.5923638756621241,-0.190864572959405,0.03240124605679831,-0.7404170792922418,-0.381671070179885,0.2115693461032925,-0.592904160298549,-0.18444596510248507,-0.18924339573458726,0.9988377829585797,0.9946214866274536,--,0.9999996832811086,0.9999826642010201,0.7960143311407929,0.4972169174521191,0.16789617889186687,0.5263396283124254,0.9999996832811086,0.9999826511472338,0.7960143311407929
transformed_human-activity-recognition.csv_predicted_cvis,0.899957880853794,0.8714788732394368,0.8502735252580738,0.8368567744195594,0.8327464788732395,0.9338541407119267,-0.9158081516498334,-0.02460460741816713,-0.4508771133439849,0.9624037566299178,-0.24183668183413257,0.8910500731232942,-0.927440815380634,0.20386674717909908,-0.8277844468862751,0.8355047190653799,0.8322325773801988,0.9211136690666641,0.9692137889838444,0.9771126760563382,0.8964539764381898,-0.9159894110465872,0.19683685934533704,-0.4511225674898225,-0.9159894110465872,0.19683685934533704,-0.48749707770804734,0.915978885432239,-0.4463978774438894,-0.20522948289796003,-0.9046122197010705,-0.19683685934533704,-0.45135296589145474,-0.021887153817634876,-0.9261877220981484,0.34028050440143903,-0.9159894110465872,0.19683685934533704,-0.45112253714629535,-0.9159894110465872,0.19683685934533704,-0.45092792982739044,0.05828661488298643,0.19683685934533704,-0.7626565692002032,-0.8108720882674697,0.19542253521126762,-0.45112197132875975,0.625330699816173,--,-0.7184408619315856,0.9677601636186098,-0.06338028169014086,0.8965569159615816,0.9140711682553676,-0.34446450385433985,0.5370893104578138,0.9677601636186098,-0.06338028169014086,0.8965569159615816
transformed_g2-2-10_moderate_knock-out.csv_predicted_cvis,--,--,--,--,--,--,--,--,--,--,--,--,--,--,--,--,--,--,--,--,--,--,--,--,--,--,--,--,--,--,--,--,--,--,--,--,--,--,--,--,--,--,--,--,--,--,--,--,--,--,--,--,--,--,--,--,--,--,--,--
transformed_g2-8-70_moderate_knock-out.csv_predicted_cvis,0.9856188076307768,0.9521096120972715,0.965341382504013,0.9996212577468873,0.9894649053823439,0.9997188755144419,-0.6557251698358582,0.6132999557182852,-0.06302008336718648,0.9947627612001543,0.7833372916279872,0.8841030857270201,-0.7366277641486367,-0.00704628283119297,-0.4946702884239845,0.9989815466569751,0.9833578623088893,0.9984853258447375,0.9702683256421047,0.9881277149351387,0.9911857792002297,-0.6576797795727097,0.6786781623800056,-0.06420470174554294,-0.6576797795727097,0.6787129523042141,-0.06420470174554294,0.6576797795727097,-0.6796084539896895,0.06420470174554294,-0.6419209847601535,-0.14592733754566775,-0.06420470174554294,-0.6534516905334254,-0.8299625673459844,-0.04701220510292874,-0.6576797795727097,0.6787129523042141,-0.06420483089445309,-0.6576797795727097,0.6787129523042141,-0.06420470174554294,0.5898644626975069,-0.7649691798459193,-0.010086788180582807,-0.6576797795727097,0.6780702100680916,-0.06420483089445309,-0.0018581914830480036,0.9819393052775769,-0.6374525970292844,0.9876712194279305,0.9386430192829867,0.9600705967413387,0.6203955455681883,-0.2608924170893789,0.39103164589978534,0.9876712194279305,0.9386430192829867,0.9600705967413387
transformed_g2-8-50_moderate_gaussian-noise.csv_predicted_cvis,0.9794903140806177,0.9920902434384615,0.9945822558837603,0.9999758796227488,0.9999866823331395,0.9999968334737745,0.24557649457164507,0.42375694322995117,0.39947442018734164,0.9806925019906867,0.9915459776825789,0.9942842114796007,0.23390122838534919,0.42781580208222036,0.40116746600060116,0.9999497654993119,0.9999712797073281,0.9999932629872959,0.9764437184703321,0.9921632294820514,0.9946278642876847,0.24519864597861565,0.42345267407211556,0.3992703584020315,0.24519864597861565,0.42345267407211556,0.3992703584020315,-0.25726134897213443,-0.4354177108710476,-0.4114414766373528,0.24519864597861565,0.42345267407211556,0.3992703584020315,0.2710510769374062,0.42330486460710426,0.39873993324557816,0.24519864597861565,0.42345267407211556,0.3992703584020315,0.24519864597861565,0.42345267407211556,0.3992703584020315,-0.5604810408584707,-0.7467726038111931,-0.7284999742948282,0.24413878354121044,0.4207470808294394,0.3983684949397329,-0.6950147953998346,0.9985926802860743,0.9982838245816303,0.9786590405465482,0.9919076388562728,0.9944489750965207,-0.25892881237419596,-0.4547743673362781,-0.4285560906303378,0.9786590405465482,0.9919076388562728,0.9944489750965207
transformed_s1_mild_knock-out.csv_predicted_cvis,--,--,--,--,--,--,--,--,--,--,--,--,--,--,--,--,--,--,--,--,--,--,--,--,--,--,--,--,--,--,--,--,--,--,--,--,--,--,--,--,--,--,--,--,--,--,--,--,--,--,--,--,--,--,--,--,--,--,--,--
transformed_g2-8-70_mild_knock-out.csv_predicted_cvis,0.9987322981378725,0.833448709361592,0.9705403073602988,0.999842391843552,0.9855085973877629,0.9999382163907515,-0.7005071770752086,0.2002925538769096,-0.06941516631469834,0.9987321563018637,0.6352379691332818,0.9663329509968971,-0.39197241066614874,-0.5275561423896308,-0.3996465303201222,0.9994022321491982,0.9791197945771282,0.9998067630985821,0.9993934525088194,0.9167850268264889,0.9687987072582811,-0.7020340753776808,0.30622187432705034,-0.07020530895254157,-0.6808676883153452,0.3517775179833632,-0.010976140830928616,-0.14540072040321605,-0.31662933757628287,0.2434815167496476,-0.7020342171483352,0.1702372903160183,-0.07020530895254157,-0.6524239867274496,-0.3936030681785133,-0.07020530895254157,-0.6665470375523166,0.30622918640194396,0.03613036162020254,-0.672927227376567,0.30622918640194396,-0.0008957331636740614,-0.4115637257576327,-0.43380100151680956,-0.47280162572923895,-0.7020341320859427,0.28898955277135013,-0.07020545072285014,-0.14679148155470478,0.9414121163759512,-0.6363123433312596,0.999104504191899,0.8224456353464031,0.9676302650691436,0.0757603380070862,-0.3975147731742443,0.16012630282471083,0.999104504191899,0.8224456353464031,0.9676302650691436
transformed_g2-8-50_moderate_knock-out.csv_predicted_cvis,1.0,--,--,1.0,--,--,-0.6663144148625767,--,--,1.0,--,--,-0.6610385881742535,--,--,1.0,--,--,1.0,--,--,-0.6668464854392198,--,--,-0.6668464854392198,--,--,0.5867668122526853,--,--,-0.6668464854392198,--,--,-0.6668470487749282,--,--,-0.6668464854392198,--,--,-0.6668464854392198,--,--,0.06950792750295316,--,--,-0.6668464854392198,--,--,--,--,--,1.0,--,--,0.5547424916765649,--,--,1.0,--,--
transformed_seeds_mild_knock-out.csv_predicted_cvis,0.9521861448352783,--,0.8967821302796398,0.8913016873679581,--,0.906914632620768,-0.27289056669774486,--,-0.4800013807173393,0.8128915564727242,--,0.8492094750571445,-0.5541264106645339,--,-0.22037729265941236,0.8650771062366295,--,0.9036577568682626,0.8817528218392472,--,0.7984912902617167,-0.29500555146071195,--,-0.49936053705849176,-0.29500555146071195,--,-0.7679410164121817,0.20729668736305756,--,0.8145031251982295,-0.21369473326932475,--,-0.48784517682108214,-0.29500555146071195,--,-0.5011685042455246,-0.29500555146071195,--,-0.5021420250385423,-0.2950611866425056,--,-0.805574548782267,-0.39556614255269434,--,-0.49682938299664564,-0.29500555146071195,--,-0.5011685042455246,-0.8442867496375289,--,0.6988909880962804,0.845756661114398,--,0.8231266324922072,0.2999570826403448,--,-0.30129077799908555,0.8455096372788743,--,0.8231266324922072
transformed_g2-4-30_severe_knock-out.csv_predicted_cvis,--,--,0.9234502206974848,--,--,0.9999999999999999,--,--,-0.593067027888516,--,--,0.9234502206974848,--,--,-0.490868126726386,--,--,0.9999898194306346,--,--,0.9234502206974848,--,--,-0.5935352892821385,--,--,-0.5935352892821385,--,--,-0.5964511877419896,--,--,-0.5935352892821385,--,--,-0.5935352892821385,--,--,0.46279357280801287,--,--,-0.5935352892821385,--,--,-0.5935352892821385,--,--,0.3729773568539503,--,--,--,--,--,0.9234502206974848,--,--,0.25635982174612454,--,--,0.9234502206974848
transformed_g2-4-90_mild_knock-out.csv_predicted_cvis,0.9905879633912739,--,0.9968112557812541,0.9973525950243662,--,0.9989008747612869,0.44201941528804795,--,0.33671006102558015,0.9811617421007699,--,0.9953002490687388,-0.8779461107271295,--,-0.8022841924307823,0.993729253053385,--,0.9970718240212402,0.9859640702584166,--,0.9970432561741761,0.43977534656337713,--,0.3357657938599129,0.21318720902772806,--,0.32901971660503243,0.16568585078502612,--,0.09837068568376142,0.43977534656337713,--,0.33680729917449076,0.44284008562639043,--,0.33463799004244,0.0416340060261042,--,0.306588964386872,0.15315309213152525,--,0.3355560984172461,0.048999463505152496,--,-0.12788355500863366,-0.8297416972962774,--,-0.9002582450938487,0.9770347735611259,--,-0.012316793745946727,0.9836401354430229,--,0.9963850053647442,0.7893219897581597,--,0.6719365530097657,0.9836401354430229,--,0.9963850053647442
transformed_g2-4-10_moderate_gaussian-noise.csv_predicted_cvis,--,--,0.9999981669051798,--,--,0.9999952339530674,--,--,0.24778622246567628,--,--,0.9999648176660897,--,--,-0.9874578512397706,--,--,0.9999896037324945,--,--,0.9999647129177931,--,--,-0.6597574459126301,--,--,-0.9485639971531269,--,--,0.9359861944986217,--,--,0.819267885126357,--,--,-0.5120494896826493,--,--,-0.9485639971531269,--,--,-0.9485639971531269,--,--,0.07129159178614747,--,--,-0.9730385529825513,--,--,0.9995140916820429,--,--,0.9999991489201452,--,--,0.9784580733866765,--,--,0.9999991489201452
transformed_g2-4-90_mild_gaussian-noise.csv_predicted_cvis,0.9921773541233115,--,0.9906942166454362,0.9941028780102225,--,0.9874809416273911,0.15541410774649544,--,-0.18145443357824637,0.9971455896624902,--,0.996417857073294,-0.12552548995561236,--,-0.1463460548919867,0.9785641484619421,--,0.9703110097870705,0.99613394859216,--,0.9983110373707309,0.1536657110490069,--,-0.18353865054112015,0.15368592432985745,--,-0.18353865054112015,-0.15381053816437945,--,0.18353221664717875,0.1536657110490069,--,-0.18353917150419236,0.46049135830903715,--,-0.1841987107535733,0.15367618236202485,--,-0.18353865054112015,0.15369313963758377,--,-0.18353865054112015,-0.19675250721752596,--,0.13947155643225662,-0.15750576759718987,--,0.055690510322826355,0.9216346981752042,--,-0.5902118439591226,0.9969323863776816,--,0.9976437876940778,0.40323776126067995,--,0.07412494419555897,0.9969323863776816,--,0.9976437876940778
transformed_g2-4-70_moderate_gaussian-noise.csv_predicted_cvis,0.9630720755826174,0.9888425348220511,0.9943990865012625,0.9951344491164046,0.9930606014208697,0.9994197149166371,0.21900344730863783,0.5574283139193905,0.4332342794624165,0.9762806510137538,0.9702456003053539,0.9952229076893248,-0.5258815538083401,-0.5291628640567642,-0.40383076927783124,0.973326197212952,0.9902517088369552,0.9977933798327576,0.983623636835852,0.9881290913193581,0.995545825173386,0.21654352376054173,0.5562835799618787,0.43206264222633967,0.21653323478998432,0.5051808348184146,0.42131871835233187,-0.22139179087928662,-0.12448176251779912,-0.2591373996724557,0.1808213640984903,0.5560118466320778,0.43206264222633967,-0.7200294270049912,0.5511888144606232,0.33047703127366324,0.21654024170917402,0.5026565697183043,0.35422157007514155,0.2165433153763279,0.5202629463043598,0.4094101120475391,-0.3107381635804575,-0.5133399458319827,-0.43182886178628216,0.1994598837262074,0.24821668807855202,-0.22754066311857798,-0.8600066964837989,0.9340886569201676,0.994266924581982,0.9803363664439456,0.9718599809394085,0.9954946407855357,0.5413368639388363,0.633342771010255,0.4817379771992028,0.9803363664439456,0.9718599809394085,0.9954946407855357
transformed_g2-4-10_mild_knock-out.csv_predicted_cvis,--,--,0.9955058684603648,--,--,0.9959213850475206,--,--,0.09194836740873852,--,--,0.9982290167632311,--,--,-0.9539440937208377,--,--,0.9859375369386463,--,--,0.9938680477631147,--,--,0.04329969193833282,--,--,0.008068354123873958,--,--,-0.04507730155676279,--,--,-0.09301511456564109,--,--,0.04089060450691776,--,--,-0.016098248780389145,--,--,-0.003988051208490847,--,--,0.044317776674118944,--,--,0.009638931537398572,--,--,--,--,--,0.9996269818286903,--,--,0.9267722107872529,--,--,0.9996270101592056
transformed_g2-2-30_severe_knock-out.csv_predicted_cvis,0.9868573453555147,0.9830128796317843,0.8514273613314781,0.9643042099853473,0.9889036081796791,0.7208856529865345,-0.45379613690487997,-0.07599170819930613,-0.060831378073161205,0.8611790255760011,0.9761226704830204,0.7909810335722316,0.4296536290116173,-0.2515137902724059,-0.6536599753803806,0.9960660696247257,0.9981583983845521,0.9834400645556597,0.9064547422349742,0.9917962869454238,0.7789139447510426,-0.4952320872485996,-0.07328811490884893,-0.2870904336522705,-0.16187610836352948,-0.5874534629734715,-0.2870904336522705,-0.4952320872485996,-0.07328811490884893,-0.11452895465044614,-0.4952320872485996,-0.07328811490884893,-0.2792156926723387,-0.4952320872485996,-0.07328811490884893,-0.2870904336522705,-0.07548074881330798,-0.7418532853064704,-0.029715821586009286,-0.4952324990119352,-0.07328811490884893,-0.2870904336522705,-0.4952320872485996,-0.07328811490884893,-0.2870904336522705,-0.5140628481125423,-0.1723091220966608,-0.2873746521239814,0.9422099809528782,0.9608797433170405,0.6559374706797609,0.9878655892234054,0.9844135268026606,0.8593704872471613,0.39511142043261666,0.6596475504041093,0.43513314082501287,0.9878655892234054,0.9844135268026606,0.8593705754848625
transformed_g2-2-70_moderate_knock-out.csv_predicted_cvis,--,--,--,--,--,--,--,--,--,--,--,--,--,--,--,--,--,--,--,--,--,--,--,--,--,--,--,--,--,--,--,--,--,--,--,--,--,--,--,--,--,--,--,--,--,--,--,--,--,--,--,--,--,--,--,--,--,--,--,--
transformed_iris_severe_gaussian-noise.csv_predicted_cvis,0.5044289024373393,0.14792404701088907,0.5136695127515639,0.6166419232218653,0.053840677980360865,0.5666426952889567,-0.1611075832178707,-0.12256563895187952,-0.48000355447741677,0.5195733532908049,0.5222362007514866,0.7323251055689041,-0.40949196037926167,-0.4889762597465539,-0.5955224088928033,0.7822768042239496,0.07222295496999824,0.576018493335563,0.45757161343871733,0.39673045651740313,0.8066039111321541,-0.37567322136286496,-0.4435883844525295,-0.5270547732702006,-0.4241603291092651,-0.46729298329029934,-0.5251889490766937,0.4588754684369398,0.5549448720160063,0.5380063500581762,-0.3196074564392964,0.37964109456459233,-0.6615563607847447,0.33639458954141144,0.5505347140927002,-0.5185368802128864,-0.4241603291092651,-0.514702180965839,-0.5251889490766937,-0.4241603291092651,-0.46729298329029934,-0.5238909844203411,-0.25017717778394694,-0.476297055717049,-0.6307297001963691,-0.40906931448218414,-0.4717031412136053,-0.2209063102319847,0.7185937896434892,-0.07892421313985161,-0.17098743963142304,0.6750709253297121,0.5422656679865014,0.7537929741768054,0.6118339579159198,0.1407575403855168,0.14610214663069593,0.6750709253297121,0.5422656679865014,0.7537929741768054
transformed_g2-2-70_severe_gaussian-noise.csv_predicted_cvis,0.9609905285842407,0.9999010439651796,0.9904790713760431,0.9971899612896327,0.9999246173298927,0.9915335936058333,-0.8059697321264119,-0.9733560964032029,-0.9010647082561594,0.9433220248516117,0.9998911457567918,0.9691905847756661,-0.6919114438428223,-0.6589549237888506,-0.8645648609160773,0.9954969415394823,0.9996548651034078,0.9843922036095828,0.9585384422986247,0.9998740322754476,0.9724415941862453,-0.8075773117251828,-0.9740738977249067,-0.9022941940719961,-0.8671964625858993,-0.9763440482707012,-0.7271826039916988,0.08206090058623122,0.002725180893395634,0.5295160014148905,-0.6259459534033167,-0.9598897091294646,-0.9025799132286646,-0.8076125026001251,-0.9280084632719031,-0.890119677102782,-0.9307747301417354,-0.9223955366903681,-0.26609757787305477,-0.8837985327685264,-0.9744724041813697,-0.4849580351151342,-0.16343134630784678,-0.2817639392487234,0.0631427093735549,-0.5422961496486134,-0.7343140601833353,-0.13693238405038627,-0.26983004178677655,0.9823192546944063,-0.9130093327165715,0.9509113617551757,0.9998848942567574,0.9697146680496357,0.5502774452951329,0.4618167830967765,0.7392684539895118,0.9509113617551757,0.9998848942567574,0.9697146680496357
transformed_g2-2-10_severe_knock-out.csv_predicted_cvis,--,--,--,--,--,--,--,--,--,--,--,--,--,--,--,--,--,--,--,--,--,--,--,--,--,--,--,--,--,--,--,--,--,--,--,--,--,--,--,--,--,--,--,--,--,--,--,--,--,--,--,--,--,--,--,--,--,--,--,--
transformed_human-activity-recognition_severe_gaussian-noise.csv_predicted_cvis,--,--,--,--,--,--,--,--,--,--,--,--,--,--,--,--,--,--,--,--,--,--,--,--,--,--,--,--,--,--,--,--,--,--,--,--,--,--,--,--,--,--,--,--,--,--,--,--,--,--,--,--,--,--,--,--,--,--,--,--
transformed_g2-8-90_moderate_gaussian-noise.csv_predicted_cvis,--,0.4749866865945556,0.9981662189288035,--,0.9629596308145325,0.9999773430352086,--,0.49500015985735507,-0.9617186588439117,--,0.84691814048951,0.9978793262389032,--,0.4022748815428504,-0.8956050079938269,--,0.24456564568406128,0.9999359377232875,--,0.46723819416678036,0.9983354882215912,--,0.465474862236935,-0.9627294495167358,--,0.465474862236935,-0.9627908556102417,--,-0.029785340929259347,0.021914576429353384,--,0.465474862236935,-0.9627294495167358,--,0.465474862236935,-0.7793351621787579,--,-0.08064081241873483,-0.9626460028822428,--,0.465474862236935,-0.9627817632357686,--,0.1415696942327294,0.5620410638546116,--,-0.38729847493489955,-0.6346524537667022,--,--,-0.4655223194641022,--,0.4982385261474483,0.9981273672484545,--,0.44075105378094925,0.5673050797269793,--,0.4982385261474483,0.9981273672484545
transformed_g2-8-70_mild_gaussian-noise.csv_predicted_cvis,0.9996933597982814,0.9143787423911104,0.9836241254832034,0.9999006871339898,0.9811119349541331,0.999764509177871,-0.0379395883951134,0.4936496536385833,-0.2201336236028945,0.9997131337927277,0.7670776400742326,0.9810901826543829,-0.5755773215334196,0.2984852561516013,-0.6557079559812198,0.9996688442135991,0.9801457079783502,0.9992408749022395,0.9997574494245497,0.9830534664360131,0.9801706768021446,-0.03890631394583312,0.37203467320887945,-0.22075554917848164,-0.038863878054641456,0.36907946932448965,-0.22097715933478224,-0.39659989961548636,-0.2008769442334276,-0.05533553762668743,-0.03891553574170902,-0.25947204293538745,-0.22075554917848164,-0.06041010916354436,-0.17223804598970613,-0.22516579187640307,-0.03864536838287005,0.3321730227599826,-0.2218728999277521,-0.038861038575120355,0.37158375533662796,-0.22098320301131472,-0.32565628528863905,-0.19308993042291261,-0.02871663324535615,-0.05406361193115165,0.2986813459062261,-0.26326567579402865,-0.64134535596306,0.9378651045804715,-0.3231230543848854,0.9997583352161323,0.9084382321947861,0.9806645067287377,0.588482365202809,0.054301363438597976,0.6019993656569416,0.9997583352161323,0.9084382321947861,0.9806645195031884
transformed_g2-2-90_severe_gaussian-noise.csv_predicted_cvis,--,--,--,--,--,--,--,--,--,--,--,--,--,--,--,--,--,--,--,--,--,--,--,--,--,--,--,--,--,--,--,--,--,--,--,--,--,--,--,--,--,--,--,--,--,--,--,--,--,--,--,--,--,--,--,--,--,--,--,--
transformed_s4_moderate_knock-out.csv_predicted_cvis,0.7733484662862944,0.3024289929519694,--,0.6693105560235643,0.22295860064342274,--,-0.5314528431536669,-0.08599826535162934,--,-0.014766582191074943,-0.5625695586936931,--,0.19366082168973325,0.42778624303118185,--,0.5624583054534547,0.1817223673433751,--,0.776129175416399,0.9261351653252391,--,0.10599339089924019,0.7938301417073478,--,0.3145130991636333,0.546860764287284,--,-0.2625069961523238,-0.30650663804811484,--,-0.31352250672532267,-0.5424505968333544,--,0.3293719857382931,-0.019845753542683694,--,0.3145130991636333,0.546860764287284,--,0.3145130991636333,0.546860764287284,--,0.11738520393981275,0.3969150708536739,--,0.31284119879049227,0.21611608843636393,--,0.01523618210218287,--,--,0.7543361417735647,0.4233760755772522,--,-0.32788609708082717,-0.577731936464792,--,0.7543361417735647,0.4233760755772522,--
transformed_iris.csv_predicted_cvis,0.6892500736825684,0.3378275322071122,0.936608377842095,0.8940372644977306,0.3958170462559639,0.9623055265157964,-0.3866940378070773,-0.1310029457810622,-0.09687095477941005,0.7558121925260856,0.5372103650143023,0.6568580306088365,-0.31991913367043756,-0.06936276014559993,-0.09476330220680362,0.8748080393696824,0.3984704515954646,0.96303509856016,0.8552889233942532,0.5707684615219912,0.9837873700442847,-0.30263717184649563,-0.09084555832834645,-0.05601492029503962,-0.30263717184649563,-0.09084555832834645,-0.05601492029503962,0.49679555046007845,0.11864682656484198,0.15969521415517804,-0.32389479624965434,0.10348249843584441,-0.05504215756922127,-0.2721300467488328,0.4720599182378682,-0.05601492029503962,-0.30263717184649563,-0.09168802100217965,-0.05601492029503962,-0.30263717184649563,-0.09084555832834645,-0.05601492029503962,-0.3023126279624779,-0.09084555832834645,-0.05601492029503962,-0.3062071545706902,-0.09898936417540069,-0.06395914922255609,0.7967682018760637,0.20169607409740603,-0.46011825617338287,0.9650703400864479,0.7572335333304057,0.9044261443296049,0.16064922258875639,0.2770298092454831,0.34095333539932937,0.9650703400864479,0.7572335333304057,0.9044261443296049
transformed_g2-4-30.csv_predicted_cvis,--,--,1.0,--,--,1.0,--,--,-0.5863925938489644,--,--,1.0,--,--,-0.15181666830316387,--,--,1.0,--,--,1.0,--,--,-0.5867473624168026,--,--,-0.5867473624168026,--,--,-0.5875542783783155,--,--,-0.5867657473983743,--,--,-0.5867473624168026,--,--,-0.3799789518267726,--,--,-0.5867473624168026,--,--,-0.5867473624168026,--,--,-0.5867473624168026,--,--,0.9999930159230488,--,--,1.0,--,--,0.23707952738434276,--,--,1.0
transformed_g2-2-30_severe_gaussian-noise.csv_predicted_cvis,0.9999852381479201,0.999925383192374,0.995566435800137,0.9999995868884682,0.9999915148842003,0.9999864397890081,-0.640399972992396,-0.6110417347983403,-0.5185178045833988,0.9999878545209566,0.9998905550472839,0.9958649949435511,-0.9476374041719006,-0.9358587897035042,-0.9893984367281536,0.9999990360730922,0.9999817504733266,0.999957782278462,0.9999852932294575,0.9998532727492739,0.9945975775117933,-0.9670035438005045,-0.9588118187568551,-0.9686597491555157,-0.9670035438005045,-0.9588118187568551,-0.9686597491555157,0.9669727691197992,0.9579658249493792,0.9683651750719776,-0.9487625682813394,-0.9250986747601361,-0.9367495973602957,-0.9670035438005045,-0.953659995242294,-0.055007542091058556,-0.9670035438005045,-0.9588118187568551,-0.9686597491555157,-0.9670035438005045,-0.9588118187568551,-0.9686597491555157,0.36823480356064164,0.27189311555197127,0.5382721385219148,-0.9675438282732507,-0.9573213613087965,-0.9686597491555157,0.9998812158482371,0.9988528619626871,0.9968053599557762,0.999985513555608,0.9999267538601732,0.9953175323048337,0.9210940679684192,0.9168674922009044,0.9825161410082798,0.999985513555608,0.999926740807117,0.9953175323048337
transformed_seeds_moderate_knock-out.csv_predicted_cvis,0.9080113372742665,--,0.9485536348921707,0.9439093545019017,--,0.9683529250358409,-0.6316578678233619,--,-0.7544327082230902,0.9044858200783751,--,0.9582040898134562,-0.7677086482737369,--,0.20333770694049313,0.9346628955190261,--,0.9542170474046623,0.8946402323725589,--,0.968171695835441,-0.6665310705353422,--,-0.8143924240336053,-0.6665310705353422,--,-0.5366938006574129,0.4908063607658832,--,0.7597312631700919,-0.6591488211300788,--,-0.7423864209076847,-0.6673462882610767,--,-0.7809254829580987,-0.6666216502826461,--,-0.8143924240336053,-0.669565492070021,--,-0.46129128795008084,-0.6628173008958845,--,-0.4793154321287705,-0.6516307021038596,--,-0.5848336631246167,-0.7001230253172996,--,-0.4005344733397659,0.9000454027670997,--,0.9671749352332426,-0.3915309577208693,--,-0.47809268867946236,0.9000454027670997,--,0.9671749352332426
transformed_s1.csv_predicted_cvis,--,--,--,--,--,--,--,--,--,--,--,--,--,--,--,--,--,--,--,--,--,--,--,--,--,--,--,--,--,--,--,--,--,--,--,--,--,--,--,--,--,--,--,--,--,--,--,--,--,--,--,--,--,--,--,--,--,--,--,--
transformed_g2-4-30_mild_knock-out.csv_predicted_cvis,--,--,0.9999999999999999,--,--,0.9999999999999999,--,--,-0.5926047320184861,--,--,0.9999999999999999,--,--,-0.001404243143882989,--,--,0.9999999999999999,--,--,0.9999999999999999,--,--,-0.5929451517452253,--,--,-0.5929451517452253,--,--,-0.5930931848878075,--,--,-0.5929451517452253,--,--,-0.5929451517452253,--,--,-0.06800192443998651,--,--,-0.377542898157092,--,--,-0.5929451517452253,--,--,-0.5929451517452253,--,--,0.9999926078194994,--,--,0.9999999999999999,--,--,0.1671771614887172,--,--,0.9999999999999999
transformed_wine_mild_knock-out.csv_predicted_cvis,0.9372768261217592,0.2862634406521433,1.0,0.9999999999999999,0.3433912068380108,1.0,-0.725884901544341,-0.5476866330973115,-0.38432089326914753,0.9372768261217592,0.20622225370352856,1.0,-0.7579955543952798,-0.3854802927747811,-0.35580747826621134,0.9999999999999999,0.2833325796451308,1.0,0.9999999999999999,0.8862251028581375,1.0,-0.7339413377435013,-0.3509826173151908,-0.40695410984735364,-0.7339413377435013,-0.35127089872571665,-0.40695410984735364,0.692853513127784,0.1926680760347591,0.389979197413699,-0.7339413377435013,-0.7601019857530895,-0.40695410984735364,-0.7339413377435013,-0.5152549744131563,-0.40695410984735364,-0.7339413377435013,-0.3509826173151908,-0.40695410984735364,-0.7339413377435013,-0.3509826173151908,-0.40695410984735364,0.26033798117857926,-0.5252487299780515,0.225666482941526,-0.7339413377435013,-0.3509826173151908,-0.40695410984735364,-0.9995974013927779,0.33477337582378724,0.8746077044553487,0.9372768261217592,0.5990007241709082,1.0,0.44011160036555574,-0.16441649780322834,0.1464502249178045,0.9764855735577276,0.5990007241709082,1.0
transformed_g2-8-30_severe_knock-out.csv_predicted_cvis,--,--,--,--,--,--,--,--,--,--,--,--,--,--,--,--,--,--,--,--,--,--,--,--,--,--,--,--,--,--,--,--,--,--,--,--,--,--,--,--,--,--,--,--,--,--,--,--,--,--,--,--,--,--,--,--,--,--,--,--
transformed_s1_severe_gaussian-noise.csv_predicted_cvis,--,--,--,--,--,--,--,--,--,--,--,--,--,--,--,--,--,--,--,--,--,--,--,--,--,--,--,--,--,--,--,--,--,--,--,--,--,--,--,--,--,--,--,--,--,--,--,--,--,--,--,--,--,--,--,--,--,--,--,--
transformed_g2-2-30_moderate_gaussian-noise.csv_predicted_cvis,0.999993307592815,0.9995418558713979,0.9714727315361094,0.9999994216438266,0.9999905227771972,0.9963765995508965,-0.9537190050078904,-0.9345708710708827,0.8063983368471827,0.9999926466143272,0.9990986193936747,0.9993932327393524,-0.9392837237386236,-0.9169942723638593,0.2758202991428367,0.9999980446053105,0.9999582271145568,0.7770915853580892,0.9999941338159246,0.9997206699177225,0.9051102328870169,-0.959963105036878,-0.9415719590507242,0.7998317192217718,-0.959963105036878,-0.9415719590507242,0.795482023566782,0.9599300805082447,0.9406956625856459,-0.09344192346640263,-0.9403421156879112,-0.8626287645659874,0.6892806263355471,-0.950985709673727,-0.6965137997551352,0.7998317192217718,-0.959963105036878,-0.9415719590507242,-0.6017949758003885,-0.959963105036878,-0.9415719590507242,0.38407766074488897,0.11505868981690365,0.02271316730882843,0.8026193449151874,-0.960503389539384,-0.9397446789475183,-0.7993459266168554,0.999659868956822,0.997898858464219,--,0.999993307592815,0.9995623898271278,0.9614389362270616,0.9113154834589102,0.8970445043799405,0.8282099197603808,0.999993307592815,0.999562376778828,0.9614389362270616
transformed_g2-4-90_severe_knock-out.csv_predicted_cvis,-0.44367047494103407,--,-0.5731102892971817,-0.41797489114198416,--,-0.5907372849159245,-0.6816246654631993,--,-0.6822544314587738,-0.45412660009450273,--,-0.5728500723721028,0.3439293567558264,--,0.40618267345643855,-0.04965501396679451,--,-0.038058246656594734,-0.032947625204356,--,0.010320778252948854,-0.6789617836266937,--,-0.6799777303223847,-0.8453326583759231,--,-0.833659543409884,-0.677523070217397,--,-0.6791835492857466,-0.5291992145496981,--,-0.6789205924103462,-0.6789617836266937,--,-0.7254454644785141,0.533298172719338,--,0.2987620430913015,-0.34632401027407606,--,-0.2289026782129563,-0.6789617836266937,--,-0.6799777303223847,0.6576065524991459,--,0.574858521969806,-0.532497448071518,--,-0.0834152126411311,-0.40404720434956,--,-0.4708893533611129,-0.7505438975231603,--,-0.741214819828091,-0.40404720434956,--,-0.4708893533611129
transformed_g2-2-10_moderate_gaussian-noise.csv_predicted_cvis,1.0,1.0,1.0,1.0,1.0,1.0,0.19557599466848308,0.19557599466848308,0.19557599466848308,1.0,1.0,1.0,-0.8618331915307907,-0.8618331915307907,-0.8618331915307907,1.0,1.0,1.0,1.0,1.0,1.0,-0.582610676579309,-0.582610676579309,-0.582610676579309,-0.8618291532909307,-0.8618291532909307,-0.8618291532909307,0.8555017581569635,0.8555017581569635,0.8555017581569635,0.45386099677272007,0.45386099677272007,0.45386099677272007,-0.8608716222423447,-0.8608716222423447,-0.8608716222423447,-0.8618291532909307,-0.8618291532909307,-0.8618291532909307,-0.8618291532909307,-0.8618291532909307,-0.8618291532909307,-0.07923155361151236,-0.07923155361151236,-0.07923155361151236,-0.8618291532909307,-0.8618291532909307,-0.8618291532909307,-0.9427791666849533,0.9999947236785094,0.9999947236785094,1.0,1.0,1.0,0.8573729848678273,0.8573729848678273,0.8573729848678273,1.0,1.0,1.0
transformed_fashion-mnist_moderate_knock-out.csv_predicted_cvis,-0.6000000000000001,--,--,-0.6000000000000001,--,--,-0.7999999999999999,--,--,-0.7378647873726218,--,--,1.0,--,--,-0.8944271909999159,--,--,1.0,--,--,1.0,--,--,1.0,--,--,1.0,--,--,-1.0,--,--,-0.39999999999999997,--,--,1.0,--,--,1.0,--,--,1.0,--,--,1.0,--,--,-0.9486832980505139,--,--,0.7999999999999999,--,--,-1.0,--,--,0.7999999999999999,--,--
transformed_s4.csv_predicted_cvis,--,--,--,--,--,--,--,--,--,--,--,--,--,--,--,--,--,--,--,--,--,--,--,--,--,--,--,--,--,--,--,--,--,--,--,--,--,--,--,--,--,--,--,--,--,--,--,--,--,--,--,--,--,--,--,--,--,--,--,--
transformed_s3_mild_knock-out.csv_predicted_cvis,--,--,--,--,--,--,--,--,--,--,--,--,--,--,--,--,--,--,--,--,--,--,--,--,--,--,--,--,--,--,--,--,--,--,--,--,--,--,--,--,--,--,--,--,--,--,--,--,--,--,--,--,--,--,--,--,--,--,--,--
transformed_iris_mild_knock-out.csv_predicted_cvis,0.7313865028996618,0.4238719576270271,0.9793944906697052,0.9055801174894249,0.4959454926603592,0.9820083003592427,-0.41883189413875016,-0.1895947131768544,-0.1417556121625843,0.7754144184991765,0.5906663380650992,0.7864082085921856,-0.34864878115338505,-0.1225709162668768,-0.10664343533313042,0.8943333826135093,0.49831697103505074,0.9807013955144739,0.8816429198038551,0.6179043194577385,0.9903724913657626,-0.3351352625040291,-0.150574009496388,-0.09618819657498037,-0.3351352625040291,-0.150574009496388,-0.09618819657498037,0.5358328104447873,0.18133150533863798,0.22173818866243208,-0.3555363164649923,0.10344312034507953,-0.12607275402535925,-0.28770717124435374,0.536343397647195,-0.09671095851288787,-0.3351352625040291,-0.151798188435383,-0.09618819657498037,-0.3351352625040291,-0.150574009496388,-0.09618819657498037,-0.3349608945214567,-0.150574009496388,-0.025266826998862596,-0.3378379662339002,-0.15899023970197879,-0.09958614917137915,0.8127553319869818,0.1733156489652484,--,0.9677423032764626,0.7996948918984996,0.9800915065869151,0.18666092534368528,0.29961779531903215,0.5083859846150457,0.9677423032764626,0.7996948918984996,0.9800915065869151
transformed_s2_severe_knock-out.csv_predicted_cvis,--,--,--,--,--,--,--,--,--,--,--,--,--,--,--,--,--,--,--,--,--,--,--,--,--,--,--,--,--,--,--,--,--,--,--,--,--,--,--,--,--,--,--,--,--,--,--,--,--,--,--,--,--,--,--,--,--,--,--,--
transformed_g2-2-50_moderate_knock-out.csv_predicted_cvis,0.9901959782843157,0.893322485070196,0.9743784655329971,0.9990912922062438,0.9556326878683855,0.9974745278456874,-0.5450454433239321,0.5124784447613187,-0.8361360881212725,0.9912438792343098,0.9754722717236346,0.9748820479941432,0.39054071501767595,-0.7493910563414328,0.6608052348605451,0.9942962497871417,0.8255048331573521,0.9928468728302029,0.9645900812734594,0.8960905709366985,0.9453167197447832,-0.5470470047487633,0.5028792811632621,-0.8375790004303186,0.6264471585565826,-0.5033156713265654,0.7695083294113403,-0.621939804882967,-0.03277057118200197,-0.7921986176297282,-0.5471123249732692,0.20940357226351536,-0.8213173044801647,-0.5442155150169189,0.11198393806183937,-0.7937821743548519,0.6245993449329105,-0.2586865508271744,0.7734426294285891,0.6151470824454368,-0.2378485171218826,0.772603152018996,-0.5528252627904835,0.5032620342572405,-0.8370287509364864,0.49145865460041493,-0.6362652489734261,0.7798694144257584,0.9882176475957987,0.875774050673904,-0.7192340832354789,0.9831042674572869,0.9106377057710611,0.9646870526113577,-0.47363100969034605,0.7891856308870128,-0.7285784806985758,0.9831042674572869,0.9106377057710611,0.9646870214786573
transformed_g2-8-50.csv_predicted_cvis,0.9906534060435124,0.9999944765960497,1.0,0.9999947797944588,0.9999871999375599,1.0,-0.160463919378275,-0.17852890605957797,0.05927750088413075,0.9911473482451302,0.9999602156617778,1.0,0.0016757122150987559,-0.04678244336965413,0.22619531624613037,0.9999922487855794,0.9999657654326604,1.0,0.9896688172247554,0.9999859212491734,1.0,-0.16082090271826022,-0.1789324928616094,0.059235258718633534,-0.16082090271826022,-0.1789324928616094,0.059235258718633534,0.015969730757259035,0.03545858002678798,-0.20691029657645707,-0.16082090271826022,-0.1789324928616094,0.059235258718633534,-0.19171925695873648,-0.1637360298688402,0.028093010305909098,-0.16082090271826022,-0.1789324928616094,0.059235258718633534,-0.16082090271826022,-0.1789324928616094,0.059235258718633534,-0.2526563052132061,-0.3297767313605545,-0.529680161220403,-0.8400548559186534,-0.40673558295083506,-0.6960763856645249,-0.7791612334014496,0.9993874559647443,-1.0,0.9903965086422547,0.999998101742893,1.0,-0.2500554153347326,-0.18252024634250727,-0.497092957539638,0.9903965086422547,0.999998101742893,1.0
transformed_g2-4-50_mild_gaussian-noise.csv_predicted_cvis,0.9751690892361363,0.9586448000235931,0.9837745403786675,0.9994637853881211,0.9565131090864359,0.9998332168079522,0.4235205070541444,-0.7398031178289923,-0.17583637396276378,0.9677034890846605,0.9200328745017505,0.9796613447921827,0.1478792585608606,-0.5907979306364765,-0.16934295060058308,0.9984935740343001,0.9394536282472571,0.9995410173190821,0.9733144473687313,0.9770715837334576,0.9839400601747164,0.42181030230733013,-0.7413521603386563,-0.1768727261964632,0.3768136885496467,-0.7413522645407656,-0.1858868936997798,-0.1710978394740972,0.7413521603386563,0.15738086438580412,0.42181030230733013,-0.7420349967623703,-0.1768727261964632,0.4181805389959579,0.6702239045793392,-0.1780756085251743,0.2853121080647077,-0.7384042566096806,-0.18338972373915152,0.3472176959426283,-0.731918613110766,-0.18702527915452735,0.10428424998811382,0.6302270189605083,0.0858739408479108,-0.5047337423076353,-0.7413349930411121,0.1411711276246334,0.9885544482429783,0.8413835427211066,-0.4738444613102187,0.9703281136984759,0.9618967690658414,0.9818120080534031,-0.0731062906391029,0.20182560121787038,0.21071016713972776,0.9703281136984759,0.9618967690658414,0.9818120080534031
transformed_fashion-mnist_moderate_gaussian-noise.csv_predicted_cvis,--,--,--,--,--,--,--,--,--,--,--,--,--,--,--,--,--,--,--,--,--,--,--,--,--,--,--,--,--,--,--,--,--,--,--,--,--,--,--,--,--,--,--,--,--,--,--,--,--,--,--,--,--,--,--,--,--,--,--,--
transformed_fashion-mnist_severe_knock-out.csv_predicted_cvis,-0.6000000000000001,--,--,-0.6000000000000001,--,--,-0.7999999999999999,--,--,-0.7378647873726218,--,--,1.0,--,--,-0.8944271909999159,--,--,1.0,--,--,1.0,--,--,1.0,--,--,1.0,--,--,-1.0,--,--,0.39999999999999997,--,--,1.0,--,--,1.0,--,--,1.0,--,--,1.0,--,--,-0.9486832980505139,--,--,0.39999999999999997,--,--,-1.0,--,--,0.39999999999999997,--,--
transformed_s2_mild_gaussian-noise.csv_predicted_cvis,1.0,--,1.0,1.0,--,1.0,0.7978634243562575,--,0.8355727485873495,-0.3569607807317661,--,-0.14301938838683884,-0.7680367542868648,--,-0.6789028582272216,0.9814798787003114,--,0.9534625892455922,1.0,--,1.0,-0.08202334269083021,--,-0.24370871833797697,-0.7531234192521683,--,-0.6092717958449424,0.5294233937317223,--,0.26111648393354675,0.7531234192521683,--,0.6092717958449424,0.7531234192521683,--,0.17407765595569785,-0.7531234192521683,--,-0.6092717958449424,-0.7531234192521683,--,-0.6092717958449424,-0.7531234192521683,--,0.6092717958449424,-0.9266055045871561,--,-0.6363636363636364,-0.13938419805740454,--,--,1.0,--,1.0,0.17150335289900862,--,0.39167472590032015,1.0,--,1.0
transformed_fashion-mnist_severe_gaussian-noise.csv_predicted_cvis,--,--,--,--,--,--,--,--,--,--,--,--,--,--,--,--,--,--,--,--,--,--,--,--,--,--,--,--,--,--,--,--,--,--,--,--,--,--,--,--,--,--,--,--,--,--,--,--,--,--,--,--,--,--,--,--,--,--,--,--
transformed_g2-2-50_severe_gaussian-noise.csv_predicted_cvis,0.9990149878383918,--,0.9980766407845391,0.9985098680894944,--,0.9983300862327963,-0.8969460561088487,--,-0.9364339182780258,0.9970059047345896,--,0.9958350160788721,-0.7592533162526117,--,-0.7803377865024781,0.996938245504435,--,0.996511660725263,0.9958145024813037,--,0.9946378314696884,-0.8989663266164564,--,-0.9391313018368149,-0.8272439625252903,--,-0.8923491035575946,0.5254651177291243,--,0.6365816863435464,-0.8989681499652901,--,-0.9391313539324851,-0.8986370298171118,--,-0.9154799197054497,-0.8282480286322624,--,-0.8943655185646245,-0.8313262321809544,--,-0.9008442663378838,-0.002403746815150323,--,-0.025866854693861262,-0.7832189705079126,--,-0.7973057369727473,0.9974509413327689,--,-0.9156370074636215,0.9964330345416139,--,0.9952589681766921,0.7632176673344242,--,0.8009764760317521,0.9964330345416139,--,0.9952589681766921
transformed_g2-2-90_mild_gaussian-noise.csv_predicted_cvis,--,--,--,--,--,--,--,--,--,--,--,--,--,--,--,--,--,--,--,--,--,--,--,--,--,--,--,--,--,--,--,--,--,--,--,--,--,--,--,--,--,--,--,--,--,--,--,--,--,--,--,--,--,--,--,--,--,--,--,--
transformed_g2-4-10_moderate_knock-out.csv_predicted_cvis,--,--,--,--,--,--,--,--,--,--,--,--,--,--,--,--,--,--,--,--,--,--,--,--,--,--,--,--,--,--,--,--,--,--,--,--,--,--,--,--,--,--,--,--,--,--,--,--,--,--,--,--,--,--,--,--,--,--,--,--
transformed_g2-4-30_moderate_gaussian-noise.csv_predicted_cvis,1.0,1.0,1.0,1.0,1.0,1.0,-0.7868110211366026,-0.7649295826187411,-0.808036417314344,1.0,1.0,1.0,-0.786553235160207,-0.7634539344168201,-0.807351732087958,1.0,1.0,1.0,1.0,1.0,1.0,-0.7877343148633262,-0.7650430442134231,-0.8083682924787885,-0.7877343148633262,-0.7650430442134231,-0.8083682924787885,0.4372048309749246,0.39138160854120807,0.47208674834256376,-0.7877343148633262,-0.7650430442134231,-0.8083682924787885,-0.7819891500182632,-0.7586941896879601,-0.8065936051445796,-0.7877343148633262,-0.7650430442134231,-0.8083682924787885,-0.7877343148633262,-0.7650430442134231,-0.8083682924787885,0.014794251164179258,-0.02626050109739056,0.05430003683465588,-0.7877343251226978,-0.7650430541772658,-0.8083683030068949,-0.9665139025344527,0.9999948359705817,-0.27217544204330096,1.0,1.0,1.0,0.763951438843936,0.7406869096532934,0.7856330862929011,1.0,1.0,1.0
transformed_s1_mild_gaussian-noise.csv_predicted_cvis,--,--,--,--,--,--,--,--,--,--,--,--,--,--,--,--,--,--,--,--,--,--,--,--,--,--,--,--,--,--,--,--,--,--,--,--,--,--,--,--,--,--,--,--,--,--,--,--,--,--,--,--,--,--,--,--,--,--,--,--
transformed_g2-2-90_mild_knock-out.csv_predicted_cvis,0.968683677850033,--,-0.07985458653298895,0.9786476684876512,--,0.0486208423745129,0.5597616392542283,--,-0.6407756194694302,0.9921459083223959,--,0.5592057761234226,0.5643715553882185,--,-0.5864216302586367,0.9644146932718785,--,0.20200679804517008,0.9946937941216282,--,0.5574544487610618,0.5584107212953161,--,-0.6380820127251587,0.5140925009536114,--,-0.6380820127251587,0.5590209385271656,--,-0.1187005705837517,0.5583839103946923,--,-0.6380820127251587,0.603905503717881,--,-0.6329618694979732,0.48755169322939523,--,-0.6380820127251587,0.5005365581657273,--,-0.6380820127251587,0.12933490602758427,--,-0.04033252575564119,0.38962742942113815,--,-0.6380817813703032,-0.6745383358856,--,0.6445854874273585,0.9935939803694033,--,0.5582054266329847,-0.4895148123134377,--,0.3126417310585018,0.9935939803694033,--,0.5582054266329847
transformed_g2-8-90_severe_gaussian-noise.csv_predicted_cvis,--,0.5778045384897923,0.998403406359988,--,0.9662242743735016,0.9999832971598857,--,0.5785794910916581,-0.9555231777525183,--,0.8655299191423375,0.998144212650721,--,0.4889155924041985,-0.9133280039392002,--,0.030650667097269255,0.9999536698101887,--,0.5956454240082415,0.9985154795623163,--,0.5555856638462148,-0.9583225881149996,--,0.5555856638462148,-0.958389048449239,--,-0.21076241055775832,0.4182440278518753,--,0.5555856638462148,-0.9582274698553728,--,0.5555856638462148,-0.9583027620411635,--,-0.14385673293417697,-0.9582807214912745,--,0.5555856638462148,-0.9583899602923195,--,-0.043481240823270546,0.6059494009772839,--,-0.436982720876368,-0.27989398514517316,--,--,-0.8790397891091641,--,0.611992854950971,0.998340816303724,--,0.6324398103174309,0.7027143449968472,--,0.611992854950971,0.998340816303724
transformed_human-activity-recognition_mild_knock-out.csv_predicted_cvis,0.9000541558608538,0.8714788732394368,--,0.7972599074170912,0.8327464788732395,--,-0.8327109824241282,-0.02460460741816713,--,0.947886849164591,-0.24183668183413257,--,-0.8586496440628063,0.20386674717909908,--,0.8034398695337316,0.8322325773801988,--,0.9658602784468185,0.9771126760563382,--,-0.8329694953169091,0.19683685934533704,--,-0.8329694953169091,0.19683685934533704,--,0.8329599128880143,-0.4463978774438894,--,-0.7649466435137234,-0.19683685934533704,--,0.10670175982956659,-0.9261877220981484,--,-0.8329694953169091,0.19683685934533704,--,-0.8329694953169091,0.19683685934533704,--,-0.08907132271670286,0.19683685934533704,--,-0.7351564096945713,0.19542253521126762,--,0.652997208863788,--,--,0.9592855576287812,-0.06338028169014086,--,0.845560214809255,-0.34446450385433985,--,0.9592855576287812,-0.06338028169014086,--
transformed_g2-2-10.csv_predicted_cvis,--,--,--,--,--,--,--,--,--,--,--,--,--,--,--,--,--,--,--,--,--,--,--,--,--,--,--,--,--,--,--,--,--,--,--,--,--,--,--,--,--,--,--,--,--,--,--,--,--,--,--,--,--,--,--,--,--,--,--,--
transformed_g2-8-70_severe_knock-out.csv_predicted_cvis,0.9741805183165404,0.7359618664506072,0.9931911767198365,0.9850452103313877,0.699289498682111,0.9961557290522329,-0.8564649566319524,-0.28143678727371574,-0.8454162551590818,0.9691678724093604,0.6509896550977827,0.9931740183959977,-0.8675526316578978,-0.5789825648594364,-0.9413731569410415,0.9987786514452919,0.6416533097710798,0.9995982330551559,0.989870514240206,0.8844909806826183,0.9963344576110145,-0.8653223356381996,-0.3004587327101087,-0.8523716948911395,-0.8653223356381996,-0.3004587327101087,-0.8523716948911395,0.00563686942520078,-0.5337415489309669,-0.8569692710711968,-0.8655575911153606,-0.3004587327101087,-0.8523716948911395,-0.8653223356381996,-0.47473724790002314,-0.8523716948911395,-0.5884702734565754,-0.3004587327101087,-0.29478366848049814,-0.8653223356381996,-0.3004587327101087,-0.8523716948911395,-0.8586831091055855,-0.33920163383784446,-0.8523716948911395,-0.8653223356381996,-0.30473754150080573,-0.8523716948911395,--,0.9888005487789453,0.9908720369270148,0.9776666803099562,0.7335646551113117,0.9945117474750385,0.6725528038802654,0.33305900389833004,0.7787857323612296,0.9776666803099562,0.7335646551113117,0.9945117474750385
transformed_mnist.csv_predicted_cvis,--,--,--,--,--,--,--,--,--,--,--,--,--,--,--,--,--,--,--,--,--,--,--,--,--,--,--,--,--,--,--,--,--,--,--,--,--,--,--,--,--,--,--,--,--,--,--,--,--,--,--,--,--,--,--,--,--,--,--,--
transformed_g2-8-50_mild_knock-out.csv_predicted_cvis,1.0,1.0,1.0,1.0,1.0,1.0,-0.6635143732252436,-0.7068269409165377,-0.7068269409165377,1.0,1.0,1.0,-0.6653670671332996,-0.7080205161841918,-0.7080205161841918,1.0,1.0,1.0,1.0,1.0,1.0,-0.664006076779549,-0.7073526110225054,-0.7073526110225054,-0.664006076779549,-0.7073526110225054,-0.7073526110225054,0.6227598311823788,0.6272747691685069,0.6272747691685069,-0.664006076779549,-0.7073526110225054,-0.7073526110225054,-0.664006076779549,-0.7073526110225054,-0.7073526110225054,-0.664006076779549,-0.7073526110225054,-0.7073526110225054,-0.664006076779549,-0.7073526110225054,-0.7073526110225054,0.1297037398795148,-0.37988455171344643,-0.37988455171344643,0.05338037546342832,0.4891440694818109,0.4891440694818109,--,0.9999915397746624,0.9999915397746624,1.0,1.0,1.0,0.6236425439005493,0.6040015659033435,0.6040015659033435,1.0,1.0,1.0
transformed_g2-4-30_moderate_knock-out.csv_predicted_cvis,--,--,1.0,--,--,1.0,--,--,-0.5885650897921177,--,--,1.0,--,--,-0.10956752100527518,--,--,1.0,--,--,1.0,--,--,-0.5888850760252109,--,--,-0.5888850760252109,--,--,0.5888850760252109,--,--,-0.5910713965469325,--,--,-0.5884408547590126,--,--,-0.5888850760252109,--,--,-0.5888850760252109,--,--,-0.5888850760252109,--,--,-0.5888851520437272,--,--,--,--,--,1.0,--,--,0.18660966216086744,--,--,1.0
transformed_g2-4-70.csv_predicted_cvis,0.9679147350166589,0.997021735186245,0.9943619859705081,0.994359494254568,0.9991388340948736,0.9958485966916355,0.43153195907069697,0.12297999314183863,0.04177436693760896,0.9653557049046577,0.9988108431472877,0.9844704806333846,0.22548611956987963,-0.2651289528246057,-0.29768647834577733,0.9844414661811011,0.9967018327929819,0.9909999909336051,0.9679929877024981,0.9978452462410123,0.9972447813576769,0.4291301319260608,0.12178667389186958,0.04074047091412378,0.4291301319260608,0.12178667389186958,0.04074047091412378,-0.5628677214870833,-0.19033080805856875,-0.11256534986301112,0.019775201419102276,0.1217854436118672,0.04074047091412378,0.42913610004390446,0.12178646448250746,0.05121095271146982,0.42911557809482814,0.12183188013791452,0.040740417784831714,0.4291293728233527,0.12178662153952906,0.04074047091412378,-0.7529082468493071,-0.48679878808850713,-0.5964247041571719,0.5077015027274477,-0.12729058015613856,-0.2041325424484277,-0.7713441043462642,0.9903653480550509,0.9744831724464196,0.9671461946015161,0.9984081446326991,0.9960670909052316,-0.31399786180701394,0.4391042091221591,0.7077927588589676,0.9671461946015161,0.9984081707672822,0.9960670909052316
transformed_s3_moderate_knock-out.csv_predicted_cvis,--,--,--,--,--,--,--,--,--,--,--,--,--,--,--,--,--,--,--,--,--,--,--,--,--,--,--,--,--,--,--,--,--,--,--,--,--,--,--,--,--,--,--,--,--,--,--,--,--,--,--,--,--,--,--,--,--,--,--,--
transformed_g2-4-10_severe_gaussian-noise.csv_predicted_cvis,0.9999996934084406,0.9999999540112721,0.9999409567082184,0.9999984057236952,0.9999997700563563,0.9999982281801283,0.4879701897399358,0.4339141930610169,0.6614100444255938,0.9999874297441971,0.9999991875324566,0.9999277201714893,-0.7855991152876436,-0.7393379634777538,-0.9943752978980268,0.9999965661740587,0.9999997700563563,0.9999961697423299,0.9999906489560609,0.9999992488507619,0.9999251145540231,-0.5382720991204154,-0.5992785526052032,-0.2769705728761657,-0.785596995819216,-0.7393358722694504,-0.8904815133145638,0.7590129554868548,0.7068986598618905,0.8210292102221989,0.2532532759670375,0.07710050460382101,-0.6605021066485508,-0.7858290917418125,-0.739557314273043,-0.36550233475975386,-0.785596995819216,-0.7393358722694504,-0.8956435581022139,-0.785596995819216,-0.7393358722694504,-0.8945749837772026,0.13850497270858386,0.044041892474847556,0.49395540505185304,-0.7855970060507513,-0.7393358818984855,-0.9492815102186765,-0.9999999999999998,0.9999786151341344,0.9999004253323186,0.9999996934084406,0.9999999540112721,0.9999355370238883,0.7806284248932491,0.7343667374468739,0.9834849162949634,0.9999996934084406,0.9999999540112721,0.9999355370238883
transformed_iris_severe_knock-out.csv_predicted_cvis,0.15990164657628309,-0.0850261356416734,0.9015743402306129,0.8469576065652867,-0.0699237818069596,0.9749487475132743,-0.23916678527361726,-0.24651872884028797,-0.24366874060286836,0.24794354803595184,-0.21855711376349607,0.9861739366871143,-0.5575987092445687,-0.12325936442014399,-0.45174541797160983,0.9037188238074466,0.31745803852817595,0.9753560058973832,0.15222197915924032,-0.1420906562065549,0.924024718578293,-0.5164576337961253,-0.3127135726955505,-0.495551034259766,-0.5260572180674288,-0.3127135726955505,-0.495551034259766,0.7605613481235558,0.3161374439294434,0.8848734490207534,-0.0721340189529373,0.29159970008654434,0.46023275612744013,0.5726837702423312,0.34752293024012826,0.4985626703795767,-0.5197489198320008,-0.03309742192763126,-0.49938402568497964,-0.5260572180674288,-0.3127135726955505,-0.495551034259766,-0.5260572180674288,-0.3127135726955505,-0.495551034259766,-0.4975327390898413,-0.3161374439294434,-0.49609860446336795,0.17152688097501526,-0.2512472403792451,--,0.16566139713906516,-0.1535035603195312,0.9776865985312839,0.660451397865677,0.33382744530455666,0.6962355138798811,0.16566139713906516,-0.1535035603195312,0.9776865985312839
transformed_g2-8-10_mild_knock-out.csv_predicted_cvis,--,--,--,--,--,--,--,--,--,--,--,--,--,--,--,--,--,--,--,--,--,--,--,--,--,--,--,--,--,--,--,--,--,--,--,--,--,--,--,--,--,--,--,--,--,--,--,--,--,--,--,--,--,--,--,--,--,--,--,--
transformed_mnist_mild_knock-out.csv_predicted_cvis,--,--,--,--,--,--,--,--,--,--,--,--,--,--,--,--,--,--,--,--,--,--,--,--,--,--,--,--,--,--,--,--,--,--,--,--,--,--,--,--,--,--,--,--,--,--,--,--,--,--,--,--,--,--,--,--,--,--,--,--
transformed_wine_mild_gaussian-noise.csv_predicted_cvis,--,0.46374604935596647,--,--,0.4848953302138256,--,--,-0.20803201716548744,--,--,-0.023336869080459507,--,--,-0.026580800714536636,--,--,0.1312248251074242,--,--,0.5000843591935608,--,--,0.11367738461099301,--,--,0.11367738461099301,--,--,0.17472189981435926,--,--,-0.2216348500808832,--,--,-0.11511938103311979,--,--,0.11367738461099301,--,--,0.11367738461099301,--,--,0.14261344614833668,--,--,0.10641933595295498,--,--,0.18700830073971605,--,--,0.6479851255563623,--,--,-0.29709932950551704,--,--,0.6479851255563623,--
transformed_seeds.csv_predicted_cvis,0.8680517824956179,0.3142857142857143,0.6959198553961966,0.8261174511269801,0.6,0.7551115677861046,0.28258400223348495,-0.2,-0.43033598796253075,0.43026792628912247,-0.753702346348183,0.6962923379791047,0.0011679323060230632,0.8857142857142858,-0.41395256756889554,0.740441274106574,-0.14285714285714288,0.7206757877397201,0.7450851954186181,0.8857142857142858,0.9300442177955646,0.25727880226965194,1.0,-0.4771497341806769,0.25727880226965194,1.0,-0.4713918937367339,-0.1423208938625247,-0.14285714285714288,0.44671940835616597,0.3211813841563424,-0.4285714285714286,-0.7102171017159393,0.25727880226965194,-0.14285714285714288,0.17523862220696423,0.25727880226965194,1.0,-0.4713918937367339,0.25727880226965194,1.0,-0.4713918937367339,0.25711195479736293,1.0,0.16717208245458015,0.25928097193712,1.0,-0.4713918937367339,-0.52261646190971,-1.0,0.2955283449566196,0.5470372458115642,0.2571428571428572,0.8364723566679093,0.1666250089926237,-0.7714285714285715,0.20850614477196885,0.5470372458115642,0.2571428571428572,0.8364723566679093
transformed_g2-2-70_moderate_gaussian-noise.csv_predicted_cvis,0.9520001681727196,0.999582438648696,0.999794285916276,0.9950975623151632,0.9998916796821946,0.9988528329077931,-0.6739473254037711,-0.9084120631953317,-0.9051498779237526,0.9362035026418893,0.999569987737812,0.9993814380687637,-0.07718438581565541,-0.08848791230139365,-0.43216141007433156,0.9946368777904688,0.9992903111056798,0.9941650778203736,0.9501344297100778,0.9996276578564245,0.9994203016912343,-0.6747211314529833,-0.908787725865052,-0.9062411327189771,-0.8004067229111079,-0.9390873087695031,-0.907704769682353,-0.3785124633049365,-0.47979072500329195,-0.17440582402480212,-0.6897781932350263,-0.8946120473555199,-0.8994056693864413,-0.6747846623700744,-0.8907780844728788,-0.9061965645957464,-0.7026112561518936,-0.8597654145315213,-0.846135821966857,-0.846372734991194,-0.9416750364025191,-0.8912922131666637,-0.6674561796312712,-0.9025407645955797,-0.21903995288049616,-0.6779794938760482,-0.9093191549170303,-0.811701619955667,0.013616080151883226,0.9327690461181462,-0.7930312899630898,0.9434289770843574,0.9996086428669996,0.9994086582332957,0.07267858771423963,-0.025437249324226047,0.16855927290644257,0.9434289770843574,0.9996086428669996,0.9994086582332957
transformed_g2-8-30.csv_predicted_cvis,--,--,--,--,--,--,--,--,--,--,--,--,--,--,--,--,--,--,--,--,--,--,--,--,--,--,--,--,--,--,--,--,--,--,--,--,--,--,--,--,--,--,--,--,--,--,--,--,--,--,--,--,--,--,--,--,--,--,--,--
transformed_s1_moderate_gaussian-noise.csv_predicted_cvis,--,--,--,--,--,--,--,--,--,--,--,--,--,--,--,--,--,--,--,--,--,--,--,--,--,--,--,--,--,--,--,--,--,--,--,--,--,--,--,--,--,--,--,--,--,--,--,--,--,--,--,--,--,--,--,--,--,--,--,--
transformed_g2-2-30_moderate_knock-out.csv_predicted_cvis,0.9859676797632246,0.9996266298373053,0.9996500753963753,0.9999585874779547,0.9999698464411761,0.9999565606397574,-0.7348071111692275,-0.20427901411035704,-0.22055742735775793,0.9698227984413478,0.9992933775864503,0.9994371443317732,-0.373648938780842,-0.44959905144306733,-0.5602830513188284,0.9998263545669773,0.9997031534634054,0.9997627442172532,0.9962413806769179,0.9999596215821992,0.9999596215817498,-0.7451524326934993,-0.21188544695867254,-0.2259349001312378,-0.7451524326934993,-0.2118525108191657,-0.2259004079558904,0.7454025777402996,0.21188544695867254,0.22593710451838409,-0.6398602554344358,0.30043568439109936,0.47236969303390963,-0.8568799060722311,-0.21188752167612177,-0.22574188658610753,-0.7451524326934993,-0.21063497585105695,-0.22462257659513377,-0.7451524326934993,-0.21186074485404238,-0.22590903099972723,-0.5333794024132807,-0.7811758557378984,-0.7023769390782066,-0.7387505628060839,-0.26656430115907404,-0.2731091740707924,0.9983462460973622,0.9974764259787291,--,0.9849778909700491,0.9996814012156461,0.9997422944836254,0.3528044052533248,0.49927459484476017,0.5737191151498902,0.9849778909700491,0.9996814012156461,0.9997422619288839
transformed_s3_moderate_gaussian-noise.csv_predicted_cvis,--,--,--,--,--,--,--,--,--,--,--,--,--,--,--,--,--,--,--,--,--,--,--,--,--,--,--,--,--,--,--,--,--,--,--,--,--,--,--,--,--,--,--,--,--,--,--,--,--,--,--,--,--,--,--,--,--,--,--,--
transformed_g2-8-10_moderate_knock-out.csv_predicted_cvis,--,--,--,--,--,--,--,--,--,--,--,--,--,--,--,--,--,--,--,--,--,--,--,--,--,--,--,--,--,--,--,--,--,--,--,--,--,--,--,--,--,--,--,--,--,--,--,--,--,--,--,--,--,--,--,--,--,--,--,--
transformed_g2-8-10_severe_gaussian-noise.csv_predicted_cvis,--,--,--,--,--,--,--,--,--,--,--,--,--,--,--,--,--,--,--,--,--,--,--,--,--,--,--,--,--,--,--,--,--,--,--,--,--,--,--,--,--,--,--,--,--,--,--,--,--,--,--,--,--,--,--,--,--,--,--,--
transformed_u1_severe_knock-out.csv_predicted_cvis,--,--,--,--,--,--,--,--,--,--,--,--,--,--,--,--,--,--,--,--,--,--,--,--,--,--,--,--,--,--,--,--,--,--,--,--,--,--,--,--,--,--,--,--,--,--,--,--,--,--,--,--,--,--,--,--,--,--,--,--
transformed_g2-4-70_severe_knock-out.csv_predicted_cvis,0.677677191296418,0.581984143519154,--,0.6577034037933668,0.6093439373014753,--,0.274510963755343,-0.12505633391461474,--,0.6501474198759261,0.6007029864049848,--,-0.3822071954803903,-0.780244274571322,--,0.8820800868070734,0.8158093919654896,--,0.8352106922481676,0.554020986448167,--,0.27515538654139626,-0.12242706449374374,--,0.27515538654139626,-0.12242706449374374,--,-0.16129832512176717,-0.48455363308519434,--,0.27515538654139626,-0.12242706449374374,--,0.27515538654139626,-0.12242706449374374,--,0.27515538654139626,-0.12242706449374374,--,0.27515538654139626,-0.12242706449374374,--,0.2734369257785876,-0.12250448654886117,--,0.27515538654139626,-0.12242706449374374,--,-0.5504730975321793,0.5127117644599049,--,0.6985327445818333,0.621168872005818,--,0.11645118144302773,0.5736859280617834,--,0.6985328163064424,0.621168872005818,--
transformed_s2_severe_gaussian-noise.csv_predicted_cvis,1.0,--,0.7463768115942028,1.0,--,0.7463768115942028,0.7978634243562575,--,0.7759235548215613,-0.3569607807317661,--,-0.12585793731694053,-0.7680367542868648,--,-0.8043978137140955,0.9814798787003114,--,0.5993389367672683,1.0,--,1.0,-0.08202334269083021,--,-0.2527090476712424,-0.7531234192521683,--,-0.3844024950492138,0.5294233937317223,--,0.15660842390893895,0.7531234192521683,--,0.3844024950492138,0.7531234192521683,--,0.07830421195446947,-0.7531234192521683,--,-0.3844024950492138,-0.7531234192521683,--,-0.3844024950492138,-0.7531234192521683,--,0.3844024950492138,-0.9266055045871561,--,-0.391304347826087,-0.13938419805740454,--,0.625234359468127,1.0,--,0.8623188405797101,0.17150335289900862,--,0.23135335350184164,1.0,--,0.8623188405797101
transformed_g2-4-10_severe_knock-out.csv_predicted_cvis,--,--,--,--,--,--,--,--,--,--,--,--,--,--,--,--,--,--,--,--,--,--,--,--,--,--,--,--,--,--,--,--,--,--,--,--,--,--,--,--,--,--,--,--,--,--,--,--,--,--,--,--,--,--,--,--,--,--,--,--
transformed_u1_moderate_gaussian-noise.csv_predicted_cvis,--,--,--,--,--,--,--,--,--,--,--,--,--,--,--,--,--,--,--,--,--,--,--,--,--,--,--,--,--,--,--,--,--,--,--,--,--,--,--,--,--,--,--,--,--,--,--,--,--,--,--,--,--,--,--,--,--,--,--,--
transformed_g2-2-70.csv_predicted_cvis,--,--,--,--,--,--,--,--,--,--,--,--,--,--,--,--,--,--,--,--,--,--,--,--,--,--,--,--,--,--,--,--,--,--,--,--,--,--,--,--,--,--,--,--,--,--,--,--,--,--,--,--,--,--,--,--,--,--,--,--
transformed_g2-8-90.csv_predicted_cvis,0.9804149488192312,0.6528489771336888,0.996860728942341,0.9891992356105054,0.9112321756808778,0.9991069432541655,-0.6689646675492379,0.5843777272145991,-0.8936746822271424,0.9791431844675828,0.7182262529554863,0.9962951507099999,-0.658929101699397,0.48234272415004614,-0.8510563050911685,0.9870422204210979,-0.06959950384425678,0.9972010469932672,0.9918297007023977,0.5070314860296403,0.9973355015132485,-0.6717385641848217,0.529537823724644,-0.8941168744946263,-0.671713349784273,0.529537823724644,-0.8941168744946263,0.6430119382983956,0.529537823724644,0.5984234313670631,-0.6717385641848217,0.529537823724644,-0.8941168744946263,-0.6343253428779166,0.529537823724644,-0.4746159834314571,-0.671691365327596,0.5301547611269777,-0.8941204082634129,-0.6717278845316967,0.529537823724644,-0.8941168744946263,0.6236241481111082,0.529537823724644,0.7266864120450772,-0.26314227694743797,-0.17365245022436446,-0.8903585412457619,0.9778804848804237,--,0.9943456798809684,0.980742397403218,0.5161835539654425,0.9968812642072709,0.6898184875833113,0.6356548970674238,0.7067998533503719,0.980742397403218,0.5161835539654425,0.9968812642072709
transformed_g2-4-90.csv_predicted_cvis,0.9893138158513045,--,0.9987417886720137,0.9969563157027787,--,0.9986938081990447,0.4265967448230686,--,0.1826001978310478,0.9802156004959393,--,0.9969412775791794,-0.8741848070283352,--,-0.7230451886774912,0.9934892507065212,--,0.9954653479728777,0.9836737657156819,--,0.9982351797937595,0.4242798461236081,--,0.18169768001599135,0.1744492297314991,--,0.17807779280458813,0.18266063094734467,--,0.5053450864503649,0.4242798461236081,--,0.1846463393979479,0.42892298828358905,--,0.18169768001599135,0.07066489990541824,--,0.1763235383618997,0.1349209689749311,--,0.18128954585396923,0.03704907208911807,--,0.10996124296271664,-0.8313541024779886,--,-0.8062338567056541,0.9799762063755101,--,0.9840924102064167,0.9818736026848512,--,0.9977050911095843,0.7762245929889745,--,0.6136067040106791,0.9818736026848512,--,0.9977050911095843
transformed_g2-8-70_moderate_gaussian-noise.csv_predicted_cvis,0.9966584181099009,0.8381315893549237,0.996744872591248,0.9997796716385026,0.9366639075764572,0.9999154329671796,-0.6117599894379698,-0.2880316907039067,-0.8821660191523482,0.9963952979926598,0.7667562965155524,0.9963549419666975,-0.6111329312449193,-0.4542555747416987,-0.867464237734953,0.9990553521977266,0.9271814174758716,0.9997121959255466,0.9985314437620714,0.9042967909335716,0.9962462240876134,-0.6140737823301121,-0.373417641360492,-0.882653602020772,-0.6140313462951955,-0.37934884457710727,-0.8827235209404092,0.26580186897752167,0.657814512896925,0.5894965450155218,-0.6136664589157738,0.22957273737949904,-0.8838525916613165,-0.6891696473632504,0.6449991066925777,-0.8806519515188781,-0.61386936516253,-0.41685745791049733,-0.8829856908387806,-0.6140285068060574,-0.3731534864739536,-0.882725631012127,0.3077942662793287,0.627497836091309,0.6285654085799665,-0.6966031694231307,-0.4390205243636559,-0.8960115022063327,-0.2868216075953769,0.21569975920981546,0.9979366099212953,0.9976528657885629,0.8288757556185653,0.9963014818449912,0.5118171877273173,0.28269925766546516,0.7468081226375513,0.9976528657885629,0.8288757556185653,0.9963014818449912
transformed_g2-2-30_mild_knock-out.csv_predicted_cvis,0.9862389701984539,0.9999907848325656,0.9016662359871843,0.9999764537132149,0.9999883846024522,0.9995033678024652,-0.7341066014058439,-0.21223392157829082,0.14467275877213492,0.9857088636042315,0.9999350509149839,0.8922030934959814,-0.739669218434958,-0.2422574792095231,-0.21932891878199337,0.9999323688732434,0.9999714686949857,0.9986442999099455,0.985539399073192,0.999861743881791,0.8978953644590072,-0.735487496935814,-0.21354022655451355,0.13802704632053206,-0.735487496935814,-0.21354022655451355,0.13802704632053206,0.735487496935814,0.21354022655451355,-0.13802704632053206,-0.735487496935814,-0.2131120861230202,0.14573138915613806,-0.7355427441540665,-0.35740036311056445,0.13802704632053206,-0.735487496935814,-0.21354022655451355,0.13802704632053206,-0.735487496935814,-0.21354022655451355,0.13802704632053206,-0.7379755592563247,-0.21606709459136653,0.13802704632053206,-0.735487496935814,-0.21354022655451355,0.042329569319483194,0.9990290669224153,0.9987396092950706,0.990930302366742,0.9856187460561162,0.9999936279619311,0.895415631791426,0.6496504723372523,0.3965024614447749,0.4301995936613183,0.9856187460561162,0.9999936279619311,0.8954156444826659
transformed_g2-4-90_moderate_knock-out.csv_predicted_cvis,0.9874162374587849,--,0.9704155643054243,0.9979372278354021,--,0.9955850855142541,0.2731612432242436,--,0.28188271347124527,0.9932049476959406,--,0.9906679382404829,-0.9272611960758103,--,-0.8890870075409588,0.9899155366469577,--,0.9877085364624253,0.9837821489049641,--,0.9614738125247392,0.26619191549390697,--,0.27902277091052047,0.04235918344317785,--,0.27345547113772584,-0.17595275667646643,--,0.2008254260866436,0.2666827214032515,--,0.28440914989977883,0.26275104592246434,--,0.17174145808838326,-0.16101719205353282,--,0.25724489147837815,-0.10085570889304608,--,0.24511790625784372,0.01157983090031073,--,-0.2825084166733863,-0.8277561337875341,--,-0.8304301023199714,0.9600138188320531,--,-0.1905129355378211,0.9907459899760306,--,0.9819431581586686,0.646684355781776,--,0.6234761273229162,0.9907459899760306,--,0.9819431581586686
transformed_mnist_moderate_knock-out.csv_predicted_cvis,--,--,--,--,--,--,--,--,--,--,--,--,--,--,--,--,--,--,--,--,--,--,--,--,--,--,--,--,--,--,--,--,--,--,--,--,--,--,--,--,--,--,--,--,--,--,--,--,--,--,--,--,--,--,--,--,--,--,--,--
transformed_fashion-mnist.csv_predicted_cvis,--,--,--,--,--,--,--,--,--,--,--,--,--,--,--,--,--,--,--,--,--,--,--,--,--,--,--,--,--,--,--,--,--,--,--,--,--,--,--,--,--,--,--,--,--,--,--,--,--,--,--,--,--,--,--,--,--,--,--,--
transformed_human-activity-recognition_moderate_gaussian-noise.csv_predicted_cvis,--,--,-0.028571428571428574,--,--,-0.028571428571428574,--,--,-0.08571428571428573,--,--,0.0,--,--,-0.14285714285714288,--,--,-0.08827348295047496,--,--,1.0,--,--,-0.4285714285714286,--,--,0.14285714285714288,--,--,-0.14285714285714288,--,--,-0.8285714285714287,--,--,-0.6571428571428573,--,--,0.14285714285714288,--,--,0.14285714285714288,--,--,0.14285714285714288,--,--,0.14285714285714288,--,--,--,--,--,0.8857142857142858,--,--,-0.08571428571428573,--,--,0.8857142857142858
transformed_g2-8-90_moderate_knock-out.csv_predicted_cvis,0.9926609815776666,-0.3136851585572996,0.9955286629718904,0.998385795494761,-0.07974974456551372,0.9990880341808869,-0.7805656744329462,-0.2010129505119097,-0.912929600923541,0.9883648700232179,-0.5505230742430607,0.9953896315894589,-0.8959485272478621,-0.04686857162773901,-0.7361730431971225,0.9938013616699741,0.46353656226157663,0.9947355257261535,0.9717944066864086,-0.28414472494306764,0.9863611763061005,-0.7879833076710303,-0.15227066538648346,-0.913764945109354,-0.7880740578523076,-0.15227066538648346,-0.913764945109354,0.7877327442259959,-0.15227066538648346,0.9136104238621869,-0.7880740578523076,-0.15227066538648346,-0.913764945109354,0.29350635336087316,-0.15227066538648346,-0.7556971319572837,-0.7880740578523076,-0.1335523966292487,-0.913764945109354,-0.7880741869421815,-0.15227066538648346,-0.913764945109354,0.7949418327729657,-0.15227066538648346,0.8564564096134505,-0.5325686651794533,0.06544724690897137,-0.913764945109354,0.9904729835546284,--,0.9934439728598441,0.9804340389680832,-0.30874162978621994,0.9912947894665113,0.8659468787692436,-0.38167272539115166,0.7766291455146275,0.9804340389680832,-0.30874162978621994,0.9912948214582449
transformed_g2-2-50_mild_gaussian-noise.csv_predicted_cvis,0.9938807592683546,--,0.9948453277291491,0.9974828392835254,--,0.9985178648540665,-0.7003590384358679,--,-0.7877835530333905,0.9910189983068333,--,0.9908906924918365,-0.21225639654644524,--,-0.2859976155030544,0.9936761273029554,--,0.9957018067719631,0.9882867343483106,--,0.9881365501265534,-0.701011953987992,--,-0.7884831198487102,-0.2775476131367253,--,-0.5436733113365901,-0.5362313170466358,--,-0.4166275547514672,-0.7010137773378942,--,-0.7884831719443884,-0.7036179117160798,--,-0.7882644482392748,-0.28475758146359365,--,-0.5649834652883349,-0.30708528245177247,--,-0.6119754862231518,-0.7538084048948513,--,-0.871003924485849,-0.5845090380344266,--,-0.6435897225185899,0.9877757954603855,--,-0.8349393335277696,0.9899831792077941,--,0.9894726220082799,0.35072526086759187,--,0.49713342879326594,0.9899831792077941,--,0.9894726220082799
transformed_seeds_moderate_gaussian-noise.csv_predicted_cvis,0.8908961515178276,0.5550735322812356,0.8440431088512179,0.8783575093894055,0.5452286121892828,0.8220508276780651,0.8949693637416126,0.45429542553350294,0.82091283960292,0.7954401585591292,0.8406291446257826,0.7673480055542302,0.13891240648907852,0.4515430822819892,-0.25218345041994344,0.8785426578473523,0.5332840828833807,0.8309407666882762,0.8467785022368334,0.8320016071258456,0.7847089399099321,0.8928534093396464,0.4546659332788989,0.8157521960063319,0.8928534093396464,0.4546659332788989,-0.7670304274867478,-0.891874780428737,-0.37405403381629554,-0.7914839386828888,0.8924302184592532,0.40438273926086005,0.8069129397947398,0.8636267891624889,0.44791739934489894,0.06425662898726232,0.888806646545886,0.4433389822053617,0.7741230043271871,0.8915309378384175,0.4546659332788989,-0.7658659745726459,0.8801312334978248,-0.08344363723098767,0.8574343173633904,0.4181919381185872,0.015561325306635192,0.16911032093435183,-0.8582109666305929,0.41469912939584197,-0.38652736925766307,0.8219953863038045,0.8421641052852806,0.7315146136066383,0.8100666933627203,-0.5053196350423339,0.29090150981383334,0.8219953863038045,0.8421641052852806,0.7315146136066383
